1.433331871032715021e+01 2.619997253417968750e+02 6.000000000000000000e+00 3.364921999999999792e-03 8.025527999999999627e-08 8.269995000000000118e+01 3.017665000000000042e+00 8.439947510000000364e+01 1.718341827392578125e+01 1.423655923906496027e+05 1.350000000000000000e+02 2.131974400315328921e+02 1.920866088867188068e+02 
6.666659832000732422e+00 2.689997253417968750e+02 6.000000000000000000e+00 9.260994999999999582e-06 -1.332116000000000035e-08 5.250014000000000181e+01 1.432385999999999981e+01 6.937624359999999513e+01 1.018235244750976989e+02 6.821609155962301884e+03 1.040362434679264965e+02 2.244803131103516023e+02 2.141732177734375000e+02 
1.299998664855957031e+01 2.623330688476561932e+02 7.000000000000000000e+00 3.972372999999999753e-06 2.042271000000000133e-09 9.175663000000000125e+01 1.250583999999999918e+01 7.259734339999999975e+01 2.410813140869140980e+01 1.592814496415418980e+05 1.800000000000000000e+02 2.097075367134158057e+02 1.900787353515625000e+02 
2.799997138977051137e+01 2.986663513183593750e+02 7.000000000000000000e+00 8.098960000000000534e-04 7.473954000000000514e-08 6.143437999999999732e+01 3.527803000000000022e+00 7.513505550000000710e+01 2.510184288024901988e+01 1.419251675642310001e+05 -1.534349488229219958e+02 2.162726306100176998e+02 2.041338653564453125e+02 
1.899998092651366832e+01 2.806663818359375000e+02 8.000000000000000000e+00 3.075286999999999899e-03 9.682768999999999901e-08 8.364733999999999980e+01 6.794050999999999618e+00 8.736718750000000000e+01 0.000000000000000000e+00 7.532892901498090941e+04 0.000000000000000000e+00 2.198968245407631059e+02 2.048031463623046875e+02 
1.066665554046631037e+01 2.613330688476561932e+02 8.000000000000000000e+00 3.153583999999999993e-05 1.737004999999999876e-08 6.314943000000000239e+01 1.131301000000000023e+01 6.958187100000000669e+01 2.720852088928223012e+01 9.179002310635751928e+04 1.534349488229219958e+02 2.168405512641458017e+02 1.974409484863280966e+02 
2.033331298828125000e+01 2.889996948242188068e+02 8.000000000000000000e+00 5.009473999999999871e-04 1.215044999999999880e-07 6.349215999999999838e+01 1.428475000000000072e+01 7.175820160000000669e+01 6.274217987060546875e+01 3.182065789381284849e+05 1.581985905136482131e+02 2.171891044585811130e+02 2.001181030273438068e+02 
1.333331966400145951e+01 2.656663818359375000e+02 9.000000000000000000e+00 1.826719999999999993e-03 -9.490365000000000159e-08 6.974475999999999942e+01 4.381283999999999956e+00 8.023012540000000570e+01 3.606565856933593750e+01 2.873211964057317819e+05 1.800000000000000000e+02 2.109139361714208007e+02 1.894094543457030966e+02 
1.266665363311767933e+01 3.023330078125000000e+02 9.000000000000000000e+00 2.142134999999999873e-03 1.119730000000000061e-07 8.545341999999999416e+01 8.748013000000000261e+00 7.586376190000000008e+01 6.129167175292968750e+01 2.278756152380288040e+04 -1.268698976458440058e+02 2.259842538272633021e+02 2.161810913085938068e+02 
1.166665458679199041e+01 2.633330688476561932e+02 9.000000000000000000e+00 2.480820000000000009e-04 2.384211000000000133e-08 8.122092000000000667e+01 5.079133999999999816e+00 7.291951749999999777e+01 2.417053031921387074e+01 1.411833442461710074e+05 1.800000000000000000e+02 2.113367090134393891e+02 1.860629882812500000e+02 
1.433331871032715021e+01 3.389996337890625000e+02 9.000000000000000000e+00 1.362771999999999942e-03 1.634299000000000095e-07 8.221914999999999907e+01 1.515371999999999986e+01 6.828183749999999463e+01 5.388047027587891336e+01 1.451341072515315900e+05 1.534349488229219958e+02 2.207801782450544863e+02 2.034645690917969034e+02 
1.199998760223389027e+01 2.653330688476561932e+02 6.000000000000000000e+00 2.850444999999999845e-04 4.697259000000000147e-08 7.575409000000000503e+01 1.162050999999999945e+01 7.418018340000000421e+01 2.414023399353026988e+01 1.558102273472663946e+05 1.800000000000000000e+02 2.155810481104356882e+02 1.961023559570311932e+02 
2.499997329711914062e+01 2.746663818359375000e+02 6.000000000000000000e+00 3.804971000000000335e-05 1.416221000000000046e-08 6.137339000000000055e+01 8.360528999999999655e+00 7.642398830000000487e+01 3.359202194213867188e+01 1.369243679151188917e+04 1.800000000000000000e+02 2.278024347478693130e+02 2.228740234375000000e+02 
1.166665458679199041e+01 2.653330688476561932e+02 7.000000000000000000e+00 7.849536000000000057e-04 -7.172909000000000216e-08 7.701465000000000316e+01 5.578002999999999822e+00 6.651754760000000033e+01 2.720940971374512074e+01 4.169837107818410732e+05 -1.534349488229219958e+02 2.121675135950887920e+02 1.907480316162109091e+02 
2.433330726623535156e+01 2.669997253417968750e+02 8.000000000000000000e+00 1.754133999999999967e-04 1.935690000000000044e-08 5.774911999999999779e+01 2.377921000000000173e+00 8.889775849999999480e+01 2.251438903808594105e+01 5.010294711601001836e+03 0.000000000000000000e+00 2.258858299255371094e+02 2.201968536376953125e+02 
2.933330345153808949e+01 2.759997253417968750e+02 8.000000000000000000e+00 4.537995999999999870e-03 1.108826000000000059e-07 9.192383999999999844e+01 8.156482999999999706e+00 8.909445189999999570e+01 1.077023887634276988e+01 4.195176216354434291e+04 0.000000000000000000e+00 2.127007904052734091e+02 1.994488220214844034e+02 
1.166665458679199041e+01 3.256663208007811932e+02 8.000000000000000000e+00 6.689950999999999537e-04 6.455996000000000419e-08 8.281933999999999685e+01 7.996139999999999581e+00 6.805841829999999959e+01 6.293844223022460938e+01 8.200255307155236369e+04 7.869006752597978505e+01 2.207893386590675959e+02 2.021259918212890909e+02 
1.099998855590819957e+01 3.083330078125000000e+02 9.000000000000000000e+00 9.754304999999999573e-04 1.505531999999999958e-07 5.593334999999999724e+01 9.063176999999999595e+00 7.775849909999999454e+01 3.460639572143554688e+01 1.455898454798634048e+05 1.350000000000000000e+02 2.194903780619303006e+02 1.981102294921875000e+02 
2.166664314270019887e+01 3.109996643066406250e+02 9.000000000000000000e+00 3.377365000000000147e-06 -6.905895000000000377e-09 5.732135000000000247e+01 1.951246000000000080e+01 7.172512050000000272e+01 3.663195419311522727e+01 1.188049191743650008e+05 1.615650511770780042e+02 2.149648639309791065e+02 1.994488220214844034e+02 
1.333331966400145951e+01 2.663330688476561932e+02 9.000000000000000000e+00 6.748019999999999539e-04 -1.133565000000000000e-07 8.050856000000000279e+01 1.995169999999999888e+01 7.441764070000000686e+01 2.470998001098633168e+01 1.095456076059914049e+05 -9.000000000000000000e+01 2.146629553073790078e+02 1.961023559570311932e+02 
8.999990463256835938e+00 2.669997253417968750e+02 1.000000000000000000e+01 3.616681999999999970e-03 1.914640999999999919e-07 9.035138999999999498e+01 1.055633000000000088e+01 6.947417450000000372e+01 1.220314407348632990e+01 8.549221080196491675e+04 1.800000000000000000e+02 2.137164115300253968e+02 1.914173278808594034e+02 
1.066665554046631037e+01 2.609997253417968750e+02 7.000000000000000000e+00 5.569468999999999852e-04 5.953333000000000043e-08 8.681976000000000226e+01 1.000177000000000049e+01 6.824217989999999645e+01 3.898735046386718750e+01 7.093731269846884534e+05 7.156505117707799002e+01 2.112695734872563946e+02 1.847244110107421875e+02 
1.033332252502441051e+01 2.689997253417968750e+02 8.000000000000000000e+00 1.659223000000000089e-04 4.474498999999999812e-08 8.419536999999999694e+01 2.122154000000000096e+01 7.294776919999999620e+01 1.235497474670409979e+01 5.780151006755882408e+05 -9.000000000000000000e+01 2.149113267559870906e+02 1.887401580810546875e+02 
2.599997329711914062e+01 2.686663818359375000e+02 8.000000000000000000e+00 2.293801000000000097e-04 6.068038999999999667e-08 8.162474000000000274e+01 2.908230000000000004e+01 8.360405729999999380e+01 2.709095573425292969e+01 4.203011405259551975e+04 1.165650511770780042e+02 2.230905514885396883e+02 2.114960632324219034e+02 
1.533331775665283025e+01 3.296663208007811932e+02 8.000000000000000000e+00 7.788526000000000043e-04 5.746439999999999938e-08 9.740751000000000204e+01 1.112357000000000085e+01 7.179698179999999752e+01 1.715797805786133168e+01 1.590144796791103145e+05 1.350000000000000000e+02 2.148425206502278968e+02 1.934252014160155966e+02 
1.533331775665283025e+01 3.296663208007811932e+02 9.000000000000000000e+00 3.936006000000000140e-04 5.420697999999999720e-08 8.471358999999999639e+01 1.077703999999999951e+01 6.696199799999999414e+01 2.382993316650390980e+01 2.383525896294125050e+04 1.800000000000000000e+02 2.158092761569552920e+02 2.007873992919921875e+02 
1.233332061767577947e+01 2.986663513183593750e+02 9.000000000000000000e+00 2.688244999999999806e-04 1.084468999999999995e-07 4.660486999999999824e+01 9.993672999999999362e+00 7.386626429999999743e+01 2.750697135925292969e+01 2.416039513041845930e+04 -6.343494882292200998e+01 2.167388449774848027e+02 2.048031463623046875e+02 
1.399998569488525035e+01 3.033330078125000000e+02 9.000000000000000000e+00 7.146725999999999513e-04 1.469900999999999869e-07 7.795995000000000630e+01 2.430088999999999899e+01 7.529943849999999372e+01 7.292891693115234375e+01 1.706279626962392067e+05 9.462322208025616632e+00 2.153288022279739096e+02 1.954330749511719034e+02 
1.666664886474609020e+01 2.786663818359375000e+02 1.000000000000000000e+01 1.172957000000000079e-03 3.827200000000000019e-08 8.791167000000000087e+01 4.441682000000000130e+00 8.671353910000000553e+01 1.708795738220214844e+01 3.327629833590819035e+05 4.500000000000000000e+01 2.146388231360394059e+02 1.887401580810546875e+02 
8.999990463256835938e+00 2.606663818359375000e+02 7.000000000000000000e+00 1.546512000000000104e-03 1.489846000000000118e-07 8.283597000000000321e+01 1.273578999999999972e+01 6.921543119999999760e+01 5.089836120605468750e+01 3.663414137532518362e+04 1.040362434679264965e+02 2.235433095296224053e+02 2.088188934326171875e+02 
2.833330345153808949e+01 2.693330383300781250e+02 8.000000000000000000e+00 2.339014000000000100e-05 9.365039000000000669e-09 7.945667000000000257e+01 1.544613000000000014e+01 7.672583769999999959e+01 1.090815162658691051e+01 2.300685784011610085e+05 1.800000000000000000e+02 2.151595529656661085e+02 1.934252014160155966e+02 
1.299998664855957031e+01 3.383329772949218750e+02 8.000000000000000000e+00 1.965029000000000081e-03 1.548443000000000097e-07 9.770826999999999884e+01 1.276335000000000086e+01 6.239305499999999682e+01 8.638583374023437500e+01 1.043487874452539982e+05 -1.350000000000000000e+02 2.162840718978490884e+02 2.007873992919921875e+02 
1.066665554046631037e+01 3.009996948242188068e+02 8.000000000000000000e+00 1.433538000000000043e-03 8.394292999999999687e-08 9.159826999999999941e+01 1.291361999999999988e+01 8.173116299999999512e+01 3.844355010986328125e+01 3.211517599320918089e+05 1.615650511770780042e+02 2.124634435317096006e+02 1.894094543457030966e+02 
1.499998474121093928e+01 3.183330078125000000e+02 8.000000000000000000e+00 6.329960000000000361e-04 9.237434000000000632e-08 9.031389000000000067e+01 1.639992000000000161e+01 6.613121800000000405e+01 4.773698806762695312e+01 1.287026854148621060e+05 1.800000000000000000e+02 2.108336724350133125e+02 1.967716522216796875e+02 
1.233332061767577947e+01 2.613330688476561932e+02 8.000000000000000000e+00 1.205796000000000000e-04 4.695316999999999824e-08 9.867495999999999867e+01 2.069359999999999999e+01 5.401136019999999860e+01 3.819241333007811789e+01 1.080963889152161079e+06 1.615650511770780042e+02 2.143426277785384002e+02 1.940944824218750000e+02 
2.199997711181640980e+01 2.689997253417968750e+02 9.000000000000000000e+00 5.125331999999999805e-03 2.068250999999999930e-07 8.318878999999999735e+01 6.088360999999999912e+00 6.925484470000000670e+01 4.353080368041992188e+01 2.012711671478167118e+05 5.630993247402020785e+01 2.171003202607359981e+02 1.900787353515625000e+02 
1.266665363311767933e+01 3.066663513183593750e+02 9.000000000000000000e+00 2.064845000000000048e-03 9.638882999999999584e-08 8.424151999999999418e+01 8.804240999999999318e+00 8.209716029999999876e+01 3.456502532958983664e+01 1.514591285161334963e+05 -1.350000000000000000e+02 2.175493010124274065e+02 1.974409484863280966e+02 
1.399998569488525035e+01 3.289996643066406250e+02 9.000000000000000000e+00 5.285530999999999997e-04 8.836591000000000303e-08 7.780568999999999846e+01 1.395356999999999914e+01 6.926663209999999538e+01 1.198825454711914062e+01 1.265723826212011045e+05 1.800000000000000000e+02 2.133137186150802052e+02 1.974409484863280966e+02 
1.166665458679199041e+01 2.639997253417968750e+02 9.000000000000000000e+00 2.183552999999999970e-03 1.187872000000000011e-07 9.358141999999999427e+01 1.067783000000000015e+01 7.225781250000000000e+01 3.630000686645507812e+01 2.958685775806375896e+05 1.800000000000000000e+02 2.198652484547008044e+02 1.927559051513671875e+02 
8.333324432373046875e+00 3.159996643066406250e+02 9.000000000000000000e+00 7.847365999999999717e-03 1.776410999999999879e-07 8.013795000000000357e+01 4.272753999999999941e+00 8.254763029999999446e+01 1.738438987731933949e+01 9.243173438848661317e+04 -1.350000000000000000e+02 2.197244110107421875e+02 2.001181030273438068e+02 
9.999989509582519531e+00 3.206663208007811932e+02 1.000000000000000000e+01 3.206768999999999939e-03 2.107886000000000006e-07 7.986002999999999474e+01 1.252974000000000032e+01 7.650239559999999983e+01 2.732434463500976918e+01 5.449338970692849252e+05 -1.534349488229219958e+02 2.162674636272874977e+02 1.920866088867188068e+02 
1.333331966400145951e+01 3.223330078125000000e+02 7.000000000000000000e+00 4.718812999999999979e-04 7.522797000000000073e-08 8.923256999999999550e+01 7.902041999999999788e+00 5.190800089999999756e+01 6.124343872070311789e+01 9.216938300044556672e+04 1.686900675259797993e+02 2.208273437057715967e+02 2.061417388916015909e+02 
1.399998569488525035e+01 2.616663818359375000e+02 7.000000000000000000e+00 2.340942999999999843e-03 1.341850999999999989e-07 9.443769000000000347e+01 1.543027999999999977e+01 7.914708709999999314e+01 1.235500621795653942e+01 2.517820012973358971e+05 9.000000000000000000e+01 2.159615476093595134e+02 1.934252014160155966e+02 
1.499998474121093928e+01 3.199996643066406250e+02 7.000000000000000000e+00 1.102950000000000002e-04 4.462175999999999709e-08 7.276238999999999635e+01 1.251101000000000063e+01 5.931570049999999839e+01 4.934469985961914062e+01 5.837660791624266858e+04 -1.659637565320734893e+02 2.183867211775346107e+02 2.001181030273438068e+02 
1.199998760223389027e+01 2.616663818359375000e+02 8.000000000000000000e+00 1.017738000000000019e-03 6.792360999999999474e-08 8.114119999999999777e+01 8.347656999999999883e+00 7.890090179999999975e+01 3.454453277587891336e+01 9.409758426833286649e+03 4.500000000000000000e+01 2.266985386439731940e+02 2.222047271728515909e+02 
1.399998569488525035e+01 2.629997253417968750e+02 9.000000000000000000e+00 3.689556999999999884e-04 -4.167612000000000063e-08 7.622504999999999598e+01 1.125371999999999950e+01 8.432855990000000190e+01 7.292891693115234375e+01 2.213081435930709122e+05 1.705376777919744029e+02 2.184873368596456089e+02 1.954330749511719034e+02 
1.199998760223389027e+01 3.173330078125000000e+02 9.000000000000000000e+00 2.573482000000000200e-03 1.109964000000000052e-07 8.472840999999999667e+01 4.029430999999999763e+00 6.733666230000000041e+01 6.171167755126953125e+01 5.512386682497984293e+04 -1.686900675259797993e+02 2.225638587765577086e+02 2.128346557617188068e+02 
1.433331871032715021e+01 3.389996337890625000e+02 9.000000000000000000e+00 5.824008000000000093e-04 8.123053999999999358e-08 8.771551999999999794e+01 1.297836999999999996e+01 6.438015749999999571e+01 4.417153549194335938e+01 1.132073491320267931e+05 -5.630993247402020785e+01 2.200393709070542059e+02 1.967716522216796875e+02 
1.366665267944335938e+01 2.666663818359375000e+02 9.000000000000000000e+00 7.007332000000000014e-04 -3.264856000000000208e-08 9.622212000000000387e+01 5.627867000000000175e+00 7.614566039999999703e+01 0.000000000000000000e+00 2.803978646816734181e+04 0.000000000000000000e+00 2.214716920398531101e+02 2.068110198974609091e+02 
1.133332157135009943e+01 3.183330078125000000e+02 1.000000000000000000e+01 1.485888999999999895e-04 3.116911999999999793e-08 8.844508000000000436e+01 1.483689000000000036e+01 6.885344700000000273e+01 4.391108322143554688e+01 1.911996214402485930e+05 1.463099324740202007e+02 2.201025854836047131e+02 2.014566955566405966e+02 
1.933331298828125000e+01 2.676663818359375000e+02 1.000000000000000000e+01 1.673627999999999921e-03 9.558521999999999596e-08 7.757608000000000459e+01 6.566319000000000017e+00 7.670937349999999810e+01 1.235500621795653942e+01 9.594094836538864183e+04 9.000000000000000000e+01 2.099856357058962999e+02 1.907480316162109091e+02 
1.133332157135009943e+01 2.606663818359375000e+02 1.000000000000000000e+01 1.454727000000000060e-03 8.831833000000000308e-08 7.481738000000000000e+01 5.630152999999999963e+00 7.596427149999999529e+01 1.729825973510741832e+01 1.643984260136889061e+05 4.500000000000000000e+01 2.154075781400086100e+02 1.900787353515625000e+02 
1.366665267944335938e+01 2.616663818359375000e+02 6.000000000000000000e+00 1.198361999999999908e-03 1.005506999999999952e-07 7.575570999999999344e+01 1.204462000000000010e+01 8.289427949999999612e+01 3.805126571655272727e+01 4.055547647962741903e+05 1.615650511770780042e+02 2.160820310492264866e+02 1.900787353515625000e+02 
8.333324432373046875e+00 3.189996643066406250e+02 7.000000000000000000e+00 9.074321999999999683e-05 1.276946999999999933e-08 7.558661999999999637e+01 6.200421000000000404e+00 8.032035059999999760e+01 3.477510833740233664e+01 1.495103877360628940e+04 -1.350000000000000000e+02 2.195275601473722134e+02 2.074803161621094034e+02 
1.699998283386230113e+01 2.833330383300781250e+02 8.000000000000000000e+00 7.616176000000000380e-05 3.561505000000000100e-08 8.110434999999999661e+01 2.303060999999999936e+01 6.798250579999999843e+01 9.434989166259765625e+01 2.402930909587187925e+05 -1.401944289077347889e+02 2.167114166093003007e+02 1.934252014160155966e+02 
8.333324432373046875e+00 3.289996643066406250e+02 8.000000000000000000e+00 1.531864000000000077e-04 2.654165000000000129e-08 8.367681000000000324e+01 1.214581000000000088e+01 7.380744169999999826e+01 6.238533782958983664e+01 1.847826541393932130e+05 -1.686900675259797993e+02 2.143356314266428910e+02 1.981102294921875000e+02 
1.499998474121093928e+01 2.653330688476561932e+02 8.000000000000000000e+00 9.442472999999999947e-05 -1.734952999999999892e-08 5.290798000000000201e+01 3.770472999999999963e+00 8.951534270000000504e+01 3.706495666503906250e+01 1.858781233433576926e+04 -9.000000000000000000e+01 2.176631044660296084e+02 2.054724426269530966e+02 
1.299998664855957031e+01 3.256663208007811932e+02 8.000000000000000000e+00 2.886356999999999985e-03 1.808943000000000080e-07 8.714652999999999849e+01 8.355102999999999724e+00 6.373725509999999872e+01 4.968147277832031250e+01 3.276519249276418122e+05 1.659637565320734893e+02 2.224369290098852048e+02 1.987795257568359091e+02 
1.499998474121093928e+01 3.163330078125000000e+02 8.000000000000000000e+00 7.882811999999999634e-06 -1.066033000000000014e-08 7.017592999999999392e+01 2.100919999999999987e+01 6.464704129999999793e+01 4.354639053344727273e+01 1.406543509445690142e+05 -1.463099324740202007e+02 2.132703173655384035e+02 1.954330749511719034e+02 
6.333326816558837891e+00 3.376663208007811932e+02 9.000000000000000000e+00 4.928101000000000270e-04 5.576989000000000044e-08 8.017645000000000266e+01 8.507239999999999469e+00 6.959995270000000289e+01 2.470996475219726918e+01 1.092055534680068013e+04 -9.000000000000000000e+01 2.274753952026366903e+02 2.222047271728515909e+02 
1.699998283386230113e+01 3.316663208007811932e+02 9.000000000000000000e+00 9.744029999999999608e-05 3.693777000000000241e-08 8.659324999999999761e+01 2.060192999999999941e+01 6.450511170000000050e+01 6.040408325195311789e+01 4.335292044886489020e+04 -1.686900675259797993e+02 2.253078039920690969e+02 2.128346557617188068e+02 
1.199998760223389027e+01 3.283329772949218750e+02 9.000000000000000000e+00 1.199044000000000021e-03 9.161067000000000621e-08 7.775966999999999985e+01 8.695297999999999305e+00 7.581829070000000570e+01 1.727694702148437855e+01 1.505631523762829020e+05 1.350000000000000000e+02 2.103307797568184867e+02 1.900787353515625000e+02 
1.599998283386229936e+01 3.146663513183593750e+02 9.000000000000000000e+00 2.152378999999999946e-04 9.625256000000000040e-08 6.350084999999999980e+01 2.206763000000000119e+01 7.321495819999999810e+01 0.000000000000000000e+00 2.218098031862755015e+05 0.000000000000000000e+00 2.165954270135788988e+02 1.954330749511719034e+02 
9.666656494140625000e+00 2.626663818359375000e+02 6.000000000000000000e+00 2.248519999999999946e-05 8.823068000000000825e-09 8.955362999999999829e+01 2.573780999999999963e+01 8.680789950000000488e+01 2.470994949340819957e+01 2.044189907390385051e+05 9.000000000000000000e+01 2.207686303751358139e+02 2.001181030273438068e+02 
1.199998760223389027e+01 2.669997253417968750e+02 6.000000000000000000e+00 2.067625999999999926e-03 1.182747000000000023e-07 7.569070999999999572e+01 6.481595999999999691e+00 7.557932279999999992e+01 5.086878967285156250e+01 8.061006570250461664e+03 7.596375653207353196e+01 2.213123321533203125e+02 2.001181030273438068e+02 
1.333331966400145951e+01 3.373329772949218750e+02 8.000000000000000000e+00 2.754375999999999935e-05 -9.205488000000000420e-09 8.937449999999999761e+01 1.101402000000000037e+01 6.395063400000000087e+01 2.470994949340819957e+01 5.078111394836624095e+04 9.000000000000000000e+01 2.207252390008223983e+02 2.088188934326171875e+02 
1.133332157135009943e+01 3.313329772949218750e+02 8.000000000000000000e+00 3.606729000000000141e-04 6.032690000000000268e-08 7.097006000000000370e+01 8.191857999999999862e+00 6.735345460000000628e+01 3.836445617675781250e+01 2.424120272089745049e+04 1.615650511770780042e+02 2.168875774807399921e+02 2.034645690917969034e+02 
2.533330726623535156e+01 3.029996948242188068e+02 9.000000000000000000e+00 3.327011000000000053e-04 5.508127000000000205e-08 6.269932000000000016e+01 8.831483000000000416e+00 7.947751619999999662e+01 2.227229499816894887e+01 1.761016803610450879e+05 0.000000000000000000e+00 2.172510263147489127e+02 1.974409484863280966e+02 
1.099998855590819957e+01 3.356663208007811932e+02 9.000000000000000000e+00 9.577297999999999931e-04 8.955106999999999483e-08 7.710795000000000243e+01 5.895756999999999692e+00 6.439744570000000579e+01 3.844355010986328125e+01 3.372848854094791022e+04 1.615650511770780042e+02 2.188850402832030966e+02 2.034645690917969034e+02 
2.499997329711914062e+01 3.143330078125000000e+02 9.000000000000000000e+00 4.053287000000000076e-06 -6.818418000000000308e-09 5.522941999999999751e+01 1.476689000000000007e+01 7.083357999999999777e+01 4.640264892578125000e+01 1.505224389032972977e+05 1.659637565320734893e+02 2.186425465985763026e+02 2.001181030273438068e+02 
1.299998664855957031e+01 2.619997253417968750e+02 1.000000000000000000e+01 1.981667999999999798e-03 1.288103999999999952e-07 9.351399999999999579e+01 1.364625000000000021e+01 7.351925660000000562e+01 1.210952072143554972e+02 6.692953700757692786e+03 -5.710593137499643035e+00 2.234094451904296932e+02 2.161810913085938068e+02 
1.199998760223389027e+01 3.203330078125000000e+02 1.000000000000000000e+01 4.409832000000000031e-04 9.645612999999999539e-08 7.255558999999999514e+01 1.587874000000000052e+01 7.046958159999999793e+01 1.208526802062987926e+01 5.778294905000956351e+04 1.800000000000000000e+02 2.204925867125045045e+02 2.041338653564453125e+02 
1.299998664855957031e+01 2.689997253417968750e+02 6.000000000000000000e+00 2.561182999999999862e-03 -1.164699000000000045e-07 8.742136000000000706e+01 7.988940000000000374e+00 7.507480619999999760e+01 2.707723617553710938e+01 7.358143455356877530e+04 -1.534349488229219958e+02 2.107537592107599096e+02 1.934252014160155966e+02 
1.133332157135009943e+01 2.649997253417968750e+02 7.000000000000000000e+00 4.335412999999999767e-03 1.097959999999999993e-07 9.701527000000000100e+01 6.900495000000000267e+00 7.965465550000000405e+01 1.211433696746825994e+01 2.963675575136145926e+04 1.800000000000000000e+02 2.201055831909179972e+02 2.101574859619140909e+02 
1.266665363311767933e+01 2.666663818359375000e+02 7.000000000000000000e+00 1.582244999999999919e-03 5.703880999999999775e-08 9.164954000000000178e+01 7.786033999999999899e+00 8.649610140000000058e+01 6.895326995849609375e+01 5.762568285587950231e+04 1.350000000000000000e+02 2.191228719312090902e+02 2.041338653564453125e+02 
7.999991416931152344e+00 2.639997253417968750e+02 7.000000000000000000e+00 7.151043999999999630e-04 -7.566542999999999438e-08 8.359972000000000492e+01 1.462462000000000018e+01 7.848451230000000578e+01 1.738438987731933949e+01 2.136108036017187987e+05 1.350000000000000000e+02 2.186067515573683977e+02 1.981102294921875000e+02 
2.733330535888671875e+01 2.979996948242188068e+02 7.000000000000000000e+00 1.581720999999999963e-04 4.017666999999999708e-08 5.760904000000000025e+01 8.916584999999999539e+00 7.928582760000000462e+01 1.094260787963867010e+01 2.438954942945914081e+04 1.800000000000000000e+02 2.196279518127441008e+02 2.088188934326171875e+02 
1.033332252502441051e+01 3.263330078125000000e+02 8.000000000000000000e+00 6.954587999999999829e-04 9.171017999999999649e-08 8.271885000000000332e+01 1.483215000000000039e+01 7.178298189999999579e+01 5.449049758911132812e+01 4.188753274211061944e+04 1.534349488229219958e+02 2.225069865565145903e+02 2.094881896972655966e+02 
2.966663551330566051e+01 3.269996643066406250e+02 9.000000000000000000e+00 5.691986000000000224e-04 8.881404999999999979e-08 6.527612000000000592e+01 6.065197999999999645e+00 6.467724610000000496e+01 2.147143363952637074e+01 2.150261528637307856e+04 1.800000000000000000e+02 2.246959779527452099e+02 2.181889801025390909e+02 
1.166665458679199041e+01 2.629997253417968750e+02 1.000000000000000000e+01 1.323886999999999937e-03 8.844247999999999959e-08 8.567454999999999643e+01 9.244035999999999476e+00 7.379610440000000438e+01 3.898765563964843750e+01 6.325666190342279879e+04 1.084349488229219958e+02 2.193851571590342076e+02 2.074803161621094034e+02 
9.999989509582519531e+00 2.623330688476561932e+02 6.000000000000000000e+00 8.573159999999999809e-03 1.893876000000000064e-07 9.940236000000000161e+01 1.129857999999999940e+01 8.668481450000000166e+01 7.799713134765625000e+01 7.463978881806358695e+05 1.084349488229219958e+02 2.209752668021382078e+02 1.987795257568359091e+02 
1.033332252502441051e+01 3.209996643066406250e+02 8.000000000000000000e+00 2.432408999999999960e-03 9.027213999999999429e-08 9.387806999999999391e+01 5.760158999999999807e+00 7.146822360000000174e+01 2.727966308593750000e+01 7.433908232157348539e+04 -1.534349488229219958e+02 2.180429507168857128e+02 2.034645690917969034e+02 
2.033331298828125000e+01 3.089996643066406250e+02 8.000000000000000000e+00 1.217303000000000058e-05 1.299472999999999985e-08 6.268813999999999709e+01 1.542603000000000080e+01 6.637191009999999380e+01 2.316976928710937855e+01 1.416515485276035033e+05 1.800000000000000000e+02 2.216145330255681927e+02 2.041338653564453125e+02 
1.366665267944335938e+01 3.299996643066406250e+02 8.000000000000000000e+00 1.975966999999999914e-03 1.362411999999999931e-07 8.159981000000000506e+01 8.282997999999999195e+00 6.894713590000000636e+01 2.746451568603515980e+01 1.067698977461694994e+04 1.165650511770780042e+02 2.253838596343994141e+02 2.181889801025390909e+02 
2.033331298828125000e+01 2.663330688476561932e+02 8.000000000000000000e+00 1.140383999999999956e-04 2.368986000000000074e-08 7.967698000000000036e+01 1.460196000000000005e+01 7.975981899999999314e+01 1.911979980468750000e+02 6.053004082174765790e+04 -1.049314171781375933e+02 2.190576314723238056e+02 2.041338653564453125e+02 
2.533330726623535156e+01 2.946663513183593750e+02 9.000000000000000000e+00 5.234287999999999681e-06 -2.376445000000000141e-08 3.687982000000000227e+01 2.028385000000000105e+01 7.075251769999999851e+01 1.119675064086914062e+01 1.478546385554955923e+05 1.800000000000000000e+02 2.144263236422499119e+02 1.981102294921875000e+02 
1.066665554046631037e+01 2.649997253417968750e+02 9.000000000000000000e+00 9.533598999999999589e-04 7.422054999999999554e-08 6.997189000000000192e+01 2.927782000000000107e+00 6.781368260000000703e+01 1.212825870513916016e+01 2.940562521886177128e+05 1.800000000000000000e+02 2.095342416325840134e+02 1.887401580810546875e+02 
1.166665458679199041e+01 2.789996948242188068e+02 9.000000000000000000e+00 1.725584999999999966e-03 1.328659000000000013e-07 8.773689000000000249e+01 1.264645999999999937e+01 7.158543400000000645e+01 7.511737060546875000e+01 3.159130656507228268e+05 -8.053767779197438870e+01 2.160700301799367935e+02 1.961023559570311932e+02 
2.233330917358398082e+01 2.769997253417968750e+02 6.000000000000000000e+00 1.123534000000000034e-03 8.219018000000000124e-08 8.018577000000000510e+01 1.200628999999999991e+01 8.468126680000000306e+01 3.369651412963867188e+01 1.398726999743439046e+04 -4.500000000000000000e+01 2.261596291281960021e+02 2.228740234375000000e+02 
1.099998855590819957e+01 2.633330688476561932e+02 8.000000000000000000e+00 2.751046000000000047e-03 1.506573000000000000e-07 7.362954000000000576e+01 6.871838000000000335e+00 7.690627290000000471e+01 3.899185943603516336e+01 3.893975135777990217e+05 7.156505117707799002e+01 2.182005571411555138e+02 1.894094543457030966e+02 
1.199998760223389027e+01 3.206663208007811932e+02 8.000000000000000000e+00 5.523118000000000472e-04 5.884832999999999793e-08 8.749267999999999290e+01 1.087066000000000088e+01 6.987387850000000356e+01 1.235497474670409979e+01 4.568406623002691049e+04 -9.000000000000000000e+01 2.214173238417681944e+02 2.034645690917969034e+02 
1.933331298828125000e+01 2.683330383300781250e+02 8.000000000000000000e+00 1.439443000000000103e-03 6.334302000000000653e-08 8.792033999999999594e+01 4.449378000000000277e+00 7.218166349999999909e+01 1.165661430358887074e+01 4.794280731672811817e+04 1.800000000000000000e+02 2.093434774037953900e+02 1.920866088867188068e+02 
9.333323478698730469e+00 3.299996643066406250e+02 9.000000000000000000e+00 8.409675000000000136e-03 1.801515999999999891e-07 9.453303999999999974e+01 5.864688000000000123e+00 7.630379489999999976e+01 2.732434463500976918e+01 7.997173835276739555e+04 1.534349488229219958e+02 2.220005353507349071e+02 2.101574859619140909e+02 
1.666664886474609020e+01 2.773330383300781250e+02 9.000000000000000000e+00 8.128114999999999342e-05 2.936667000000000153e-08 7.877334999999999354e+01 2.185957000000000150e+01 7.689850619999999992e+01 2.738905334472655895e+01 1.275970349214746966e+05 1.165650511770780042e+02 2.220736271179829089e+02 2.021259918212890909e+02 
1.466665172576903942e+01 3.386663208007811932e+02 9.000000000000000000e+00 9.094784000000000505e-04 8.512264000000000499e-08 7.850906999999999414e+01 9.176444999999999297e+00 7.226065060000000528e+01 0.000000000000000000e+00 1.407722392652652052e+05 0.000000000000000000e+00 2.133587141216926000e+02 1.967716522216796875e+02 
1.766664886474609020e+01 3.076663513183593750e+02 7.000000000000000000e+00 4.600107000000000035e-05 3.120442999999999747e-08 6.461069999999999425e+01 1.906617999999999924e+01 7.076797489999999868e+01 2.736114883422851918e+01 6.281834266609227052e+04 1.165650511770780042e+02 2.160974423090617051e+02 2.014566955566405966e+02 
2.433330726623535156e+01 2.736663818359375000e+02 7.000000000000000000e+00 9.511858999999999354e-05 -1.781390000000000111e-08 8.191823999999999728e+01 1.332737999999999978e+01 8.127812959999999975e+01 1.670467758178710938e+01 2.126609125757966103e+04 1.350000000000000000e+02 2.181102357752183138e+02 2.041338653564453125e+02 
2.033331298828125000e+01 2.653330688476561932e+02 8.000000000000000000e+00 1.368464999999999916e-03 5.915776999999999888e-08 6.608701999999999543e+01 1.766532999999999909e+00 8.520327000000000339e+01 2.623584175109862926e+01 1.314318112152332906e+05 2.656505117707799002e+01 2.147244102627622908e+02 2.001181030273438068e+02 
1.399998569488525035e+01 3.293329772949218750e+02 8.000000000000000000e+00 2.753138999999999934e-03 1.781295000000000070e-07 8.854077999999999804e+01 1.024788000000000032e+01 6.643840029999999786e+01 3.442965316772460938e+01 1.293207355298759066e+05 1.350000000000000000e+02 2.230879148502939984e+02 2.068110198974609091e+02 
2.366664123535155895e+01 2.813330383300781250e+02 8.000000000000000000e+00 6.419047999999999464e-04 3.808357000000000066e-08 7.256395000000000550e+01 2.593642000000000003e+00 7.862657930000000306e+01 1.134479713439941051e+01 5.416385390502431255e+04 1.800000000000000000e+02 2.196520800923192098e+02 2.007873992919921875e+02 
1.133332157135009943e+01 3.256663208007811932e+02 8.000000000000000000e+00 9.522677000000000442e-04 1.188668999999999962e-07 8.517879000000000644e+01 1.591130000000000067e+01 6.994960779999999545e+01 2.713084983825683949e+01 2.530417953639019106e+05 2.656505117707799002e+01 2.236501106099879905e+02 2.061417388916015909e+02 
1.399998569488525035e+01 3.269996643066406250e+02 8.000000000000000000e+00 1.088186000000000101e-03 1.243116000000000131e-07 9.334265000000000612e+01 1.691092000000000084e+01 6.692456049999999834e+01 1.720981979370116832e+01 6.000929080647556111e+04 1.350000000000000000e+02 2.121207363552516938e+02 1.974409484863280966e+02 
1.166665458679199041e+01 3.373329772949218750e+02 8.000000000000000000e+00 9.888170999999999419e-04 8.475004999999999728e-08 8.474133000000000493e+01 9.373691000000000884e+00 6.946238710000000083e+01 0.000000000000000000e+00 1.076425472454575065e+05 0.000000000000000000e+00 2.228321859359741097e+02 2.048031463623046875e+02 
7.999991416931152344e+00 3.386663208007811932e+02 8.000000000000000000e+00 1.209312999999999987e-05 -1.013039000000000062e-08 7.438060000000000116e+01 2.110100999999999871e+01 7.230324550000000272e+01 1.739142799377441051e+01 1.495907825892603068e+04 -4.500000000000000000e+01 2.259162500554865005e+02 2.175196838378905966e+02 
1.199998760223389027e+01 3.103330078125000000e+02 9.000000000000000000e+00 1.334258999999999966e-03 7.092876000000000230e-08 7.731637999999999522e+01 5.793124999999999858e+00 8.024981689999999901e+01 3.625479125976561789e+01 1.343482337516784028e+05 1.800000000000000000e+02 2.151437010192871071e+02 1.967716522216796875e+02 
9.999989509582519531e+00 3.213330078125000000e+02 9.000000000000000000e+00 9.936323000000000377e-03 1.787373999999999895e-07 9.158575999999999340e+01 5.989645000000000330e+00 8.402982330000000388e+01 2.753143501281737926e+01 2.245819078455225099e+05 1.165650511770780042e+02 2.221805348223950887e+02 2.034645690917969034e+02 
7.999991416931152344e+00 3.293329772949218750e+02 1.000000000000000000e+01 3.772410999999999820e-03 1.636765000000000032e-07 8.067901999999999418e+01 7.849845000000000184e+00 7.767421720000000107e+01 3.865285110473632812e+01 2.624166014754776261e+05 1.615650511770780042e+02 2.211435694719226035e+02 2.041338653564453125e+02 
1.333331966400145951e+01 3.069996948242188068e+02 1.000000000000000000e+01 6.202633000000000148e-04 4.388231000000000167e-08 7.200365999999999644e+01 3.484402999999999917e+00 7.638039399999999546e+01 1.202222156524658025e+01 2.057142304280571116e+05 1.800000000000000000e+02 2.203055028543844003e+02 1.974409484863280966e+02 
1.233332061767577947e+01 2.613330688476561932e+02 6.000000000000000000e+00 3.151630999999999790e-03 8.345272999999999953e-08 9.339861999999999398e+01 7.699804000000000315e+00 8.800311279999999670e+01 2.413924217224121094e+01 4.656497822493903222e+05 1.800000000000000000e+02 2.172708719566851130e+02 1.967716522216796875e+02 
9.333323478698730469e+00 2.703330383300781250e+02 7.000000000000000000e+00 1.413217999999999994e-04 3.597305000000000328e-08 9.748444000000000642e+01 1.055531000000000041e+01 5.040765760000000029e+01 2.433411026000976918e+01 4.830436860697402153e+05 1.800000000000000000e+02 2.161961018965691892e+02 1.920866088867188068e+02 
5.999993801116943359e+00 3.273329772949218750e+02 7.000000000000000000e+00 1.147900999999999999e-03 -1.100842999999999980e-07 7.880328000000000088e+01 1.466306999999999938e+01 8.090847019999999645e+01 6.157662582397460938e+01 5.445095350032966817e+05 1.268698976458440058e+02 2.215756926572412056e+02 1.967716522216796875e+02 
1.199998760223389027e+01 2.986663513183593750e+02 7.000000000000000000e+00 3.579151000000000034e-03 1.621233999999999971e-07 8.832522000000000162e+01 7.320579999999999643e+00 6.865867609999999388e+01 3.828073883056641336e+01 2.578315199616279860e+05 -1.843494882292200998e+01 2.189837609926858875e+02 2.048031463623046875e+02 
1.666664886474609020e+01 2.806663818359375000e+02 8.000000000000000000e+00 1.540485999999999874e-04 2.136914999999999915e-08 6.899196999999999491e+01 5.050555000000000128e+00 7.726155850000000669e+01 2.367240905761719105e+01 9.467719153355577146e+04 1.800000000000000000e+02 2.167295515272352020e+02 1.974409484863280966e+02 
1.166665458679199041e+01 3.369996337890625000e+02 8.000000000000000000e+00 1.127006000000000058e-03 8.102326000000000047e-08 8.687081999999999482e+01 1.087579999999999991e+01 7.608403780000000438e+01 2.715746498107910156e+01 8.747264269255760883e+04 -1.534349488229219958e+02 2.254996990497295997e+02 2.128346557617188068e+02 
1.233332061767577947e+01 2.616663818359375000e+02 9.000000000000000000e+00 2.513314999999999907e-04 1.781940000000000073e-08 9.251215000000000543e+01 7.099007000000000289e+00 8.087587739999999314e+01 1.727694702148437855e+01 3.353359934823143703e+04 -1.350000000000000000e+02 2.246677178955077920e+02 2.081496124267578125e+02 
1.699998283386230113e+01 2.733330383300781250e+02 1.000000000000000000e+01 8.200048999999999186e-03 1.355614000000000005e-07 9.360365000000000180e+01 3.705658000000000118e+00 7.990598300000000620e+01 1.181442451477050959e+01 3.942354955564702686e+04 1.800000000000000000e+02 2.184790028889973996e+02 2.034645690917969034e+02 
1.133332157135009943e+01 2.809996948242188068e+02 1.000000000000000000e+01 1.602116999999999962e-05 2.832101000000000082e-09 9.440144999999999698e+01 7.671920000000000073e+00 8.118122099999999364e+01 5.501329421997070312e+01 6.733470220082656851e+03 1.165650511770780042e+02 2.192598480224608863e+02 2.101574859619140909e+02 
1.399998569488525035e+01 2.663330688476561932e+02 6.000000000000000000e+00 1.518282999999999959e-02 2.072264000000000007e-07 9.759251000000000431e+01 7.837409000000000070e+00 9.073352049999999736e+01 6.074005508422852273e+01 1.427132263679394964e+05 -1.431301023541560085e+02 2.154242418235708101e+02 1.974409484863280966e+02 
1.099998855590819957e+01 3.089996643066406250e+02 7.000000000000000000e+00 1.742719999999999903e-03 1.269250999999999988e-07 8.364995000000000402e+01 1.096800999999999959e+01 7.321655269999999405e+01 4.851200485229492188e+01 2.967850125881442000e+04 1.800000000000000000e+02 2.226610606800425955e+02 2.088188934326171875e+02 
1.333331966400145951e+01 2.703330383300781250e+02 7.000000000000000000e+00 1.937342000000000100e-03 -2.110703999999999919e-07 6.686569000000000074e+01 1.674634999999999962e+01 8.654250340000000108e+01 4.815432357788085938e+01 8.827739160812484624e+04 1.800000000000000000e+02 2.201664301554361884e+02 2.027952728271484091e+02 
1.266665363311767933e+01 3.126663513183593750e+02 9.000000000000000000e+00 3.817925999999999942e-05 1.911164000000000040e-08 7.437846999999999298e+01 2.119294999999999973e+01 7.737819670000000372e+01 4.980424499511718750e+01 8.040248272077193178e+03 -1.403624346792648048e+01 2.283398971557616903e+02 2.228740234375000000e+02 
1.299998664855957031e+01 2.616663818359375000e+02 9.000000000000000000e+00 2.215394000000000087e-04 2.028023000000000080e-08 9.962518000000000029e+01 1.413728000000000051e+01 8.493859100000000240e+01 1.235497474670409979e+01 5.301541016384526156e+05 9.000000000000000000e+01 2.190729156262947015e+02 1.981102294921875000e+02 
1.066665554046631037e+01 2.653330688476561932e+02 9.000000000000000000e+00 1.284636999999999932e-02 3.614639000000000211e-07 9.964601999999999293e+01 7.496184000000000403e+00 6.282484050000000053e+01 1.235497474670409979e+01 2.685890782221421832e+05 9.000000000000000000e+01 2.183302349301438881e+02 1.934252014160155966e+02 
8.666657447814941406e+00 2.649997253417968750e+02 6.000000000000000000e+00 3.480233000000000111e-03 7.275131000000000031e-08 9.962062000000000239e+01 6.574393999999999849e+00 8.742311100000000579e+01 2.754865264892578125e+01 4.435614962331437273e+05 6.343494882292200998e+01 2.201334025998363018e+02 1.981102294921875000e+02 
1.333331966400145951e+01 2.606663818359375000e+02 7.000000000000000000e+00 2.062705999999999915e-02 2.431614000000000111e-07 9.859116000000000213e+01 5.612947000000000131e+00 8.402693179999999984e+01 6.132469177246093750e+01 1.443420003970550024e+05 1.686900675259797993e+02 2.149850558528193858e+02 1.974409484863280966e+02 
1.166665458679199041e+01 2.613330688476561932e+02 8.000000000000000000e+00 7.131549000000000048e-04 4.345587000000000040e-08 7.147487999999999886e+01 2.827872000000000163e+00 7.835285190000000455e+01 3.460570144653320312e+01 1.089992296962174005e+05 -4.500000000000000000e+01 2.211470802212938906e+02 2.041338653564453125e+02 
2.466664123535155895e+01 2.706663818359375000e+02 8.000000000000000000e+00 1.373471000000000023e-03 1.091000000000000042e-07 8.164240999999999815e+01 1.460702000000000034e+01 8.315448000000000661e+01 5.065902709960938211e+01 1.720379813879498979e+05 1.040362434679264965e+02 2.233978107839390930e+02 2.061417388916015909e+02 
1.633331680297851918e+01 3.123330078125000000e+02 8.000000000000000000e+00 1.199589999999999945e-04 5.100833999999999841e-08 8.629323999999999728e+01 2.388573999999999842e+01 6.318678669999999897e+01 2.371323966979980113e+01 1.120884736136272986e+05 1.800000000000000000e+02 2.205511824663946925e+02 2.034645690917969034e+02 
1.433331871032715021e+01 3.266663208007811932e+02 8.000000000000000000e+00 5.224277999999999518e-04 9.682757999999999704e-08 8.919316000000000599e+01 1.662934999999999874e+01 6.170487210000000289e+01 3.591098403930664062e+01 5.592652506192937290e+04 1.800000000000000000e+02 2.219019513811383888e+02 2.021259918212890909e+02 
2.366664123535155895e+01 2.686663818359375000e+02 8.000000000000000000e+00 6.579526000000000471e-04 7.487786999999999550e-08 9.229258000000000095e+01 1.740764000000000067e+01 7.465126800000000173e+01 1.131706237792968928e+01 4.530069569524838153e+04 1.800000000000000000e+02 2.185793982611762090e+02 2.014566955566405966e+02 
8.666657447814941406e+00 3.339996643066406250e+02 9.000000000000000000e+00 2.808474000000000040e-04 5.224537999999999769e-08 8.838563999999999510e+01 1.840551999999999921e+01 7.195942689999999686e+01 4.435898590087891336e+01 3.638633749841926037e+05 1.236900675259797993e+02 2.206238996021783123e+02 1.994488220214844034e+02 
1.333331966400145951e+01 3.329996643066406250e+02 9.000000000000000000e+00 6.282148999999999676e-04 7.186130000000000040e-08 7.943787000000000376e+01 8.399392999999999887e+00 6.683921809999999653e+01 1.202222156524658025e+01 5.077136535539915349e+04 1.800000000000000000e+02 2.192633666992188068e+02 2.061417388916015909e+02 
1.066665554046631037e+01 2.679997253417968750e+02 1.000000000000000000e+01 2.207380000000000106e-03 1.118324000000000002e-07 8.471751000000000431e+01 7.893176000000000414e+00 7.497130579999999611e+01 2.725667953491210938e+01 4.600280343227789854e+05 -1.534349488229219958e+02 2.209191367856917907e+02 1.981102294921875000e+02 
1.033332252502441051e+01 2.826663818359375000e+02 1.000000000000000000e+01 8.645493999999999391e-05 1.578605999999999915e-08 8.023416000000000281e+01 1.113753999999999955e+01 7.995973970000000008e+01 2.753099632263183949e+01 1.514138886718779104e+05 1.165650511770780042e+02 2.214936045237949997e+02 2.021259918212890909e+02 
2.633330535888671875e+01 3.023330078125000000e+02 6.000000000000000000e+00 2.274760000000000020e-04 -2.716076000000000041e-08 7.299329000000000178e+01 1.717081000000000079e+00 6.242217639999999790e+01 3.867006301879882812e+01 8.116013420857269375e+04 1.084349488229219958e+02 2.227219057950107128e+02 2.101574859619140909e+02 
1.933331298828125000e+01 2.659997253417968750e+02 7.000000000000000000e+00 1.696674000000000012e-03 8.126058999999999721e-08 9.099773000000000422e+01 7.016389000000000209e+00 7.253404999999999347e+01 3.390737915039061789e+01 1.087926274467775947e+05 1.350000000000000000e+02 2.166033955528623096e+02 1.974409484863280966e+02 
1.999997901916503906e+01 2.676663818359375000e+02 8.000000000000000000e+00 6.700070999999999501e-04 4.085188999999999881e-08 8.410379000000000360e+01 6.366829000000000072e+00 7.912538910000000669e+01 2.321932792663573863e+01 3.485166707540566858e+04 1.800000000000000000e+02 2.161811037416811132e+02 2.048031463623046875e+02 
2.066664505004883168e+01 2.929996948242188068e+02 8.000000000000000000e+00 4.515042000000000361e-03 1.350148000000000107e-07 9.824437000000000353e+01 7.969879999999999853e+00 7.490090179999999975e+01 0.000000000000000000e+00 3.337424095704354113e+05 0.000000000000000000e+00 2.202792265085072927e+02 2.027952728271484091e+02 
2.066664505004883168e+01 2.653330688476561932e+02 9.000000000000000000e+00 6.581764999999999621e-04 2.872934000000000121e-08 7.819798000000000116e+01 1.989276999999999962e+00 8.197582239999999842e+01 4.245628738403320312e+01 2.079587040992603870e+05 1.463099324740202007e+02 2.156646739818432081e+02 1.974409484863280966e+02 
2.266664314270019887e+01 2.726663818359375000e+02 9.000000000000000000e+00 4.822315999999999994e-04 2.272204999999999931e-08 8.055719999999999459e+01 1.957511000000000001e+00 8.052282710000000066e+01 1.235494232177734020e+01 1.899354303811287900e+04 9.000000000000000000e+01 2.226955362955729072e+02 2.114960632324219034e+02 
1.233332061767577947e+01 3.363329772949218750e+02 9.000000000000000000e+00 2.568888000000000074e-03 1.829511000000000003e-07 7.680974999999999397e+01 9.852652000000000854e+00 7.288054660000000240e+01 5.495804595947266336e+01 3.098452845675863791e+05 1.165650511770780042e+02 2.132576616956042130e+02 1.874015808105469034e+02 
1.899998092651366832e+01 2.646663818359375000e+02 1.000000000000000000e+01 5.723966999999999944e-04 6.927501999999999638e-08 8.707384999999999309e+01 1.460216999999999921e+01 7.307575230000000488e+01 2.331609153747558949e+01 1.038630260600937036e+05 1.800000000000000000e+02 2.171348443984985011e+02 1.947637786865234091e+02 
2.066664505004883168e+01 2.686663818359375000e+02 6.000000000000000000e+00 1.271070000000000012e-06 -2.105074999999999992e-09 8.947979999999999734e+01 1.929682000000000031e+01 5.979241559999999822e+01 1.691186904907226918e+01 1.040428412144790054e+05 1.350000000000000000e+02 2.128924869490259084e+02 1.967716522216796875e+02 
1.099998855590819957e+01 2.673330688476561932e+02 6.000000000000000000e+00 1.322627000000000004e-02 3.594127000000000139e-07 9.769037000000000148e+01 1.073908999999999914e+01 7.268173219999999901e+01 3.629901123046875000e+01 5.905036213911212981e+05 1.800000000000000000e+02 2.173378469737153011e+02 1.887401580810546875e+02 
2.833330345153808949e+01 2.859996948242188068e+02 8.000000000000000000e+00 2.968716999999999888e-06 -1.608228000000000125e-08 3.114075000000000060e+01 1.178255000000000052e+01 6.768522640000000479e+01 0.000000000000000000e+00 6.038522079190932345e+03 0.000000000000000000e+00 2.280944885253906023e+02 2.242126007080078125e+02 
2.266664314270019887e+01 2.673330688476561932e+02 8.000000000000000000e+00 3.654552000000000039e-04 3.752955999999999794e-08 8.167001000000000488e+01 9.996736000000000288e+00 7.938457490000000405e+01 1.140003299713134943e+01 8.864514768571631066e+03 0.000000000000000000e+00 2.235433088030133888e+02 2.161810913085938068e+02 
1.499998474121093928e+01 3.083330078125000000e+02 8.000000000000000000e+00 1.031557000000000058e-04 3.045730999999999892e-08 6.826140999999999792e+01 1.003808000000000078e+01 6.925462339999999983e+01 1.235494232177734020e+01 3.051589731169584047e+04 9.000000000000000000e+01 2.219719284721043095e+02 2.101574859619140909e+02 
1.266665363311767933e+01 3.173330078125000000e+02 8.000000000000000000e+00 5.515869999999999758e-04 7.892037000000000010e-08 8.167565000000000452e+01 1.230277000000000065e+01 6.752917480000000694e+01 1.726759910583496094e+01 2.182677801410158863e+05 -1.350000000000000000e+02 2.200408209116181126e+02 2.007873992919921875e+02 
1.533331775665283025e+01 3.169996643066406250e+02 9.000000000000000000e+00 3.838911000000000081e-04 7.003825000000000182e-08 8.149466999999999928e+01 1.160603000000000051e+01 6.233384319999999690e+01 1.715730285644530895e+01 4.899723115409228194e+04 1.350000000000000000e+02 2.170131930789432033e+02 2.054724426269530966e+02 
1.133332157135009943e+01 3.376663208007811932e+02 9.000000000000000000e+00 2.075048999999999817e-03 9.471071000000000039e-08 8.541415000000000646e+01 7.509238999999999997e+00 7.801766200000000140e+01 2.715923118591308949e+01 2.127519423418531951e+05 1.534349488229219958e+02 2.115680766045292955e+02 1.920866088867188068e+02 
1.166665458679199041e+01 3.316663208007811932e+02 9.000000000000000000e+00 1.924890000000000065e-03 8.077031999999999742e-08 7.467490999999999701e+01 4.280921000000000198e+00 8.226976779999999678e+01 2.713084983825683949e+01 1.318464662494261866e+05 1.534349488229219958e+02 2.144600688389369054e+02 1.954330749511719034e+02 
1.499998474121093928e+01 2.773330383300781250e+02 9.000000000000000000e+00 1.218516000000000000e-03 5.037183999999999798e-08 8.152584000000000231e+01 3.846928000000000125e+00 8.026474760000000686e+01 2.386754226684569957e+01 2.015679182530264952e+05 1.800000000000000000e+02 2.110117086109362106e+02 1.900787353515625000e+02 
2.533330726623535156e+01 3.006663513183593750e+02 1.000000000000000000e+01 4.746635000000000134e-04 5.216726999999999991e-08 7.878735000000000355e+01 1.013793000000000077e+01 7.650990299999999422e+01 2.470994949340819957e+01 1.740239036600422987e+05 9.000000000000000000e+01 2.218174928937640118e+02 2.108267669677734091e+02 
9.666656494140625000e+00 3.193330078125000000e+02 7.000000000000000000e+00 6.243432999999999622e-04 6.382863000000000316e-08 8.073595000000000255e+01 8.091086999999999918e+00 6.885639949999999487e+01 3.848134613037108664e+01 1.164140896227974008e+05 1.615650511770780042e+02 2.199089016581690998e+02 2.021259918212890909e+02 
1.033332252502441051e+01 2.626663818359375000e+02 7.000000000000000000e+00 3.081537999999999769e-04 4.918797999999999706e-08 6.625777999999999679e+01 1.003082000000000029e+01 8.083943940000000339e+01 1.097859420776367045e+02 4.697923660547768814e+05 6.340191745909908860e+00 2.203584051022583878e+02 2.001181030273438068e+02 
2.599997329711914062e+01 2.766663818359375000e+02 8.000000000000000000e+00 5.509799000000000337e-04 1.419901000000000083e-07 7.827694999999999936e+01 2.939504000000000161e+01 7.673227690000000223e+01 1.660152435302734020e+01 8.888372335211036261e+04 4.500000000000000000e+01 2.220559938218858917e+02 2.054724426269530966e+02 
1.399998569488525035e+01 3.239996643066406250e+02 8.000000000000000000e+00 2.453805000000000200e-04 5.945381999999999974e-08 7.011348999999999876e+01 8.908391999999999200e+00 6.197639850000000195e+01 4.795198059082031250e+01 3.464742560836194025e+04 1.800000000000000000e+02 2.158464596088116139e+02 2.061417388916015909e+02 
1.633331680297851918e+01 2.986663513183593750e+02 8.000000000000000000e+00 1.508325999999999938e-03 8.889798999999999650e-08 8.355922999999999945e+01 9.029230000000000089e+00 7.823603819999999587e+01 5.126296234130858664e+01 5.532743111427841359e+04 1.350000000000000000e+02 2.223003380185081994e+02 2.088188934326171875e+02 
1.299998664855957031e+01 3.266663208007811932e+02 9.000000000000000000e+00 1.886634000000000097e-03 1.362688999999999954e-07 8.501417999999999608e+01 8.862901000000000806e+00 6.652933500000000322e+01 2.704669189453125000e+01 7.627502612882533867e+04 1.534349488229219958e+02 2.173435569897033020e+02 2.034645690917969034e+02 
1.433331871032715021e+01 3.316663208007811932e+02 9.000000000000000000e+00 3.486818999999999943e-03 1.454652999999999890e-07 9.673453999999999553e+01 6.938925000000000232e+00 6.464086149999999975e+01 4.788161087036132812e+01 1.730824477350323868e+05 1.800000000000000000e+02 2.186111464280349139e+02 1.981102294921875000e+02 
1.466665172576903942e+01 2.603330688476561932e+02 9.000000000000000000e+00 7.640459999999999960e-04 4.323742999999999676e-08 1.001458999999999975e+02 1.403279000000000032e+01 8.717946619999999314e+01 3.440583038330078125e+01 4.962792779531524866e+05 -1.350000000000000000e+02 2.091839660399737966e+02 1.887401580810546875e+02 
1.333331966400145951e+01 2.803330383300781250e+02 9.000000000000000000e+00 1.332529000000000049e-03 9.843130000000000605e-08 7.626887999999999579e+01 1.038874999999999993e+01 8.184145359999999414e+01 2.704669189453125000e+01 6.483915617313020630e+05 -1.534349488229219958e+02 2.112573266098179943e+02 1.920866088867188068e+02 
2.399997520446776988e+01 2.963330383300781250e+02 9.000000000000000000e+00 4.253087000000000230e-04 3.259043999999999732e-08 8.193352000000000146e+01 8.122583999999999804e+00 8.364555359999999951e+01 1.672458076477051137e+01 3.384439318142415868e+04 1.350000000000000000e+02 2.242869663944950958e+02 2.141732177734375000e+02 
1.333331966400145951e+01 3.036663513183593750e+02 1.000000000000000000e+01 5.116590999999999544e-04 6.777109000000000073e-08 8.358767000000000280e+01 1.941113000000000000e+01 8.350996399999999653e+01 6.074005508422852273e+01 2.431365491323301103e+05 -1.431301023541560085e+02 2.184721393794804101e+02 2.001181030273438068e+02 
1.099998855590819957e+01 3.119996643066406250e+02 1.000000000000000000e+01 6.688890999999999760e-03 1.490774999999999927e-07 7.914915000000000589e+01 2.773921000000000081e+00 8.033719639999999629e+01 3.840457916259766336e+01 1.927345373099262069e+05 -1.615650511770780042e+02 2.104897871751051923e+02 1.927559051513671875e+02 
2.833330345153808949e+01 3.253330078125000000e+02 1.000000000000000000e+01 5.746552000000000474e-04 8.386863000000000261e-08 7.671362000000000592e+01 9.643390000000000128e+00 6.496446989999999744e+01 1.084081649780273082e+01 1.581735097934824880e+05 1.800000000000000000e+02 2.193845051772721888e+02 2.027952728271484091e+02 
9.999989509582519531e+00 2.623330688476561932e+02 7.000000000000000000e+00 1.244504999999999971e-04 8.635823000000000196e-09 9.200140000000000384e+01 5.513241999999999976e+00 8.661417389999999727e+01 2.725756645202637074e+01 1.095921447738877032e+05 1.534349488229219958e+02 2.133634698184920069e+02 1.894094543457030966e+02 
9.999989509582519531e+00 2.633330688476561932e+02 7.000000000000000000e+00 5.973815000000000375e-03 2.182044000000000080e-07 9.384856000000000620e+01 1.190001999999999960e+01 7.725422670000000380e+01 2.470998001098633168e+01 5.057730498123724828e+05 9.000000000000000000e+01 2.215783837058326924e+02 1.927559051513671875e+02 
2.866663742065430043e+01 2.726663818359375000e+02 8.000000000000000000e+00 2.853984999999999855e-03 1.297578999999999975e-07 8.333601000000000170e+01 9.640940000000000509e+00 8.202139280000000099e+01 1.084170627593993963e+01 6.143839760941589338e+04 0.000000000000000000e+00 2.176115504246131991e+02 2.041338653564453125e+02 
7.999991416931152344e+00 3.283329772949218750e+02 8.000000000000000000e+00 3.699515999999999916e-03 1.630678999999999960e-07 8.923470000000000368e+01 1.008746000000000009e+01 7.562783810000000528e+01 3.871324920654296875e+01 1.986489036683950108e+05 -1.615650511770780042e+02 2.208294700727070961e+02 1.981102294921875000e+02 
2.833330345153808949e+01 2.826663818359375000e+02 9.000000000000000000e+00 7.050182000000000324e-04 4.291694000000000049e-08 6.969341000000000008e+01 2.029220000000000024e+00 7.717092900000000100e+01 0.000000000000000000e+00 8.462301883899043605e+04 0.000000000000000000e+00 2.137238477434430877e+02 2.014566955566405966e+02 
2.433330726623535156e+01 3.136663513183593750e+02 9.000000000000000000e+00 3.716116999999999711e-05 4.041284000000000124e-08 4.477302999999999855e+01 1.011391000000000062e+01 6.538619230000000471e+01 0.000000000000000000e+00 3.006113220705787899e+04 0.000000000000000000e+00 2.131971791585287122e+02 2.014566955566405966e+02 
1.199998760223389027e+01 3.023330078125000000e+02 9.000000000000000000e+00 1.527668999999999945e-03 1.565670000000000017e-07 7.224502999999999986e+01 1.530480000000000018e+01 8.280470280000000116e+01 4.845631408691406250e+01 4.633705219666687190e+05 1.800000000000000000e+02 2.135175174878991129e+02 1.927559051513671875e+02 
2.966663551330566051e+01 3.066663513183593750e+02 9.000000000000000000e+00 5.006141999999999884e-04 6.810153999999999559e-08 7.820092999999999961e+01 1.292496000000000045e+01 7.487171170000000586e+01 0.000000000000000000e+00 1.910330607175875048e+04 0.000000000000000000e+00 2.192347421646117880e+02 2.088188934326171875e+02 
2.666663932800292969e+01 3.063330078125000000e+02 9.000000000000000000e+00 1.714951000000000040e-04 4.633076999999999923e-08 5.579673999999999978e+01 6.937081000000000053e+00 7.275017549999999744e+01 1.653708457946776988e+01 4.413990020724971691e+04 4.500000000000000000e+01 2.236362656487359004e+02 2.128346557617188068e+02 
1.033332252502441051e+01 3.163330078125000000e+02 9.000000000000000000e+00 3.083049000000000033e-04 4.215815999999999745e-08 7.653486999999999796e+01 1.000223000000000084e+01 7.553478239999999744e+01 3.848134613037108664e+01 2.957943924902611761e+05 -1.615650511770780042e+02 2.168931809516801934e+02 1.987795257568359091e+02 
1.099998855590819957e+01 2.619997253417968750e+02 1.000000000000000000e+01 1.175238999999999971e-02 2.103966999999999983e-07 9.176936999999999500e+01 7.706489999999999618e+00 8.749459079999999744e+01 3.840457916259766336e+01 6.076896365745241055e+05 -1.615650511770780042e+02 2.148069044227345898e+02 1.907480316162109091e+02 
9.999989509582519531e+00 3.199996643066406250e+02 6.000000000000000000e+00 2.140823000000000086e-04 1.098734000000000023e-07 7.238948000000000604e+01 1.092294000000000054e+01 4.513932419999999723e+01 2.433411026000976918e+01 8.118304223433873267e+04 1.800000000000000000e+02 2.208772987365722997e+02 1.994488220214844034e+02 
1.133332157135009943e+01 3.076663513183593750e+02 7.000000000000000000e+00 8.634170000000000039e-04 7.992518000000000048e-08 7.716411999999999694e+01 7.740693000000000268e+00 7.079969020000000057e+01 3.836539840698242188e+01 3.502579801369660709e+04 1.615650511770780042e+02 2.263749242929312118e+02 2.161810913085938068e+02 
1.233332061767577947e+01 3.183330078125000000e+02 7.000000000000000000e+00 2.081424000000000013e-04 6.456559000000000555e-08 8.909188000000000329e+01 1.298109999999999964e+01 5.045800779999999719e+01 2.710439491271973012e+01 9.399307728027897247e+04 1.534349488229219958e+02 2.181507328578404099e+02 2.034645690917969034e+02 
2.533330726623535156e+01 2.793330383300781250e+02 8.000000000000000000e+00 1.490533999999999956e-03 1.203305999999999989e-07 7.441074000000000410e+01 1.351918000000000042e+01 8.662432099999999480e+01 4.616496658325195312e+01 2.554524648486468068e+05 1.659637565320734893e+02 2.139133105231719867e+02 1.947637786865234091e+02 
1.366665267944335938e+01 2.963330383300781250e+02 8.000000000000000000e+00 2.107779000000000163e-03 9.899744000000000426e-08 8.261039999999999850e+01 6.291221000000000174e+00 7.559018709999999430e+01 1.235500621795653942e+01 1.333948898926420043e+04 9.000000000000000000e+01 2.186574783325195028e+02 2.121653442382811932e+02 
2.366664123535155895e+01 2.693330383300781250e+02 8.000000000000000000e+00 7.565627000000000333e-04 5.443215999999999869e-08 9.333692999999999529e+01 1.602398000000000167e+01 8.762288669999999513e+01 2.263132858276366832e+01 2.264457063483315142e+04 1.800000000000000000e+02 2.203827650282117929e+02 2.061417388916015909e+02 
1.466665172576903942e+01 3.313329772949218750e+02 8.000000000000000000e+00 1.233644000000000103e-03 1.051109999999999941e-07 7.836185000000000400e+01 9.286187999999999221e+00 7.239360050000000513e+01 2.390532493591308949e+01 2.124799385349567092e+04 1.800000000000000000e+02 2.158046255111694052e+02 2.034645690917969034e+02 
2.699997138977051137e+01 2.736663818359375000e+02 9.000000000000000000e+00 6.838165000000000215e-04 6.348486999999999400e-08 8.533660999999999319e+01 1.075127999999999950e+01 7.378034209999999860e+01 1.235500621795653942e+01 9.803291713787888511e+03 9.000000000000000000e+01 2.242125988006592081e+02 2.161810913085938068e+02 
1.099998855590819957e+01 3.396663208007811932e+02 9.000000000000000000e+00 2.197087999999999819e-03 1.968539000000000049e-07 7.900342999999999449e+01 6.948903999999999748e+00 5.835261150000000185e+01 4.394663238525391336e+01 6.202795703212126682e+04 1.463099324740202007e+02 2.172723385354746881e+02 2.014566955566405966e+02 
1.466665172576903942e+01 3.276663208007811932e+02 9.000000000000000000e+00 1.148134999999999998e-03 9.072183999999999864e-08 8.091262000000000398e+01 5.632801999999999865e+00 6.405476380000000347e+01 1.235500621795653942e+01 1.620897372085867100e+05 -9.000000000000000000e+01 2.194562429209223922e+02 2.001181030273438068e+02 
2.833330345153808949e+01 2.979996948242188068e+02 9.000000000000000000e+00 2.279590999999999974e-04 5.679015999999999903e-08 8.730253999999999337e+01 2.193620999999999910e+01 7.047674560000000099e+01 2.498459815979003906e+01 1.487088851676450868e+05 1.534349488229219958e+02 2.195166776083349021e+02 2.021259918212890909e+02 
1.766664886474609020e+01 2.753330383300781250e+02 9.000000000000000000e+00 8.326906999999999929e-04 4.639426000000000187e-08 7.692919999999999447e+01 6.999600000000000044e+00 8.950866700000000264e+01 1.705812072753905895e+01 6.676114727844379377e+04 4.500000000000000000e+01 2.071784787645526933e+02 1.920866088867188068e+02 
1.699998283386230113e+01 2.936663513183593750e+02 1.000000000000000000e+01 1.260746999999999996e-03 8.055217000000000019e-08 7.946487000000000478e+01 1.200286999999999971e+01 8.968431089999999983e+01 4.941996002197266336e+01 1.380049981629012909e+05 9.000000000000000000e+01 2.155309331984747132e+02 1.927559051513671875e+02 
1.099998855590819957e+01 3.253330078125000000e+02 1.000000000000000000e+01 7.775196999999999819e-06 -2.548055000000000048e-09 9.889293000000000688e+01 1.509195000000000064e+01 8.110703279999999893e+01 2.720940971374512074e+01 3.895629222834543907e+05 -1.534349488229219958e+02 2.180731835282797988e+02 2.007873992919921875e+02 
2.833330345153808949e+01 2.823330383300781250e+02 7.000000000000000000e+00 1.134170000000000100e-03 1.150373999999999949e-07 8.430935999999999808e+01 1.500933999999999990e+01 7.437042239999999538e+01 1.644820785522460938e+01 7.865576613706091302e+04 4.500000000000000000e+01 2.195481546255259104e+02 2.074803161621094034e+02 
1.366665267944335938e+01 3.086663513183593750e+02 8.000000000000000000e+00 7.250572999999999740e-04 7.728826000000000045e-08 8.317683999999999855e+01 1.101960000000000051e+01 7.055848690000000545e+01 3.805126571655272727e+01 6.670671263731236104e+04 1.615650511770780042e+02 2.187110244750975880e+02 2.021259918212890909e+02 
1.233332061767577947e+01 3.029996948242188068e+02 8.000000000000000000e+00 6.679833999999999512e-04 8.849634000000000296e-08 8.570193000000000438e+01 1.822498999999999825e+01 7.579245000000000232e+01 4.828042602539061789e+01 2.870114480616666842e+05 1.800000000000000000e+02 2.158808603732385052e+02 1.987795257568359091e+02 
1.199998760223389027e+01 3.383329772949218750e+02 8.000000000000000000e+00 1.185978000000000076e-03 1.714803000000000006e-07 7.479905999999999722e+01 1.148606000000000016e+01 6.297887039999999814e+01 1.728808784484862926e+01 5.107246829013970273e+04 -1.350000000000000000e+02 2.138561959517629134e+02 1.947637786865234091e+02 
8.666657447814941406e+00 3.159996643066406250e+02 8.000000000000000000e+00 2.001979000000000085e-03 9.354583999999999798e-08 7.621699999999999875e+01 8.675655000000000783e+00 9.074883269999999413e+01 3.865285110473632812e+01 1.846644885550953913e+05 1.615650511770780042e+02 2.196801187851849875e+02 2.061417388916015909e+02 
2.866663742065430043e+01 2.963330383300781250e+02 8.000000000000000000e+00 5.280762000000000043e-04 3.803016000000000177e-08 8.099800999999999362e+01 9.141598999999999364e+00 8.731334689999999910e+01 1.235506916046142933e+01 7.350126817313212086e+04 -9.000000000000000000e+01 2.180353703733350130e+02 2.021259918212890909e+02 
9.666656494140625000e+00 3.326663208007811932e+02 9.000000000000000000e+00 7.592763999999999460e-04 6.807936000000000591e-08 9.104318999999999562e+01 1.330654999999999966e+01 7.471907810000000438e+01 3.855343627929688211e+01 2.058326384309672867e+05 -1.615650511770780042e+02 2.152564242513556110e+02 1.961023559570311932e+02 
1.533331775665283025e+01 3.016663513183593750e+02 9.000000000000000000e+00 5.380081000000000099e-03 1.222627000000000113e-07 8.560147999999999513e+01 5.172883999999999816e+00 8.555553439999999910e+01 5.083125305175781250e+01 1.153486506598790002e+05 1.040362434679264965e+02 2.146963532546471072e+02 1.947637786865234091e+02 
1.399998569488525035e+01 3.283329772949218750e+02 9.000000000000000000e+00 3.024911999999999827e-03 1.115539000000000021e-07 9.377594999999999459e+01 6.955148999999999582e+00 7.266738130000000240e+01 2.394034385681151988e+01 4.129779828579515743e+04 1.800000000000000000e+02 2.144539012293662097e+02 1.974409484863280966e+02 
1.266665363311767933e+01 2.626663818359375000e+02 1.000000000000000000e+01 2.570086000000000072e-03 1.438260000000000069e-07 9.204462999999999795e+01 1.234993000000000052e+01 7.424221040000000471e+01 6.628294372558593750e+01 6.567929736536976998e+04 1.118014094863518011e+02 2.146649540492466883e+02 2.001181030273438068e+02 
2.099997901916503906e+01 2.656663818359375000e+02 6.000000000000000000e+00 9.013750000000000223e-05 1.542517999999999863e-08 9.610012999999999295e+01 1.381248000000000076e+01 7.414250180000000512e+01 1.692785835266112926e+01 2.143092643126960029e+05 -1.350000000000000000e+02 2.196798540674998037e+02 1.961023559570311932e+02 
1.133332157135009943e+01 2.976663513183593750e+02 7.000000000000000000e+00 1.867665000000000015e-04 5.290356000000000048e-08 7.168617999999999313e+01 1.088129999999999953e+01 6.268469240000000298e+01 2.718423843383789062e+01 2.827243436898041909e+04 1.534349488229219958e+02 2.077671545119513041e+02 1.934252014160155966e+02 
1.133332157135009943e+01 3.173330078125000000e+02 7.000000000000000000e+00 1.023810999999999905e-03 5.528297999999999969e-08 9.614921999999999969e+01 7.137785000000000046e+00 7.066477199999999925e+01 1.211532974243164062e+01 1.172046101075337938e+05 1.800000000000000000e+02 2.238202567264951881e+02 2.114960632324219034e+02 
1.866664695739746094e+01 2.663330688476561932e+02 7.000000000000000000e+00 9.521741000000000016e-04 5.885806999999999918e-08 8.130122000000000071e+01 9.032849999999999824e+00 8.478309629999999686e+01 1.701147079467773082e+01 5.201013509665080164e+03 -1.350000000000000000e+02 2.273917350769042969e+02 2.248818969726561932e+02 
2.433330726623535156e+01 2.866663818359375000e+02 7.000000000000000000e+00 3.545493000000000039e-04 4.701170000000000135e-08 9.848081999999999425e+01 1.381408000000000058e+01 6.542266080000000272e+01 0.000000000000000000e+00 1.725950493696051999e+05 0.000000000000000000e+00 2.103029789579086923e+02 1.907480316162109091e+02 
2.733330535888671875e+01 2.936663513183593750e+02 8.000000000000000000e+00 7.165561999999999886e-04 5.981433000000000142e-08 9.027181000000000211e+01 9.404502000000000805e+00 6.979082490000000405e+01 5.927312469482421875e+01 2.427461453114690958e+05 1.268698976458440058e+02 2.165476999714146871e+02 1.954330749511719034e+02 
1.099998855590819957e+01 3.263330078125000000e+02 8.000000000000000000e+00 1.743133000000000009e-03 1.892699000000000079e-07 8.079671999999999343e+01 1.422078999999999915e+01 6.834433749999999463e+01 7.161569213867187500e+01 2.330911087652904098e+05 1.209637565320735035e+02 2.192335364722102895e+02 1.974409484863280966e+02 
1.933331298828125000e+01 2.666663818359375000e+02 8.000000000000000000e+00 2.448749000000000065e-03 1.004906000000000012e-07 8.984587000000000501e+01 7.608839999999999826e+00 7.637932589999999777e+01 2.331609153747558949e+01 1.192442283415812999e+05 1.800000000000000000e+02 2.150607681274414062e+02 1.981102294921875000e+02 
2.266664314270019887e+01 2.899996948242188068e+02 8.000000000000000000e+00 1.286898000000000024e-05 -8.619627999999999302e-09 6.663397999999999399e+01 1.337617999999999974e+01 7.384568020000000388e+01 6.975289916992187500e+01 1.911593301341648912e+05 -1.705376777919744029e+02 2.153877051145036035e+02 1.981102294921875000e+02 
1.566665077209473012e+01 3.156663513183593750e+02 8.000000000000000000e+00 1.823364999999999914e-04 3.207805000000000050e-08 8.317404999999999404e+01 1.170777000000000001e+01 7.063353730000000041e+01 1.715797805786133168e+01 2.142449416064964898e+05 -1.350000000000000000e+02 2.161397884981132052e+02 1.954330749511719034e+02 
2.666663932800292969e+01 2.823330383300781250e+02 9.000000000000000000e+00 2.571690000000000174e-03 1.203754000000000126e-07 9.448248999999999853e+01 1.078729000000000049e+01 7.534468839999999545e+01 1.104196739196776988e+01 7.362818814179094625e+04 1.800000000000000000e+02 2.206876660664875942e+02 2.041338653564453125e+02 
1.166665458679199041e+01 3.059996948242188068e+02 9.000000000000000000e+00 1.377860999999999973e-03 4.896986000000000278e-08 9.424129000000000644e+01 1.002121999999999957e+01 9.381189729999999827e+01 1.210000801086425959e+01 7.939388546793445130e+04 1.800000000000000000e+02 2.163852934756521051e+02 2.007873992919921875e+02 
1.333331966400145951e+01 3.283329772949218750e+02 9.000000000000000000e+00 2.891883999999999948e-03 1.194344999999999966e-07 8.207411000000000456e+01 8.481718000000000757e+00 8.372441860000000702e+01 6.123782730102539062e+01 1.736657349679211984e+04 -1.268698976458440058e+02 2.199394308236929021e+02 2.074803161621094034e+02 
1.933331298828125000e+01 2.766663818359375000e+02 1.000000000000000000e+01 7.412640999999999761e-04 6.234846999999999449e-08 8.326712000000000558e+01 1.300624000000000002e+01 8.395946499999999446e+01 3.397371673583983664e+01 2.654432265421905904e+05 -1.350000000000000000e+02 2.147706945651914907e+02 1.947637786865234091e+02 
2.633330535888671875e+01 3.036663513183593750e+02 1.000000000000000000e+01 3.090591000000000171e-04 6.459230999999999984e-08 8.589181999999999562e+01 2.151233999999999824e+01 7.368178559999999777e+01 1.235494232177734020e+01 1.378970612714191084e+05 9.000000000000000000e+01 2.179320169176374122e+02 2.027952728271484091e+02 
1.633331680297851918e+01 2.943330383300781250e+02 1.000000000000000000e+01 2.579764000000000015e-03 9.687506000000000482e-08 9.442407000000000039e+01 1.153883000000000081e+01 8.614314269999999851e+01 2.741594696044921875e+01 1.199223099411232979e+05 -1.165650511770780042e+02 2.139746484442071903e+02 1.900787353515625000e+02 
1.033332252502441051e+01 2.789996948242188068e+02 1.000000000000000000e+01 5.001568999999999980e-03 9.424055999999999535e-08 8.134729000000000099e+01 3.262958999999999943e+00 9.149591829999999959e+01 2.753186988830566051e+01 1.676327652214218979e+05 1.165650511770780042e+02 2.152041538607689972e+02 1.927559051513671875e+02 
1.299998664855957031e+01 2.603330688476561932e+02 7.000000000000000000e+00 2.133202999999999835e-02 2.432763000000000170e-07 9.588795000000000357e+01 4.846568999999999683e+00 8.446607210000000521e+01 1.235497474670409979e+01 6.847067851611578371e+05 -9.000000000000000000e+01 2.145340191721915915e+02 1.934252014160155966e+02 
1.566665077209473012e+01 3.036663513183593750e+02 7.000000000000000000e+00 6.849875000000000278e-04 9.968537000000000108e-08 6.685096000000000060e+01 7.515911000000000008e+00 6.716773990000000083e+01 1.713078689575194957e+01 5.686440114503398945e+04 1.350000000000000000e+02 2.187337493896484091e+02 2.054724426269530966e+02 
9.666656494140625000e+00 3.389996337890625000e+02 8.000000000000000000e+00 1.016579000000000012e-04 3.295208999999999844e-08 7.163396000000000186e+01 1.327960000000000029e+01 6.977581790000000694e+01 3.471419525146483664e+01 3.858181890873375814e+05 -1.350000000000000000e+02 2.148237333598889904e+02 1.914173278808594034e+02 
8.666657447814941406e+00 3.009996948242188068e+02 8.000000000000000000e+00 3.504095999999999730e-04 -2.146778999999999996e-08 7.724129000000000644e+01 3.147867000000000193e+00 8.274727629999999579e+01 3.706492614746093750e+01 1.478986385042794864e+05 9.000000000000000000e+01 2.148916435591671075e+02 1.947637786865234091e+02 
1.299998664855957031e+01 3.206663208007811932e+02 9.000000000000000000e+00 9.259826000000000515e-03 2.443682999999999847e-07 8.515287999999999613e+01 5.811552999999999969e+00 7.493710330000000397e+01 2.701720619201660156e+01 2.570564234733686899e+05 1.534349488229219958e+02 2.176172912915548068e+02 1.947637786865234091e+02 
1.166665458679199041e+01 3.386663208007811932e+02 9.000000000000000000e+00 1.818739999999999897e-03 1.478725999999999950e-07 7.550261999999999318e+01 1.075677999999999912e+01 7.571682739999999967e+01 2.420001411437987926e+01 1.129563557263336988e+05 1.800000000000000000e+02 2.024287588936942086e+02 1.887401580810546875e+02 
1.933331298828125000e+01 3.073330078125000000e+02 9.000000000000000000e+00 6.368594999999999898e-04 2.768900000000000065e-08 8.477715000000000600e+01 3.704191999999999929e+00 8.328224950000000604e+01 2.640810966491698863e+01 1.024405410004266014e+05 -1.534349488229219958e+02 2.136140741275835921e+02 1.994488220214844034e+02 
2.566663932800292969e+01 3.099996643066406250e+02 9.000000000000000000e+00 1.495687000000000101e-04 6.097113000000000553e-08 6.618429999999999325e+01 1.486003000000000007e+01 6.597289279999999678e+01 1.116618442535400035e+01 1.536051042203106044e+05 1.800000000000000000e+02 2.177625738574612910e+02 1.981102294921875000e+02 
1.566665077209473012e+01 2.623330688476561932e+02 8.000000000000000000e+00 1.757569999999999966e-03 -8.573856000000000300e-08 7.951707000000000392e+01 5.145280999999999771e+00 7.565576169999999934e+01 1.372793579101561932e+02 3.176151047596801072e+04 -6.343494882292200998e+01 2.207267068227131972e+02 1.954330749511719034e+02 
1.099998855590819957e+01 3.059996948242188068e+02 8.000000000000000000e+00 2.187208999999999855e-03 6.918312999999999992e-08 8.768326999999999316e+01 6.294944000000000095e+00 8.626141359999999736e+01 3.638376617431641336e+01 1.267705333203058981e+05 1.800000000000000000e+02 2.157610163587204966e+02 1.981102294921875000e+02 
1.199998760223389027e+01 3.169996643066406250e+02 9.000000000000000000e+00 2.660549999999999807e-03 1.222628000000000034e-07 8.773494999999999777e+01 6.411024000000000278e+00 6.955513000000000545e+01 2.713084983825683949e+01 6.853941201739363896e+04 1.534349488229219958e+02 2.124540683521944118e+02 1.981102294921875000e+02 
2.899996948242187855e+01 2.756663818359375000e+02 9.000000000000000000e+00 1.092875000000000096e-03 2.025763000000000032e-07 8.452537999999999840e+01 2.318440000000000012e+01 6.667034909999999570e+01 2.161139678955078125e+01 3.122843124178370999e+04 0.000000000000000000e+00 2.192958814180813931e+02 2.068110198974609091e+02 
8.999990463256835938e+00 3.249996643066406250e+02 9.000000000000000000e+00 8.053787999999999225e-03 1.720551999999999987e-07 8.910987000000000080e+01 4.454733000000000054e+00 7.673293300000000272e+01 4.434572982788085938e+01 4.163323512990541058e+05 1.236900675259797993e+02 2.203232976559318956e+02 1.920866088867188068e+02 
2.966663551330566051e+01 3.069996948242188068e+02 1.000000000000000000e+01 2.768059000000000123e-04 5.729717999999999797e-08 7.710241000000000611e+01 1.023779000000000039e+01 6.253175739999999649e+01 2.474137687683105113e+01 1.073554480514118950e+04 2.656505117707799002e+01 2.248075273301865877e+02 2.155118103027344034e+02 
1.199998760223389027e+01 3.389996337890625000e+02 7.000000000000000000e+00 5.654794000000000313e-03 1.376367000000000006e-07 9.317847000000000435e+01 5.555007999999999946e+00 7.657807160000000124e+01 2.713173103332519887e+01 9.006926970748759049e+04 1.534349488229219958e+02 2.166905651946566138e+02 1.967716522216796875e+02 
1.199998760223389027e+01 2.669997253417968750e+02 7.000000000000000000e+00 4.860492000000000219e-04 -5.668612999999999727e-08 9.061839000000000510e+01 1.252731999999999957e+01 6.931273649999999975e+01 2.414023399353026988e+01 2.526568864088268019e+05 1.800000000000000000e+02 2.073948740857713062e+02 1.860629882812500000e+02 
2.766663742065430043e+01 2.726663818359375000e+02 8.000000000000000000e+00 2.625258999999999796e-04 3.437963000000000197e-08 8.314658000000000015e+01 1.013082999999999956e+01 7.328889470000000017e+01 1.094260787963867010e+01 3.287584831829564064e+04 1.800000000000000000e+02 2.173957423457393077e+02 2.048031463623046875e+02 
1.799998092651366832e+01 2.943330383300781250e+02 8.000000000000000000e+00 2.760371000000000179e-03 1.670670999999999886e-07 7.018326999999999316e+01 5.664752000000000010e+00 7.300070949999999925e+01 1.175054931640625000e+01 1.957800368218373915e+05 1.800000000000000000e+02 2.053341208902994879e+02 1.860629882812500000e+02 
1.833331489562987926e+01 3.039996948242188068e+02 8.000000000000000000e+00 3.844243000000000117e-04 2.334803000000000132e-08 9.340538999999999703e+01 4.544171999999999656e+00 7.238256069999999909e+01 1.235494232177734020e+01 4.521664011902008206e+05 -9.000000000000000000e+01 2.198284524263497133e+02 1.974409484863280966e+02 
1.766664886474609020e+01 3.249996643066406250e+02 9.000000000000000000e+00 7.096325000000000332e-04 1.737094000000000057e-07 9.187533999999999423e+01 1.657460999999999984e+01 4.946293260000000203e+01 5.310043334960938211e+01 4.580193568530183984e+04 1.534349488229219958e+02 2.183610796247209862e+02 2.027952728271484091e+02 
1.466665172576903942e+01 3.229996643066406250e+02 1.000000000000000000e+01 9.561714000000000454e-04 1.000804999999999941e-07 7.874117999999999995e+01 8.186806000000000694e+00 6.521901699999999380e+01 7.574666595458984375e+01 6.780639443698679679e+04 1.843494882292200998e+01 2.257611574659161136e+02 2.114960632324219034e+02 
1.799998092651366832e+01 2.783330383300781250e+02 1.000000000000000000e+01 3.407424000000000260e-04 5.680184999999999985e-08 7.240301999999999794e+01 1.488772999999999946e+01 8.227394870000000537e+01 8.219453430175781250e+01 5.076736319580827258e+05 -1.165650511770780042e+02 2.130738018987111104e+02 1.887401580810546875e+02 
