1.966664695739746094e+01 1.456665191650390909e+02 7.000000000000000000e+00 5.870517000000000226e-04 6.520914999999999996e-08 6.936230000000000473e+01 9.421034000000000574e+00 8.144492339999999331e+01 3.706495666503906250e+01 5.169261733300561900e+03 9.000000000000000000e+01 2.278937034606933878e+02 2.255511779785155966e+02 
2.099997901916503906e+01 1.463331756591796875e+02 7.000000000000000000e+00 5.787153000000000392e-04 6.714463000000000453e-08 6.527790000000000248e+01 6.249477999999999867e+00 7.536635590000000207e+01 0.000000000000000000e+00 1.052503426368663931e+05 0.000000000000000000e+00 2.106716922666967946e+02 1.887401580810546875e+02 
1.666664886474609020e+01 1.433331909179688068e+02 8.000000000000000000e+00 1.750293999999999949e-04 2.578929999999999986e-08 8.232974000000000103e+01 1.274578999999999951e+01 8.098958589999999447e+01 4.401179122924804688e+01 3.024888803754370019e+04 -1.236900675259797993e+02 2.136785357931385931e+02 1.920866088867188068e+02 
1.366665267944335938e+01 1.336665344238280966e+02 8.000000000000000000e+00 2.105983000000000074e-03 7.872326999999999630e-08 9.451243999999999801e+01 1.050323000000000029e+01 8.634303280000000314e+01 4.795198059082031250e+01 4.922242826777296723e+05 1.800000000000000000e+02 2.166091595988287111e+02 1.820472412109375000e+02 
1.199998760223389027e+01 1.143332138061523011e+02 9.000000000000000000e+00 1.692932999999999981e-03 1.782452999999999953e-07 7.053309000000000140e+01 1.175962999999999958e+01 7.438414000000000215e+01 9.956613922119140625e+01 2.847078971498102765e+05 8.287498365109819076e+01 2.170429746519845082e+02 1.900787353515625000e+02 
7.333325862884520596e+00 1.326665344238280966e+02 9.000000000000000000e+00 1.055674000000000017e-04 -2.298984000000000134e-08 7.919173000000000684e+01 1.580011000000000010e+01 8.194918060000000537e+01 2.757309532165526988e+01 3.459504871306532877e+05 1.165650511770780042e+02 2.102813261137233951e+02 1.840551147460938068e+02 
9.666656494140625000e+00 1.296665344238280966e+02 1.000000000000000000e+01 4.641445000000000119e-03 1.092165000000000039e-07 8.802834000000000003e+01 3.318623999999999796e+00 7.682314300000000173e+01 6.083621597290039062e+01 3.639778424630754162e+05 1.800000000000000000e+02 2.105530845330106899e+02 1.840551147460938068e+02 
1.466665172576903942e+01 1.489998474121094034e+02 7.000000000000000000e+00 4.124394999999999667e-05 2.359633000000000096e-08 6.845192000000000121e+01 1.651274000000000086e+01 6.966532899999999984e+01 4.350134658813477273e+01 4.061140775206952821e+05 1.463099324740202007e+02 2.164413837108737084e+02 1.920866088867188068e+02 
9.666656494140625000e+00 1.553331756591796875e+02 1.000000000000000000e+01 1.459072999999999967e-03 7.652708000000000660e-08 9.359461000000000297e+01 1.210688000000000031e+01 8.227861790000000042e+01 4.433257675170897727e+01 3.425855444764554850e+05 5.630993247402020785e+01 2.214216812797214970e+02 1.934252014160155966e+02 
1.399998569488525035e+01 1.213332061767577983e+02 1.000000000000000000e+01 3.924330999999999653e-03 1.908803999999999944e-07 8.034122000000000696e+01 9.292941000000000784e+00 7.707906339999999545e+01 1.235500621795653942e+01 1.625571076644154091e+05 9.000000000000000000e+01 2.199115800701204080e+02 1.880708618164061932e+02 
6.666659832000732422e+00 1.369998626708984091e+02 1.000000000000000000e+01 1.102750000000000072e-05 4.086319999999999595e-09 8.850314000000000192e+01 1.693618999999999986e+01 8.429975129999999695e+01 5.515446853637695312e+01 6.147251626042869175e+05 6.343494882292200998e+01 2.144715164421403131e+02 1.907480316162109091e+02 
1.299998664855957031e+01 1.413331909179688068e+02 7.000000000000000000e+00 7.995799000000000049e-04 8.452924999999999573e-08 7.555472000000000321e+01 1.044801000000000002e+01 7.533977509999999711e+01 8.638583374023437500e+01 2.085730639062359987e+05 -1.350000000000000000e+02 2.108696754651192009e+02 1.900787353515625000e+02 
1.133332157135009943e+01 1.419998474121094034e+02 7.000000000000000000e+00 3.683013000000000037e-05 2.382310999999999964e-08 5.474295000000000044e+01 1.254332999999999920e+01 7.492966459999999529e+01 7.801353454589843750e+01 6.735063667120367427e+03 -7.156505117707799002e+01 2.302362213134765909e+02 2.275590515136719034e+02 
6.333326816558837891e+00 1.226665420532226989e+02 8.000000000000000000e+00 6.678347999999999370e-05 -1.388058000000000047e-08 7.316827000000000680e+01 8.942674000000000234e+00 7.974901579999999512e+01 1.741081047058105113e+01 1.092064774537352969e+04 4.500000000000000000e+01 2.197785453796387003e+02 2.081496124267578125e+02 
2.566663932800292969e+01 1.446665191650390909e+02 8.000000000000000000e+00 2.479992000000000090e-04 4.883301999999999770e-08 7.357008000000000436e+01 1.197774000000000072e+01 7.230175020000000075e+01 3.706502151489257812e+01 5.573865961992969824e+04 9.000000000000000000e+01 2.152589694552951016e+02 2.014566955566405966e+02 
1.266665363311767933e+01 1.533331756591796875e+02 8.000000000000000000e+00 6.135796000000000435e-04 4.591918000000000024e-08 9.112579999999999814e+01 1.020644000000000062e+01 7.698033909999999480e+01 1.726656532287598012e+01 2.357456205105108966e+05 -1.350000000000000000e+02 2.153597011566162109e+02 1.874015808105469034e+02 
1.299998664855957031e+01 1.693331604003905966e+02 9.000000000000000000e+00 3.332153999999999932e-03 1.046300999999999967e-07 7.936360999999999422e+01 4.002261999999999986e+00 8.059822850000000471e+01 2.410862541198730113e+01 1.740650760231963941e+05 1.800000000000000000e+02 2.135914600078876049e+02 1.961023559570311932e+02 
1.733331489562987926e+01 1.486665191650390909e+02 9.000000000000000000e+00 5.223301999999999546e-04 4.101994000000000011e-08 6.716720999999999719e+01 4.640304000000000428e+00 8.448150630000000660e+01 3.544517135620117188e+01 1.088163609234970063e+05 1.800000000000000000e+02 2.165601001417780083e+02 1.894094543457030966e+02 
9.666656494140625000e+00 1.353331909179688068e+02 1.000000000000000000e+01 3.360376999999999895e-03 1.241189000000000090e-07 8.206622000000000128e+01 6.194191000000000003e+00 7.907152560000000108e+01 1.216755390167235973e+01 7.039180797649106535e+04 0.000000000000000000e+00 2.168117804894081075e+02 1.927559051513671875e+02 
4.999994754791259766e+00 1.306665344238280966e+02 6.000000000000000000e+00 1.587531000000000098e-04 3.467835999999999687e-08 7.863110000000000355e+01 1.733936999999999884e+01 8.002226260000000480e+01 6.298427200317382812e+01 5.278420192835843191e+05 1.013099324740202007e+02 2.153609610839210973e+02 1.874015808105469034e+02 
2.599997329711914062e+01 1.373331909179688068e+02 7.000000000000000000e+00 3.959271000000000196e-06 1.590910999999999946e-09 8.629795000000000016e+01 3.016188999999999787e+00 6.064182660000000169e+01 4.140113449096679688e+01 4.686997133764156752e+04 1.463099324740202007e+02 2.221694994474711962e+02 2.068110198974609091e+02 
2.466664123535155895e+01 1.783331451416015909e+02 8.000000000000000000e+00 4.930273000000000018e-05 2.430764999999999929e-08 5.768800999999999846e+01 1.073263000000000034e+01 7.336759189999999364e+01 4.328916168212891336e+01 4.117882874506180815e+04 1.236900675259797993e+02 2.168503940466677875e+02 2.068110198974609091e+02 
2.166664314270019887e+01 1.739998168945311932e+02 8.000000000000000000e+00 2.484637999999999842e-04 4.385321999999999966e-08 6.720539999999999736e+01 5.856682000000000166e+00 6.722937770000000057e+01 1.235494232177734020e+01 6.134274914411920327e+04 -9.000000000000000000e+01 2.142429466247558878e+02 1.994488220214844034e+02 
1.899998092651366832e+01 1.173332138061523011e+02 9.000000000000000000e+00 1.610735999999999982e-03 1.444184000000000116e-07 7.582667999999999608e+01 1.536517000000000088e+01 8.374034120000000314e+01 2.644993782043457031e+01 1.986544533480287064e+05 -1.534349488229219958e+02 2.129221352969898930e+02 1.867322845458984091e+02 
1.766664886474609020e+01 1.446665191650390909e+02 9.000000000000000000e+00 5.618202000000000525e-04 5.819470999999999952e-08 7.736930999999999869e+01 1.053087000000000018e+01 7.904267120000000091e+01 2.656992721557616832e+01 1.700532627616706886e+05 1.534349488229219958e+02 2.163304065410908095e+02 1.981102294921875000e+02 
1.166665458679199041e+01 1.399998474121094034e+02 9.000000000000000000e+00 1.639195000000000083e-04 1.238881999999999982e-08 8.023153999999999542e+01 4.898591999999999835e+00 8.848066710000000512e+01 6.049847030639647727e+01 3.793956347797358176e+05 1.800000000000000000e+02 2.141257619654878965e+02 1.880708618164061932e+02 
1.099998855590819957e+01 1.383331909179688068e+02 1.000000000000000000e+01 1.662171999999999955e-03 1.427967999999999939e-07 8.657214999999999350e+01 1.871900000000000119e+01 8.097210690000000000e+01 1.230001602172851989e+02 8.926615137315051397e+05 -1.268698976458440058e+02 2.160440199748578891e+02 1.840551147460938068e+02 
1.599998283386229936e+01 1.303331909179688068e+02 6.000000000000000000e+00 1.550854999999999909e-04 1.674625000000000015e-08 8.518501999999999441e+01 1.283512999999999948e+01 9.354172520000000191e+01 5.151243209838867188e+01 4.265454328899189131e+05 -1.350000000000000000e+02 2.065064245170852928e+02 1.793700714111328125e+02 
1.399998569488525035e+01 1.299998626708984091e+02 7.000000000000000000e+00 1.541400000000000062e-03 4.018887000000000165e-08 7.983691000000000315e+01 1.801209999999999978e+00 8.920740510000000256e+01 1.235497474670409979e+01 2.093228951243690972e+05 -9.000000000000000000e+01 2.064571953062799139e+02 1.900787353515625000e+02 
1.833331489562987926e+01 1.496665039062500000e+02 7.000000000000000000e+00 6.842797000000000072e-04 5.063771000000000008e-08 6.811308999999999969e+01 5.931821000000000232e+00 8.680044560000000331e+01 2.653021049499512074e+01 7.040943966623445158e+04 -1.534349488229219958e+02 2.100459312156395129e+02 1.940944824218750000e+02 
6.666659832000732422e+00 1.426665191650390909e+02 8.000000000000000000e+00 6.805518999999999783e-05 2.118092000000000051e-08 7.944178999999999746e+01 2.020991000000000071e+01 8.167704770000000281e+01 5.516279983520507812e+01 1.773260894417377858e+04 1.165650511770780042e+02 2.292580284705528868e+02 2.248818969726561932e+02 
1.833331489562987926e+01 1.576665039062500000e+02 8.000000000000000000e+00 6.673532999999999993e-05 1.432135000000000039e-08 9.184515000000000384e+01 1.516649999999999920e+01 7.557073970000000429e+01 3.511547470092772727e+01 7.291139323659951333e+05 1.800000000000000000e+02 2.152835359028408106e+02 1.847244110107421875e+02 
2.466664123535155895e+01 1.459998474121094034e+02 8.000000000000000000e+00 3.580506999999999836e-05 1.572175999999999969e-08 7.686655000000000371e+01 1.399422000000000033e+01 6.783690640000000371e+01 2.560371017456055043e+01 3.716270039290076820e+05 2.656505117707799002e+01 2.178094124505983871e+02 2.001181030273438068e+02 
8.999990463256835938e+00 1.379998626708984091e+02 1.000000000000000000e+01 1.711830999999999975e-04 -2.306116999999999844e-08 8.222809999999999775e+01 1.576781000000000077e+01 9.250084689999999910e+01 8.688269042968750000e+01 7.227010105279501295e+05 -4.500000000000000000e+01 2.140187772997772129e+02 1.887401580810546875e+02 
1.599998283386229936e+01 1.373331909179688068e+02 1.000000000000000000e+01 6.894104000000000291e-04 1.034862999999999941e-07 7.365456000000000358e+01 1.813502000000000081e+01 8.224024959999999851e+01 1.713044929504394887e+01 5.550207811698361184e+04 1.350000000000000000e+02 2.142847776867093899e+02 1.987795257568359091e+02 
7.666658878326416016e+00 1.033332290649414062e+02 1.000000000000000000e+01 3.769477000000000027e-04 3.979559000000000278e-08 8.438790000000000191e+01 1.189539000000000080e+01 8.008157350000000463e+01 2.745405578613280895e+01 2.232847763628778048e+05 -2.656505117707799002e+01 2.153118410808284011e+02 1.887401580810546875e+02 
1.633331680297851918e+01 1.433331909179688068e+02 7.000000000000000000e+00 6.400744999999999785e-04 4.616010999999999974e-08 6.247285000000000110e+01 2.495295000000000041e+00 8.244249729999999943e+01 3.768199920654296875e+01 5.145409779424964654e+04 1.615650511770780042e+02 2.253109232584635038e+02 2.128346557617188068e+02 
1.699998283386230113e+01 1.339998626708984091e+02 7.000000000000000000e+00 7.149669000000000206e-04 1.186223999999999968e-07 5.268486000000000047e+01 9.253626999999999825e+00 8.441167450000000372e+01 2.470994949340819957e+01 3.548029089551999641e+04 -9.000000000000000000e+01 2.229979615388093066e+02 2.128346557617188068e+02 
2.866663742065430043e+01 1.236665344238280966e+02 8.000000000000000000e+00 4.360240000000000117e-05 1.463611999999999971e-08 8.657173000000000229e+01 1.106006000000000000e+01 6.111139680000000141e+01 4.920623016357421875e+01 4.585606188822146942e+04 4.500000000000000000e+01 2.113727738229852093e+02 1.961023559570311932e+02 
7.333325862884520596e+00 1.546665039062500000e+02 8.000000000000000000e+00 1.088502000000000089e-03 9.085026999999999630e-08 6.882447000000000514e+01 1.021859000000000073e+01 8.775510409999999695e+01 1.739817810058594105e+01 4.761287977919491823e+05 1.350000000000000000e+02 2.092128238786970087e+02 1.827165374755859091e+02 
8.999990463256835938e+00 1.443331756591796875e+02 8.000000000000000000e+00 2.829414999999999947e-04 8.012549999999999840e-08 9.612188000000000443e+01 3.457215000000000060e+01 7.232720949999999505e+01 1.241420745849608949e+02 7.017459425177825615e+05 9.571059313749964303e+01 2.119870497950255981e+02 1.853937072753905966e+02 
1.766664886474609020e+01 1.493331756591796875e+02 9.000000000000000000e+00 1.746831000000000013e-04 4.188421999999999705e-08 7.964451999999999998e+01 1.776358000000000104e+01 7.498151400000000422e+01 1.235494232177734020e+01 3.688848299170691753e+05 9.000000000000000000e+01 2.053205454400244889e+02 1.827165374755859091e+02 
7.333325862884520596e+00 1.539998321533203125e+02 9.000000000000000000e+00 5.758353999999999789e-05 -1.482952000000000030e-08 8.730324000000000240e+01 1.795193000000000083e+01 7.977156829999999843e+01 2.572067260742188068e+02 2.588080417718325043e+04 1.546538240580532886e+02 2.151595539293790864e+02 1.967716522216796875e+02 
9.333323478698730469e+00 1.553331756591796875e+02 1.000000000000000000e+01 2.980875000000000018e-04 2.650614000000000087e-08 7.711150999999999556e+01 7.657089000000000034e+00 8.603389740000000074e+01 4.941989898681641336e+01 1.219878615662356060e+04 9.000000000000000000e+01 2.178915134006076073e+02 2.001181030273438068e+02 
1.333331966400145951e+01 1.156665496826172017e+02 1.000000000000000000e+01 1.904646999999999926e-04 5.195929000000000204e-08 7.131950000000000500e+01 1.738703999999999894e+01 7.667662810000000206e+01 3.601531600952147727e+01 1.830996310374888126e+05 1.800000000000000000e+02 2.183941616977218132e+02 1.954330749511719034e+02 
1.199998760223389027e+01 1.279998626708983949e+02 6.000000000000000000e+00 1.334534000000000067e-02 2.090301000000000051e-07 9.156226999999999805e+01 4.250710999999999906e+00 7.941722110000000612e+01 2.419951820373535156e+01 9.271793154802636127e+04 1.800000000000000000e+02 2.178979810631792873e+02 1.981102294921875000e+02 
1.199998760223389027e+01 1.349998626708984091e+02 7.000000000000000000e+00 3.178581000000000201e-03 1.603933000000000020e-07 7.417041999999999291e+01 8.315922000000000480e+00 8.201144410000000562e+01 1.728774261474609020e+01 1.143240416295388946e+06 -1.350000000000000000e+02 2.145581502959201998e+02 1.860629882812500000e+02 
1.333331966400145951e+01 1.393331909179688068e+02 7.000000000000000000e+00 6.502256000000000312e-04 5.200284000000000113e-08 8.812627999999999417e+01 9.245077000000000211e+00 7.382160949999999389e+01 3.606615447998046875e+01 3.714015404620242771e+05 1.800000000000000000e+02 2.150880882208296043e+02 1.874015808105469034e+02 
1.566665077209473012e+01 1.243332061767577983e+02 8.000000000000000000e+00 1.141131000000000090e-03 6.961622999999999339e-08 8.076815000000000566e+01 8.716516999999999626e+00 8.242668910000000437e+01 3.568822860717772727e+01 2.009928819070658938e+05 1.800000000000000000e+02 2.124559687564247952e+02 1.914173278808594034e+02 
2.099997901916503906e+01 1.599998321533203125e+02 8.000000000000000000e+00 3.531305000000000099e-04 4.132751000000000053e-08 6.311426000000000158e+01 2.951401999999999859e+00 7.244535829999999521e+01 1.689327812194823863e+01 2.307100244451177059e+04 1.350000000000000000e+02 2.146194246080187042e+02 1.947637786865234091e+02 
1.333331966400145951e+01 1.419998474121094034e+02 9.000000000000000000e+00 5.260578999999999603e-03 1.441798000000000004e-07 8.836342999999999392e+01 6.588843999999999923e+00 8.039553069999999479e+01 3.445426559448242188e+01 1.056190973491713958e+05 1.350000000000000000e+02 2.149357127901874094e+02 2.001181030273438068e+02 
1.333331966400145951e+01 1.726664886474609091e+02 9.000000000000000000e+00 1.118158000000000010e-04 3.080003000000000081e-08 7.721545000000000414e+01 1.577256999999999998e+01 7.396527860000000487e+01 1.723305702209473012e+01 2.539453117429560007e+04 1.350000000000000000e+02 2.215706602397717973e+02 2.061417388916015909e+02 
1.366665267944335938e+01 1.636664886474609091e+02 1.000000000000000000e+01 9.591349999999999572e-04 8.940831999999999840e-08 6.192005000000000337e+01 5.430286999999999864e+00 7.872095489999999529e+01 1.202271556854248047e+01 9.214391130660957424e+04 0.000000000000000000e+00 2.152402153567990979e+02 1.947637786865234091e+02 
1.166665458679199041e+01 1.356665191650390909e+02 1.000000000000000000e+01 5.220408000000000383e-04 3.837860000000000063e-08 8.864185000000000514e+01 8.011825999999999226e+00 7.597276309999999455e+01 1.727729225158691051e+01 2.475673638228111959e+05 1.350000000000000000e+02 2.117506854015848035e+02 1.887401580810546875e+02 
8.666657447814941406e+00 1.309998626708984091e+02 6.000000000000000000e+00 1.633851000000000021e-04 3.218426999999999892e-08 8.953749999999999432e+01 2.091600999999999999e+01 7.994065860000000612e+01 1.735300445556640980e+01 5.984315913964970969e+05 1.350000000000000000e+02 2.164057187796180131e+02 1.853937072753905966e+02 
1.266665363311767933e+01 1.453331756591796875e+02 7.000000000000000000e+00 1.235726000000000034e-04 3.845685999999999990e-08 6.669608999999999810e+01 1.464589999999999925e+01 7.690441130000000669e+01 8.774822998046875000e+01 5.357859050666565963e+03 -1.463099324740202007e+02 2.283956680297852131e+02 2.215354309082030966e+02 
1.633331680297851918e+01 1.256665344238280966e+02 7.000000000000000000e+00 8.315554000000000175e-04 7.085881999999999499e-08 7.946465999999999497e+01 1.063960999999999935e+01 7.976183319999999810e+01 1.235494232177734020e+01 1.107786136235447048e+05 9.000000000000000000e+01 2.147947142464774117e+02 1.961023559570311932e+02 
2.499997329711914062e+01 1.589998321533203125e+02 7.000000000000000000e+00 4.299826999999999989e-04 7.276130000000000184e-08 6.599774999999999636e+01 8.881299999999999528e+00 7.168477629999999579e+01 2.712852287292480113e+01 1.645206971774554113e+05 1.165650511770780042e+02 2.116025420680190905e+02 1.927559051513671875e+02 
8.999990463256835938e+00 1.733331451416015909e+02 8.000000000000000000e+00 4.595680999999999898e-03 1.477457999999999941e-07 8.063137999999999295e+01 4.025413999999999604e+00 7.439324190000000669e+01 3.865285110473632812e+01 1.221387572300833999e+05 -1.615650511770780042e+02 2.121430460611979072e+02 1.894094543457030966e+02 
1.199998760223389027e+01 1.269998703002929972e+02 8.000000000000000000e+00 2.645831999999999980e-04 6.001735999999999632e-08 7.752710999999999331e+01 2.246712000000000131e+01 8.202745819999999810e+01 2.748631095886230113e+01 4.347465014453636832e+05 1.165650511770780042e+02 2.136712607866452061e+02 1.887401580810546875e+02 
1.599998283386229936e+01 1.509998474121094034e+02 8.000000000000000000e+00 1.479693000000000024e-03 1.198663999999999913e-07 7.454294000000000153e+01 1.120271999999999935e+01 8.065496829999999306e+01 6.022229766845703125e+01 1.940614048541508964e+05 1.431301023541560085e+02 2.122199914633822004e+02 1.827165374755859091e+02 
5.333327770233154297e+00 1.569998321533203125e+02 8.000000000000000000e+00 1.271119000000000025e-03 8.905198000000000250e-08 8.660062000000000637e+01 1.389653999999999989e+01 8.292344669999999951e+01 5.519230651855468750e+01 4.756733273504272802e+05 1.165650511770780042e+02 2.116595400667739000e+02 1.853937072753905966e+02 
1.699998283386230113e+01 1.403331909179688068e+02 9.000000000000000000e+00 3.547507999999999781e-04 3.935217000000000184e-08 7.303266999999999598e+01 7.287617000000000012e+00 7.789885710000000074e+01 9.955062866210937500e+01 4.463728377880650078e+04 -9.712501634890180924e+01 2.189960645787855924e+02 1.967716522216796875e+02 
1.733331489562987926e+01 1.356665191650390909e+02 1.000000000000000000e+01 5.427058999999999703e-04 7.289660999999999566e-08 6.904286000000000456e+01 9.561593000000000231e+00 7.575068659999999454e+01 3.890554046630858664e+01 3.239624048020701157e+05 -1.084349488229219958e+02 2.077323158665707012e+02 1.874015808105469034e+02 
1.099998855590819957e+01 1.169998779296875000e+02 1.000000000000000000e+01 3.313083999999999994e-03 8.859115000000000380e-08 9.853637000000000512e+01 8.692857999999999308e+00 8.536980440000000669e+01 3.899658584594727273e+01 5.395137574995042814e+04 1.084349488229219958e+02 2.213681110382080135e+02 2.014566955566405966e+02 
1.066665554046631037e+01 1.623331604003905966e+02 1.000000000000000000e+01 5.036583000000000292e-04 6.136895000000000241e-08 5.917257000000000033e+01 4.994159999999999933e+00 7.869853969999999777e+01 3.642429351806641336e+01 1.633339714785387914e+05 1.800000000000000000e+02 2.050133405953399119e+02 1.820472412109375000e+02 
1.099998855590819957e+01 1.366665191650390909e+02 1.000000000000000000e+01 1.363702000000000056e-03 5.261898000000000310e-08 9.296348000000000411e+01 8.382443999999999562e+00 8.636938480000000595e+01 9.589511871337890625e+01 1.079292730768118963e+04 -1.298055710922652111e+02 2.212007865905762003e+02 2.108267669677734091e+02 
1.033332252502441051e+01 1.333331909179688068e+02 1.000000000000000000e+01 2.471392000000000207e-03 9.781346000000000480e-08 9.056708999999999321e+01 9.667685999999999780e+00 8.293051909999999793e+01 3.462591552734375000e+01 1.202130970194411057e+05 4.500000000000000000e+01 2.113231012580100128e+02 1.867322845458984091e+02 
8.999990463256835938e+00 1.283332061767578125e+02 7.000000000000000000e+00 3.276587000000000076e-03 8.396552000000000475e-08 8.182684000000000424e+01 2.575683000000000167e+00 8.077619930000000181e+01 1.220314407348632990e+01 1.031369401965168072e+05 1.800000000000000000e+02 2.123062581514057001e+02 1.920866088867188068e+02 
1.333331966400145951e+01 1.519998474121094034e+02 7.000000000000000000e+00 5.675104999999999733e-04 4.632708999999999744e-08 7.911912999999999840e+01 7.478411999999999615e+00 7.807793429999999546e+01 3.616316223144531250e+01 1.430889820867014059e+05 1.800000000000000000e+02 2.159309013580607086e+02 1.907480316162109091e+02 
1.166665458679199041e+01 1.543331756591796875e+02 8.000000000000000000e+00 1.483294000000000019e-03 5.982795000000000204e-08 8.543555000000000632e+01 6.688958000000000403e+00 8.498441309999999760e+01 3.634200286865233664e+01 1.586191799008976086e+05 1.800000000000000000e+02 2.125340318841448948e+02 1.867322845458984091e+02 
8.666657447814941406e+00 1.423331909179688068e+02 8.000000000000000000e+00 1.562461999999999922e-03 1.006062000000000052e-07 8.954031999999999414e+01 1.164161999999999964e+01 7.566005710000000306e+01 5.470988082885742188e+01 1.127275402838558948e+05 1.534349488229219958e+02 2.134716831804757931e+02 1.947637786865234091e+02 
1.833331489562987926e+01 1.559998321533203125e+02 8.000000000000000000e+00 1.294248000000000013e-03 1.215661000000000102e-07 7.544665999999999428e+01 9.833913000000000793e+00 7.238243099999999686e+01 1.702757644653319957e+01 4.272275834399809828e+05 4.500000000000000000e+01 2.164606552589231114e+02 1.894094543457030966e+02 
1.899998092651366832e+01 1.386665191650390909e+02 8.000000000000000000e+00 3.392214000000000112e-05 -6.638010000000000324e-09 8.475764999999999816e+01 8.874363999999999919e+00 7.924030299999999727e+01 3.403802490234375000e+01 3.935290672288992209e+05 -1.350000000000000000e+02 2.123243945030488931e+02 1.894094543457030966e+02 
1.199998760223389027e+01 1.316665344238280966e+02 9.000000000000000000e+00 5.113316999999999819e-04 4.481762000000000265e-08 7.510878999999999905e+01 6.860440999999999789e+00 7.884964750000000322e+01 1.208576297760009943e+01 4.149224894514118787e+05 1.800000000000000000e+02 2.150482893761694072e+02 1.940944824218750000e+02 
1.633331680297851918e+01 1.233332061767577983e+02 9.000000000000000000e+00 1.543873999999999984e-04 2.356213000000000123e-08 8.600990000000000180e+01 1.254311000000000043e+01 7.732006069999999909e+01 1.235500621795653942e+01 1.054254165764823993e+05 -9.000000000000000000e+01 2.141732295989990007e+02 1.887401580810546875e+02 
1.233332061767577947e+01 1.466665191650390909e+02 9.000000000000000000e+00 6.306311999999999682e-03 1.583880999999999941e-07 8.397959000000000174e+01 8.029344999999999288e+00 9.063127900000000636e+01 6.635081481933593750e+01 1.423246616289342055e+05 -1.118014094863518011e+02 2.200705701720040111e+02 1.987795257568359091e+02 
1.533331775665283025e+01 1.309998626708984091e+02 9.000000000000000000e+00 1.324695000000000083e-03 9.273385999999999682e-08 7.636208000000000595e+01 8.912731000000000847e+00 7.994277189999999678e+01 2.383042144775390980e+01 8.748651911542778544e+04 1.800000000000000000e+02 2.107659280950373102e+02 1.927559051513671875e+02 
8.999990463256835938e+00 1.399998474121094034e+02 1.000000000000000000e+01 1.684661000000000058e-03 1.285421999999999981e-07 9.246741000000000099e+01 1.536726999999999954e+01 7.388842769999999405e+01 2.738453865051269887e+01 7.601093957240890013e+05 -1.534349488229219958e+02 2.186172765504018116e+02 1.880708618164061932e+02 
1.033332252502441051e+01 1.456665191650390909e+02 1.000000000000000000e+01 2.029215000000000120e-04 2.802947999999999987e-08 8.471381999999999834e+01 1.567939999999999934e+01 8.599479680000000315e+01 1.732673263549805043e+01 3.649331163560206187e+04 4.500000000000000000e+01 2.217833218044704893e+02 2.027952728271484091e+02 
1.399998569488525035e+01 1.456665191650390909e+02 1.000000000000000000e+01 2.193992000000000078e-03 1.154872999999999968e-07 7.698690000000000566e+01 7.260672999999999710e+00 7.909837339999999983e+01 5.086102294921875000e+01 1.333517091838745000e+04 -7.596375653207353196e+01 2.216692932128906079e+02 2.108267669677734091e+02 
9.999989509582519531e+00 1.369998626708984091e+02 6.000000000000000000e+00 5.548985999999999676e-03 9.769056000000000309e-08 8.681971000000000060e+01 3.163024000000000058e+00 8.672914889999999843e+01 5.088952636718750000e+01 2.569833315378415136e+04 1.040362434679264965e+02 2.195275613885177108e+02 2.048031463623046875e+02 
1.333331966400145951e+01 1.463331756591796875e+02 8.000000000000000000e+00 3.222212999999999813e-03 9.177290000000000514e-08 8.989781999999999584e+01 6.593633999999999773e+00 8.413450620000000413e+01 6.625784301757812500e+01 1.510793737847183074e+05 1.118014094863518011e+02 2.195394062953712933e+02 1.994488220214844034e+02 
1.999997901916503906e+01 1.463331756591796875e+02 8.000000000000000000e+00 4.994358999999999865e-04 7.407145000000000647e-08 6.968913999999999476e+01 1.354043000000000063e+01 8.193076320000000123e+01 5.464410018920897727e+01 1.509573622060760972e+05 -1.165650511770780042e+02 2.188754295935997902e+02 2.001181030273438068e+02 
1.799998092651366832e+01 1.559998321533203125e+02 8.000000000000000000e+00 2.007180999999999809e-03 6.668610999999999441e-08 8.017816999999999439e+01 3.163224000000000036e+00 8.098995970000000000e+01 3.887934875488281250e+01 1.541999669447629130e+05 7.156505117707799002e+01 2.137875351986643011e+02 1.867322845458984091e+02 
1.499998474121093928e+01 1.216665420532226989e+02 8.000000000000000000e+00 6.936385999999999897e-04 2.914629000000000152e-08 9.701572000000000173e+01 3.571110000000000007e+00 7.250851439999999570e+01 8.037243652343750000e+01 2.122281217965520045e+04 2.656505117707799002e+01 2.179379940032958984e+02 2.007873992919921875e+02 
9.333323478698730469e+00 1.569998321533203125e+02 9.000000000000000000e+00 2.542797999999999977e-04 5.302588000000000260e-08 6.864122999999999308e+01 1.621184999999999832e+01 8.433505250000000331e+01 2.732345008850098012e+01 9.493091272526289686e+03 1.534349488229219958e+02 2.279415108816963880e+02 2.188582763671875000e+02 
1.299998664855957031e+01 1.409998474121094034e+02 9.000000000000000000e+00 3.612143999999999858e-03 2.168793999999999879e-07 9.327786999999999296e+01 1.401120000000000054e+01 7.009889979999999809e+01 1.725557899475098012e+01 5.564254113980949624e+05 -1.350000000000000000e+02 2.079195383145259086e+02 1.800393676757811932e+02 
1.599998283386229936e+01 1.486665191650390909e+02 1.000000000000000000e+01 1.640514999999999942e-03 8.493195999999999629e-08 7.307936999999999728e+01 7.139014999999999667e+00 8.777853389999999933e+01 2.679173851013183949e+01 2.665290114401705796e+05 -1.534349488229219958e+02 2.122117415324296132e+02 1.880708618164061932e+02 
1.666664886474609020e+01 1.429998474121094034e+02 7.000000000000000000e+00 2.855846000000000101e-04 3.702610000000000225e-08 7.852930999999999528e+01 1.272622999999999927e+01 8.337684629999999686e+01 3.418978500366210938e+01 6.581054079584819556e+04 1.350000000000000000e+02 2.203976397705077943e+02 2.081496124267578125e+02 
2.099997901916503906e+01 1.306665344238280966e+02 8.000000000000000000e+00 5.157700999999999562e-04 1.420057000000000048e-07 6.306110999999999933e+01 1.857079999999999842e+01 7.520623779999999670e+01 5.224593734741210938e+01 5.133092813124298118e+03 2.656505117707799002e+01 2.195275611877441122e+02 2.161810913085938068e+02 
2.666663932800292969e+01 1.516665039062500000e+02 8.000000000000000000e+00 5.514323000000000228e-04 6.086198999999999612e-08 6.948569000000000528e+01 7.888802000000000092e+00 7.802214050000000611e+01 2.705122756958008168e+01 5.281506645172841672e+04 1.165650511770780042e+02 2.171616931294286132e+02 2.001181030273438068e+02 
1.466665172576903942e+01 1.243332061767577983e+02 9.000000000000000000e+00 9.464869000000000537e-04 1.116180000000000006e-07 8.500952999999999804e+01 1.795662000000000091e+01 7.593254849999999578e+01 3.790029907226561789e+01 3.266986755815289216e+05 1.843494882292200998e+01 2.129108262100839966e+02 1.894094543457030966e+02 
5.666660785675048828e+00 1.356665191650390909e+02 9.000000000000000000e+00 8.088751999999999834e-04 5.464034000000000076e-08 9.025065999999999633e+01 1.150000999999999962e+01 8.142927550000000281e+01 2.457414436340332031e+01 4.029986847163611092e+05 1.800000000000000000e+02 2.140166826668431952e+02 1.900787353515625000e+02 
1.166665458679199041e+01 1.273331985473632955e+02 1.000000000000000000e+01 2.390232999999999854e-03 6.606238000000000157e-08 8.772131000000000256e+01 5.118694999999999773e+00 8.645870970000000000e+01 4.941992950439453125e+01 8.507487723602757324e+05 9.000000000000000000e+01 2.131397337326868069e+02 1.907480316162109091e+02 
9.666656494140625000e+00 1.479998474121094034e+02 1.000000000000000000e+01 6.229106000000000530e-04 3.478028000000000100e-08 8.266061000000000547e+01 6.379919000000000118e+00 8.520256809999999348e+01 3.855343627929688211e+01 1.556952648169191089e+05 -1.615650511770780042e+02 2.133991793425186927e+02 1.914173278808594034e+02 
1.699998283386230113e+01 1.659998321533203125e+02 1.000000000000000000e+01 1.375780000000000058e-03 1.278505000000000105e-07 8.296480999999999995e+01 1.721661999999999892e+01 8.089009860000000174e+01 2.668334579467773082e+01 1.130173176764124946e+05 1.534349488229219958e+02 2.172161709097929077e+02 1.987795257568359091e+02 
2.099997901916503906e+01 1.463331756591796875e+02 7.000000000000000000e+00 7.468831999999999576e-05 1.787697999999999879e-08 8.041832999999999743e+01 1.089969999999999928e+01 7.086147309999999777e+01 3.460335159301757812e+01 5.130250276512214441e+03 0.000000000000000000e+00 2.275590591430664062e+02 2.195275573730469034e+02 
1.599998283386229936e+01 1.539998321533203125e+02 7.000000000000000000e+00 1.359990000000000103e-04 8.373969999999999777e-09 8.093264000000000635e+01 1.316028999999999893e+00 8.345516200000000140e+01 3.893582534790039062e+01 4.039535306193123106e+05 -1.084349488229219958e+02 2.168219607484107030e+02 1.934252014160155966e+02 
2.499997329711914062e+01 1.539998321533203125e+02 7.000000000000000000e+00 3.846820999999999834e-03 8.888924000000000643e-08 8.847278000000000020e+01 2.321432000000000162e+00 7.556289669999999603e+01 1.235494232177734020e+01 1.667663774116139102e+05 9.000000000000000000e+01 2.165557068782065926e+02 1.981102294921875000e+02 
1.333331966400145951e+01 1.429998474121094034e+02 8.000000000000000000e+00 2.483054000000000164e-04 2.419904000000000001e-08 7.705011000000000365e+01 7.667740000000000222e+00 8.482263179999999636e+01 1.610551910400390909e+02 6.016210832696582656e+04 9.439870535499552773e+01 2.218775160047742929e+02 2.068110198974609091e+02 
2.633330535888671875e+01 1.603331604003905966e+02 8.000000000000000000e+00 8.055833000000000091e-04 9.324029999999999616e-08 5.816514999999999702e+01 4.104690999999999867e+00 7.292602540000000033e+01 4.140113449096679688e+01 7.391955630301150086e+04 3.369006752597979215e+01 2.152217854817708087e+02 1.994488220214844034e+02 
1.399998569488525035e+01 1.353331909179688068e+02 9.000000000000000000e+00 1.338237999999999928e-02 1.577528000000000122e-07 8.868421999999999628e+01 3.223269999999999857e+00 8.987458039999999926e+01 0.000000000000000000e+00 4.038060608035614132e+05 0.000000000000000000e+00 2.128015135207978972e+02 1.887401580810546875e+02 
1.099998855590819957e+01 1.673331604003905966e+02 9.000000000000000000e+00 1.201250999999999968e-03 6.651962000000000071e-08 7.085397000000000389e+01 6.037297999999999831e+00 8.821199799999999414e+01 1.235497474670409979e+01 1.753103159452842083e+05 9.000000000000000000e+01 2.200424001840445101e+02 2.021259918212890909e+02 
1.099998855590819957e+01 1.416665191650390909e+02 9.000000000000000000e+00 3.813543999999999875e-03 1.629873000000000052e-07 8.573820000000000618e+01 1.202003999999999984e+01 8.455484010000000694e+01 7.510833740234375000e+01 2.360021554845689971e+05 9.946232220802562551e+01 2.132438705008370903e+02 1.927559051513671875e+02 
1.533331775665283025e+01 1.466665191650390909e+02 1.000000000000000000e+01 4.269809000000000169e-04 6.569020999999999540e-08 6.656201000000000079e+01 1.162700000000000067e+01 8.170055390000000273e+01 5.489772415161132812e+01 1.524048639777470089e+05 -1.165650511770780042e+02 2.180900387971298073e+02 1.994488220214844034e+02 
1.599998283386229936e+01 1.529998474121094034e+02 1.000000000000000000e+01 6.142029999999999712e-03 1.726303999999999998e-07 6.540107000000000426e+01 2.797540999999999833e+00 8.792510219999999777e+01 3.424716567993164062e+01 2.508406858115340947e+04 1.350000000000000000e+02 2.236842113294098908e+02 2.175196838378905966e+02 
1.466665172576903942e+01 1.363331909179688068e+02 6.000000000000000000e+00 2.784690999999999729e-04 2.440083000000000000e-08 7.068820999999999799e+01 5.454296000000000255e+00 8.749379729999999711e+01 3.795143890380858664e+01 2.615396588691122015e+05 -1.615650511770780042e+02 2.181550041237458117e+02 1.940944824218750000e+02 
8.666657447814941406e+00 1.369998626708984091e+02 7.000000000000000000e+00 3.664067000000000018e-03 1.681753000000000117e-07 8.783280999999999494e+01 1.102191999999999972e+01 7.773790739999999744e+01 1.736947059631348012e+01 2.104291928406718071e+05 1.350000000000000000e+02 2.123078496133128112e+02 1.940944824218750000e+02 
2.466664123535155895e+01 1.503331756591796875e+02 7.000000000000000000e+00 4.637705000000000213e-04 5.349371999999999919e-08 7.156157000000000323e+01 7.657612999999999559e+00 7.561811070000000257e+01 1.235500621795653942e+01 1.373615768807411951e+04 -9.000000000000000000e+01 2.199534759521484091e+02 2.101574859619140909e+02 
1.299998664855957031e+01 1.346665191650390909e+02 7.000000000000000000e+00 7.961818999999999537e-05 3.028898000000000101e-08 8.404419000000000040e+01 2.255046000000000106e+01 7.149794769999999744e+01 3.447697448730468750e+01 1.593688048050960060e+05 1.350000000000000000e+02 2.101349841206013878e+02 1.867322845458984091e+02 
9.333323478698730469e+00 1.693331604003905966e+02 8.000000000000000000e+00 4.241767999999999738e-06 -6.389968000000000200e-09 4.551104000000000127e+01 1.079814000000000007e+01 8.024178310000000636e+01 3.901287460327147727e+01 5.422447433554161762e+03 1.084349488229219958e+02 2.285629920959472940e+02 2.248818969726561932e+02 
1.033332252502441051e+01 1.599998321533203125e+02 8.000000000000000000e+00 4.988469999999999623e-04 8.780448000000000407e-08 7.961799999999999500e+01 1.651604000000000028e+01 7.127874760000000265e+01 3.840457916259766336e+01 3.106176402337222244e+05 1.615650511770780042e+02 2.165535785177480079e+02 1.987795257568359091e+02 
1.899998092651366832e+01 1.129998855590820028e+02 8.000000000000000000e+00 2.626463999999999795e-03 1.703431999999999897e-07 8.786257000000000517e+01 1.271804000000000023e+01 7.277342989999999645e+01 5.108077621459960938e+01 2.986958944363229966e+04 -4.500000000000000000e+01 2.201095527980637883e+02 2.074803161621094034e+02 
1.333331966400145951e+01 1.319998626708984091e+02 8.000000000000000000e+00 3.275983999999999906e-04 1.245278000000000042e-07 9.965831000000000017e+01 2.433323999999999998e+01 4.937553789999999765e+01 2.470998001098633168e+01 3.195709167657343205e+05 -9.000000000000000000e+01 2.166319655414405929e+02 1.920866088867188068e+02 
1.033332252502441051e+01 1.576665039062500000e+02 1.000000000000000000e+01 3.136457999999999846e-04 4.258872000000000180e-08 8.525336000000000070e+01 1.651473000000000013e+01 8.188052369999999769e+01 3.646359634399414062e+01 9.870056372057914268e+04 1.800000000000000000e+02 2.109276240100599011e+02 1.934252014160155966e+02 
8.333324432373046875e+00 1.156665496826172017e+02 1.000000000000000000e+01 2.245492999999999881e-03 1.160360999999999997e-07 8.308674000000000603e+01 1.254350999999999949e+01 8.804230499999999893e+01 2.740268707275390980e+01 5.160449351566313999e+05 -1.534349488229219958e+02 2.157724835044458871e+02 1.920866088867188068e+02 
1.966664695739746094e+01 1.186665420532226989e+02 7.000000000000000000e+00 5.740384000000000285e-03 1.008243000000000064e-07 8.858682000000000301e+01 4.579575000000000173e+00 9.058574679999999546e+01 1.697905921936035156e+01 1.203685284340986982e+05 4.500000000000000000e+01 2.170878853746640118e+02 2.021259918212890909e+02 
1.099998855590819957e+01 1.276665344238280966e+02 8.000000000000000000e+00 1.846212999999999977e-03 5.559915999999999849e-08 9.031144999999999357e+01 6.993809999999999860e+00 9.079854579999999942e+01 3.844355010986328125e+01 5.125788654374515318e+04 1.615650511770780042e+02 2.153356837222451077e+02 1.994488220214844034e+02 
1.199998760223389027e+01 1.296665344238280966e+02 8.000000000000000000e+00 9.330464000000000119e-03 1.131779000000000039e-07 8.656860000000000355e+01 2.300514000000000170e+00 9.184947970000000339e+01 2.750010299682616832e+01 5.375157679732542420e+03 1.165650511770780042e+02 2.300689010620116903e+02 2.248818969726561932e+02 
1.866664695739746094e+01 1.289998626708984091e+02 8.000000000000000000e+00 1.728551000000000046e-03 1.493793000000000067e-07 6.375699000000000183e+01 9.820862999999999232e+00 8.505584720000000232e+01 4.380136871337891336e+01 1.444058854234504979e+05 5.630993247402020785e+01 2.134376114853868103e+02 1.940944824218750000e+02 
1.799998092651366832e+01 1.489998474121094034e+02 9.000000000000000000e+00 3.272716000000000167e-03 1.515429000000000037e-07 9.428235999999999706e+01 1.154443000000000019e+01 7.468428799999999512e+01 1.065698013305664062e+02 5.749881497098763793e+04 -1.736598082540901089e+02 2.142492845708673883e+02 1.967716522216796875e+02 
1.066665554046631037e+01 1.426665191650390909e+02 1.000000000000000000e+01 6.206778999999999942e-03 1.296554000000000004e-07 8.029950999999999794e+01 4.970864999999999867e+00 9.206188960000000066e+01 1.732673263549805043e+01 3.927475045935353846e+05 -1.350000000000000000e+02 2.111579687374153877e+02 1.827165374755859091e+02 
9.999989509582519531e+00 1.393331909179688068e+02 1.000000000000000000e+01 4.132556000000000011e-05 -1.524527999999999846e-08 8.578673000000000570e+01 2.660983999999999838e+01 8.581272889999999620e+01 2.730281639099121094e+01 1.542533499434906116e+05 -1.534349488229219958e+02 2.152887150279262869e+02 1.974409484863280966e+02 
2.299997520446776988e+01 1.489998474121094034e+02 7.000000000000000000e+00 1.778356000000000088e-04 2.498817999999999963e-08 7.444111999999999796e+01 1.282343000000000011e+01 9.168846130000000016e+01 1.364373779296875000e+02 3.163816246579710059e+04 -3.096375653207352130e+01 2.208393719482421886e+02 2.041338653564453125e+02 
5.999993801116943359e+00 1.323331909179688068e+02 7.000000000000000000e+00 1.088855000000000064e-04 -5.386910999999999949e-08 7.737202000000000623e+01 3.549600999999999829e+01 8.080776210000000503e+01 1.828812866210938068e+02 2.186510367723767922e+04 4.772631099390626730e+01 2.240034446716308878e+02 2.135039367675780966e+02 
2.199997711181640980e+01 1.149998779296875000e+02 8.000000000000000000e+00 7.361012999999999584e-03 2.289708000000000084e-07 8.377285000000000537e+01 5.493674000000000390e+00 7.191566469999999356e+01 2.291071128845214844e+01 1.579353111595856026e+05 1.800000000000000000e+02 2.195815362007386966e+02 1.961023559570311932e+02 
2.733330535888671875e+01 1.393331909179688068e+02 8.000000000000000000e+00 2.495462000000000266e-04 5.279535999999999955e-08 8.082325000000000159e+01 1.770139999999999958e+01 7.400914000000000215e+01 2.705104446411133168e+01 4.512794887160101644e+04 -1.165650511770780042e+02 2.245382014094172121e+02 2.121653442382811932e+02 
1.966664695739746094e+01 1.293331909179688068e+02 9.000000000000000000e+00 1.577506999999999911e-03 8.781067999999999522e-08 9.690890000000000271e+01 1.329465000000000074e+01 7.884217830000000049e+01 2.470994949340819957e+01 1.113354926940253936e+05 -9.000000000000000000e+01 2.204381082224292072e+02 2.007873992919921875e+02 
1.566665077209473012e+01 1.326665344238280966e+02 1.000000000000000000e+01 2.768328000000000238e-04 2.464749999999999952e-08 7.527676999999999907e+01 7.432139000000000273e+00 8.840840910000000008e+01 3.562891006469727273e+01 1.255565631871798978e+05 1.800000000000000000e+02 2.171744718852795870e+02 2.001181030273438068e+02 
1.366665267944335938e+01 1.273331985473632955e+02 1.000000000000000000e+01 3.558122999999999841e-03 1.357237000000000019e-07 7.898319999999999652e+01 7.635962000000000138e+00 8.476409150000000636e+01 3.819241333007811789e+01 7.636691149477782892e+05 -1.615650511770780042e+02 2.118231165488145109e+02 1.887401580810546875e+02 
1.333331966400145951e+01 1.176665420532226989e+02 7.000000000000000000e+00 1.142423000000000022e-04 2.703646999999999897e-08 9.412372999999999479e+01 2.243216999999999928e+01 7.603033449999999505e+01 0.000000000000000000e+00 6.989163869117619470e+05 0.000000000000000000e+00 2.151611697778646999e+02 1.940944824218750000e+02 
1.399998569488525035e+01 1.219998703002929972e+02 7.000000000000000000e+00 4.619703999999999976e-04 -8.055464999999999665e-08 7.851179000000000485e+01 1.878988999999999976e+01 7.770565030000000206e+01 1.038417739868164062e+02 7.842597434386585373e+05 3.553767779197438159e+01 2.169787989099887966e+02 1.880708618164061932e+02 
8.999990463256835938e+00 1.759998168945311932e+02 7.000000000000000000e+00 8.395994000000000373e-03 1.649281999999999905e-07 8.789616999999999791e+01 3.225293000000000188e+00 7.592967219999999884e+01 6.145991897583007812e+01 5.967599843700977362e+04 5.313010235415598004e+01 2.247754131663928945e+02 2.135039367675780966e+02 
7.999991416931152344e+00 1.786664733886719034e+02 7.000000000000000000e+00 2.085549999999999817e-03 8.330524000000000090e-08 7.613549999999999329e+01 3.113863999999999965e+00 7.709720609999999397e+01 1.738438987731933949e+01 4.081501382411306986e+04 1.350000000000000000e+02 2.154002629597981979e+02 1.981102294921875000e+02 
2.166664314270019887e+01 1.559998321533203125e+02 7.000000000000000000e+00 6.177208999999999695e-04 9.266212999999999463e-08 5.754780999999999835e+01 6.015747000000000178e+00 7.365750889999999629e+01 3.444646453857421875e+01 9.059058693619878613e+04 1.800000000000000000e+02 2.122879011127311060e+02 1.981102294921875000e+02 
2.033331298828125000e+01 1.146665496826172017e+02 8.000000000000000000e+00 6.050915999999999717e-04 7.340692000000000442e-08 9.377044999999999675e+01 1.493158000000000030e+01 6.774965670000000273e+01 2.470994949340819957e+01 2.213757413589807984e+05 -9.000000000000000000e+01 2.093714525089706910e+02 1.927559051513671875e+02 
1.366665267944335938e+01 1.583331756591796875e+02 8.000000000000000000e+00 7.739646000000000199e-04 6.150929000000000484e-08 8.279568000000000438e+01 1.077216999999999913e+01 8.056597139999999513e+01 3.809946441650391336e+01 1.736443653332207032e+04 -1.843494882292200998e+01 2.227710489126351945e+02 2.135039367675780966e+02 
2.066664505004883168e+01 1.476665191650390909e+02 1.000000000000000000e+01 6.934628000000000244e-05 2.488541999999999904e-08 7.501243999999999801e+01 1.876409999999999911e+01 7.772077939999999785e+01 1.692850875854491832e+01 1.504720806592442968e+05 1.350000000000000000e+02 2.151399836091914040e+02 1.974409484863280966e+02 
8.666657447814941406e+00 1.373331909179688068e+02 1.000000000000000000e+01 2.352447999999999876e-04 3.608990999999999868e-08 9.471317000000000519e+01 1.794406000000000034e+01 7.533516690000000438e+01 2.442736625671387074e+01 3.217521522397674853e+05 1.800000000000000000e+02 2.155739402931953919e+02 1.847244110107421875e+02 
1.099998855590819957e+01 1.389998474121094034e+02 6.000000000000000000e+00 2.086872999999999940e-03 1.167063999999999948e-07 9.181835999999999842e+01 1.254410999999999987e+01 7.752562709999999413e+01 4.433203125000000000e+01 5.079695700136846281e+05 -1.236900675259797993e+02 2.133690143453663950e+02 1.853937072753905966e+02 
2.233330917358398082e+01 1.526665039062500000e+02 7.000000000000000000e+00 4.784262999999999971e-04 3.098655000000000029e-08 8.206301000000000556e+01 7.797177999999999720e+00 8.800482180000000199e+01 1.235500621795653942e+01 1.332999243672176963e+05 9.000000000000000000e+01 2.155755542573475054e+02 1.954330749511719034e+02 
1.866664695739746094e+01 1.266665344238280966e+02 7.000000000000000000e+00 5.798177999999999969e-04 4.318652000000000071e-08 8.200379999999999825e+01 8.114774999999999849e+00 8.047835539999999810e+01 4.682027053833007812e+01 2.846098980925211217e+05 1.800000000000000000e+02 2.154812507106832982e+02 1.894094543457030966e+02 
9.999989509582519531e+00 1.533331756591796875e+02 8.000000000000000000e+00 7.572531999999999874e-03 1.291362000000000099e-07 8.236648999999999887e+01 2.357444000000000095e+00 8.455895230000000140e+01 0.000000000000000000e+00 1.014598539129114943e+05 0.000000000000000000e+00 2.166629943847655966e+02 1.954330749511719034e+02 
1.833331489562987926e+01 1.559998321533203125e+02 9.000000000000000000e+00 8.203808999999999841e-04 4.277726999999999987e-08 8.026932999999999652e+01 5.900051999999999630e+00 8.501901250000000232e+01 1.235500621795653942e+01 1.877008670579243917e+05 -9.000000000000000000e+01 2.116819781197442012e+02 1.887401580810546875e+02 
1.966664695739746094e+01 1.236665344238280966e+02 9.000000000000000000e+00 5.825526999999999832e-04 7.300762999999999555e-08 8.603968000000000416e+01 2.193677999999999884e+01 8.622985079999999414e+01 5.074799346923828125e+01 2.169826275272163039e+05 7.596375653207353196e+01 2.180336063021705115e+02 1.987795257568359091e+02 
2.033331298828125000e+01 1.396665191650390909e+02 9.000000000000000000e+00 2.697164000000000050e-04 4.576262999999999875e-08 7.574179999999999779e+01 1.379518000000000022e+01 7.866328430000000083e+01 1.692818641662598012e+01 9.912295890490656893e+04 4.500000000000000000e+01 2.130432562889990891e+02 1.967716522216796875e+02 
1.499998474121093928e+01 1.679998321533203125e+02 9.000000000000000000e+00 2.289768000000000131e-04 3.615259999999999777e-08 8.170113000000000625e+01 1.625328999999999979e+01 8.295129389999999603e+01 3.438044738769531250e+01 3.022196690460874815e+05 -1.350000000000000000e+02 2.143082618713378906e+02 1.920866088867188068e+02 
1.933331298828125000e+01 1.249998703002929972e+02 9.000000000000000000e+00 8.302831000000000100e-03 1.286314999999999961e-07 8.569176000000000215e+01 2.590161000000000158e+00 8.502597049999999967e+01 1.235494232177734020e+01 3.602612020374379936e+05 9.000000000000000000e+01 2.167035362188765077e+02 1.961023559570311932e+02 
1.699998283386230113e+01 1.299998626708984091e+02 1.000000000000000000e+01 2.797880999999999892e-03 1.109942000000000053e-07 8.811781999999999471e+01 7.036171000000000397e+00 7.577837370000000305e+01 5.080273437500000000e+01 3.154656839017830789e+05 7.596375653207353196e+01 2.119478357315063874e+02 1.840551147460938068e+02 
7.333325862884520596e+00 1.583331756591796875e+02 1.000000000000000000e+01 2.287056999999999946e-04 5.152885000000000285e-08 7.030684999999999718e+01 2.252036000000000016e+01 9.309101099999999462e+01 2.470994949340819957e+01 4.958817386390634929e+05 -9.000000000000000000e+01 2.092693829379238935e+02 1.853937072753905966e+02 
2.033331298828125000e+01 1.196665420532226989e+02 7.000000000000000000e+00 2.003071999999999839e-03 1.311077000000000087e-07 1.000157999999999987e+02 7.524434000000000289e+00 5.599899289999999752e+01 2.730135536193848012e+01 1.931431624002720127e+04 -1.165650511770780042e+02 2.219816274007160928e+02 2.101574859619140909e+02 
1.133332157135009943e+01 1.596665039062500000e+02 7.000000000000000000e+00 1.489487999999999967e-03 6.251268000000000255e-08 8.099836999999999421e+01 4.579823000000000199e+00 8.025182340000000636e+01 1.118603515625000000e+02 3.079645471588199725e+05 -8.365980825409009469e+01 2.188904187065024871e+02 1.947637786865234091e+02 
8.666657447814941406e+00 1.633331604003905966e+02 8.000000000000000000e+00 4.875006999999999778e-03 1.050764000000000025e-07 9.577849999999999397e+01 5.390058999999999934e+00 8.057482149999999876e+01 4.419467926025391336e+01 1.106842556255616015e+06 1.463099324740202007e+02 2.119865495831359112e+02 1.793700714111328125e+02 
1.566665077209473012e+01 1.653331604003905966e+02 8.000000000000000000e+00 8.580160000000000196e-05 1.689648999999999859e-08 9.323259000000000185e+01 1.916608000000000089e+01 8.222790530000000331e+01 1.717078971862792969e+01 2.988143652735825162e+05 -1.350000000000000000e+02 2.177773335549684077e+02 1.981102294921875000e+02 
1.333331966400145951e+01 1.589998321533203125e+02 9.000000000000000000e+00 4.404211000000000107e-04 5.315593000000000051e-08 6.346526999999999674e+01 7.228088999999999764e+00 8.270595550000000173e+01 1.235497474670409979e+01 2.631604469256792217e+05 9.000000000000000000e+01 2.142139983201390123e+02 1.900787353515625000e+02 
1.799998092651366832e+01 1.629998321533203125e+02 1.000000000000000000e+01 1.084960999999999955e-03 1.050738999999999996e-07 9.122235000000000582e+01 1.360435000000000016e+01 6.818447109999999611e+01 1.177208042144775035e+01 2.743876487313485122e+05 1.800000000000000000e+02 2.237823402768090091e+02 2.041338653564453125e+02 
8.666657447814941406e+00 1.353331909179688068e+02 6.000000000000000000e+00 1.535118999999999937e-03 6.980285000000000489e-08 9.397420999999999935e+01 1.109308000000000050e+01 8.457917019999999297e+01 4.419467926025391336e+01 3.027385392560131149e+05 -3.369006752597979215e+01 2.142152477999973996e+02 1.894094543457030966e+02 
1.066665554046631037e+01 1.369998626708984091e+02 7.000000000000000000e+00 1.462554000000000024e-03 4.757884000000000069e-08 9.287884999999999991e+01 4.317454999999999821e+00 7.877568050000000710e+01 2.725712203979491832e+01 4.576106584432838717e+05 -1.534349488229219958e+02 2.084556251908473996e+02 1.827165374755859091e+02 
1.999997854232788086e+00 1.499998474121094034e+02 7.000000000000000000e+00 1.720453000000000043e-04 2.155859999999999957e-08 8.269371999999999900e+01 1.524253000000000036e+01 9.399139399999999966e+01 1.746652221679687855e+01 4.213047121175309876e+05 1.350000000000000000e+02 2.157080213316876893e+02 1.880708618164061932e+02 
1.466665172576903942e+01 1.263331985473632955e+02 7.000000000000000000e+00 1.801302999999999975e-03 5.799597000000000233e-08 8.550112000000000023e+01 3.685753000000000057e+00 8.061924740000000611e+01 2.744095993041991832e+01 1.475247348995277134e+05 6.343494882292200998e+01 2.106338230167422978e+02 1.914173278808594034e+02 
7.666658878326416016e+00 1.556665039062500000e+02 8.000000000000000000e+00 1.224957999999999950e-03 6.205659000000000604e-08 7.979983000000000004e+01 7.587056999999999718e+00 8.679766080000000272e+01 5.053083419799804688e+01 1.497224195221692935e+04 -1.403624346792648048e+01 2.085755185213955940e+02 1.940944824218750000e+02 
1.833331489562987926e+01 1.396665191650390909e+02 8.000000000000000000e+00 2.861410999999999902e-03 8.151315999999999482e-08 8.487411000000000172e+01 5.153560999999999837e+00 8.554911040000000355e+01 1.172765827178955078e+01 1.395386436292679864e+05 1.800000000000000000e+02 2.106703957530939988e+02 1.961023559570311932e+02 
9.999989509582519531e+00 1.526665039062500000e+02 9.000000000000000000e+00 8.649235000000000343e-04 7.740930000000000482e-08 8.509090999999999383e+01 1.571658000000000044e+01 8.360964199999999380e+01 7.181529998779296875e+01 7.441269413869746495e+04 -1.209637565320735035e+02 2.233972808837891080e+02 2.021259918212890909e+02 
1.599998283386229936e+01 1.443331756591796875e+02 9.000000000000000000e+00 9.635794999999999517e-04 6.945907999999999916e-08 8.817155999999999949e+01 1.680272000000000077e+01 9.077302550000000281e+01 6.865675354003906250e+01 5.013510869399717776e+05 -1.350000000000000000e+02 2.101610037954229995e+02 1.880708618164061932e+02 
1.799998092651366832e+01 1.439998474121094034e+02 1.000000000000000000e+01 1.218541000000000069e-02 2.012433000000000005e-07 9.161839000000000510e+01 5.454946999999999768e+00 8.283548740000000521e+01 6.932226562500000000e+01 1.097138063615957944e+05 3.096375653207352130e+01 2.181411717732746922e+02 2.001181030273438068e+02 
1.266665363311767933e+01 1.323331909179688068e+02 1.000000000000000000e+01 3.844907999999999746e-04 1.856586000000000065e-08 9.654345999999999606e+01 3.776088000000000111e+00 7.574726099999999462e+01 1.235497474670409979e+01 1.716327423582671036e+05 9.000000000000000000e+01 2.117836496829987141e+02 1.940944824218750000e+02 
1.399998569488525035e+01 1.166665420532226989e+02 6.000000000000000000e+00 2.065939000000000008e-05 -4.567934999999999901e-09 8.823350999999999544e+01 9.063556000000000168e+00 7.829781339999999545e+01 2.701764678955078125e+01 3.531163353314619744e+05 -2.656505117707799002e+01 2.145470220025979984e+02 1.900787353515625000e+02 
7.999991416931152344e+00 1.339998626708984091e+02 6.000000000000000000e+00 4.377454999999999714e-03 1.133840999999999969e-07 9.650136000000000536e+01 7.441449999999999676e+00 8.073357389999999612e+01 2.740313339233398082e+01 2.312425357621485091e+04 1.534349488229219958e+02 2.157086612477021959e+02 2.007873992919921875e+02 
7.999991416931152344e+00 1.393331909179688068e+02 6.000000000000000000e+00 6.615212999999999779e-04 6.321024000000000526e-08 8.952813999999999339e+01 1.328007000000000026e+01 7.525793459999999868e+01 2.742099189758301137e+01 1.224369451780048985e+05 1.534349488229219958e+02 2.160249352349175069e+02 1.914173278808594034e+02 
1.133332157135009943e+01 1.536665039062500000e+02 6.000000000000000000e+00 5.325354999999999499e-04 3.335439000000000066e-08 9.532689999999999486e+01 9.024371999999999616e+00 7.911627959999999860e+01 2.422767829895019887e+01 9.692815940316313936e+04 1.800000000000000000e+02 2.086515761481390996e+02 1.840551147460938068e+02 
1.866664695739746094e+01 1.376665191650390909e+02 7.000000000000000000e+00 2.268264999999999873e-05 -3.820383000000000124e-09 7.290212999999999965e+01 2.468850000000000211e+00 8.054833220000000438e+01 3.397404479980468750e+01 6.640374339173454791e+04 1.350000000000000000e+02 2.218897651223574883e+02 1.994488220214844034e+02 
2.033331298828125000e+01 1.533331756591796875e+02 7.000000000000000000e+00 4.190678000000000198e-05 -5.177134999999999824e-09 9.384405999999999892e+01 6.627349999999999852e+00 7.990855410000000347e+01 4.367081069946289062e+01 3.897685597423408763e+05 1.236900675259797993e+02 2.167841287745106911e+02 1.894094543457030966e+02 
1.466665172576903942e+01 1.639998321533203125e+02 8.000000000000000000e+00 8.054168999999999424e-05 9.851624000000000390e-09 8.525682000000000471e+01 5.219218999999999831e+00 7.473432920000000479e+01 0.000000000000000000e+00 3.069360254525648197e+05 0.000000000000000000e+00 2.100879441298448000e+02 1.900787353515625000e+02 
1.299998664855957031e+01 1.416665191650390909e+02 8.000000000000000000e+00 3.018358000000000065e-03 1.519425000000000121e-07 9.795307999999999993e+01 1.607064000000000092e+01 7.935392000000000223e+01 3.809992599487304688e+01 1.484761992787563941e+05 1.615650511770780042e+02 2.055447976052224135e+02 1.840551147460938068e+02 
1.033332252502441051e+01 1.669998321533203125e+02 8.000000000000000000e+00 2.972105999999999967e-03 8.312787000000000651e-08 9.740625000000000000e+01 5.411305999999999727e+00 7.560008240000000512e+01 3.844402694702147727e+01 3.348631682370398776e+05 -1.615650511770780042e+02 2.151501792784659983e+02 1.900787353515625000e+02 
1.333331966400145951e+01 1.449998474121094034e+02 8.000000000000000000e+00 9.508715000000000320e-05 -1.874222000000000065e-08 7.055500999999999578e+01 8.359825999999999979e+00 7.841803740000000289e+01 1.497865295410155966e+02 7.618971075470375945e+04 -1.249920201985587056e+02 2.202085948743317942e+02 2.021259918212890909e+02 
1.333331966400145951e+01 1.573331756591796875e+02 9.000000000000000000e+00 5.546773000000000502e-04 7.082372999999999940e-08 6.430870000000000175e+01 7.988879999999999981e+00 7.859442900000000520e+01 6.885958862304687500e+01 3.608289597061544919e+04 1.350000000000000000e+02 2.179410920319733975e+02 2.001181030273438068e+02 
1.733331489562987926e+01 1.319998626708984091e+02 1.000000000000000000e+01 5.452906000000000203e-04 5.924248000000000282e-08 7.252899999999999636e+01 9.419456000000000273e+00 7.972731020000000512e+01 2.738017463684082031e+01 4.719145638968168350e+04 -6.343494882292200998e+01 2.130763346354167140e+02 1.947637786865234091e+02 
1.033332252502441051e+01 1.633331604003905966e+02 1.000000000000000000e+01 1.411425000000000006e-03 6.392440000000000561e-08 9.750321999999999889e+01 1.228749000000000002e+01 8.592952730000000372e+01 1.734453201293944957e+01 2.486575296856997884e+05 1.350000000000000000e+02 2.149152693541153951e+02 1.874015808105469034e+02 
2.266664314270019887e+01 1.549998321533203125e+02 7.000000000000000000e+00 1.061120000000000032e-03 8.296079999999999997e-08 6.535236999999999341e+01 6.345951000000000342e+00 8.322078700000000140e+01 2.600546264648437855e+01 4.309802594997164124e+04 -1.534349488229219958e+02 2.169881910436293992e+02 2.007873992919921875e+02 
2.166664314270019887e+01 1.549998321533203125e+02 8.000000000000000000e+00 1.264612000000000028e-03 6.105202999999999933e-08 8.179546000000000561e+01 6.087641999999999776e+00 8.130854030000000421e+01 1.235494232177734020e+01 8.937145119237964536e+03 -9.000000000000000000e+01 2.185714307512556047e+02 2.101574859619140909e+02 
1.933331298828125000e+01 1.429998474121094034e+02 8.000000000000000000e+00 6.252494999999999841e-04 2.615055999999999908e-08 8.732820999999999856e+01 3.922883000000000120e+00 8.356227869999999314e+01 1.697905921936035156e+01 1.851826910151815100e+05 4.500000000000000000e+01 2.106161568381569964e+02 1.927559051513671875e+02 
1.099998855590819957e+01 1.436665191650390909e+02 8.000000000000000000e+00 1.368476000000000042e-05 -4.177632999999999898e-09 9.441057999999999595e+01 1.914201999999999870e+01 8.851312260000000265e+01 2.720896720886230113e+01 3.828942497743705753e+05 -1.534349488229219958e+02 2.092148175844004072e+02 1.833858337402344034e+02 
1.566665077209473012e+01 1.133332138061523011e+02 9.000000000000000000e+00 4.099853999999999998e-03 1.818878000000000096e-07 8.427546999999999855e+01 9.732003999999999877e+00 7.753575130000000115e+01 1.375144653320311932e+02 3.186029502763727214e+05 -4.500000000000000000e+01 2.105657209340961913e+02 1.887401580810546875e+02 
1.399998569488525035e+01 1.283332061767578125e+02 9.000000000000000000e+00 3.574925000000000064e-03 1.610273999999999984e-07 9.410515999999999792e+01 1.191262000000000043e+01 7.560604100000000471e+01 3.596425247192382812e+01 1.025800734402799048e+06 1.800000000000000000e+02 2.144279077901468895e+02 1.894094543457030966e+02 
1.799998092651366832e+01 1.443331756591796875e+02 9.000000000000000000e+00 1.417393999999999946e-02 1.807933999999999915e-07 9.076112000000000535e+01 2.762144000000000155e+00 8.166253659999999570e+01 3.732145690917968750e+01 2.745940938248372913e+04 1.843494882292200998e+01 2.158942645844958861e+02 2.007873992919921875e+02 
2.299997520446776988e+01 1.403331909179688068e+02 1.000000000000000000e+01 8.804820000000000311e-04 1.237000999999999947e-07 9.071618999999999744e+01 2.359480999999999895e+01 7.457955929999999967e+01 1.680175209045410156e+01 1.645022158674772945e+05 1.350000000000000000e+02 2.163664448664738984e+02 1.981102294921875000e+02 
1.199998760223389027e+01 1.279998626708983949e+02 6.000000000000000000e+00 4.772813000000000004e-06 -1.928073000000000069e-09 8.973237000000000307e+01 1.356048000000000009e+01 8.374098209999999654e+01 3.625479125976561789e+01 2.564600751526383101e+05 1.800000000000000000e+02 2.120041642913018904e+02 1.867322845458984091e+02 
7.666658878326416016e+00 1.449998474121094034e+02 6.000000000000000000e+00 2.286444999999999797e-03 8.744835999999999889e-08 9.484677999999999543e+01 9.960172999999999277e+00 8.241369629999999802e+01 7.513855743408203125e+01 1.088897172949916967e+04 -9.946232220802562551e+01 2.288976402282715128e+02 2.248818969726561932e+02 
1.033332252502441051e+01 1.323331909179688068e+02 7.000000000000000000e+00 9.823516999999999547e-05 3.125225000000000114e-08 8.467579000000000633e+01 2.591645000000000110e+01 8.001155850000000669e+01 2.564328613281250000e+02 3.927872851892504841e+05 5.440332031005506330e+00 2.145274248680298115e+02 1.894094543457030966e+02 
8.999990463256835938e+00 1.483331756591796875e+02 7.000000000000000000e+00 8.180207999999999794e-04 4.547189000000000312e-08 9.673636999999999375e+01 8.649905999999999651e+00 7.602900699999999290e+01 3.901649093627929688e+01 8.679141018227174936e+04 1.084349488229219958e+02 2.156059300899505899e+02 1.934252014160155966e+02 
8.666657447814941406e+00 1.486665191650390909e+02 8.000000000000000000e+00 7.264603999999999810e-04 5.700218000000000095e-08 9.518721999999999639e+01 1.326003000000000043e+01 7.685778050000000405e+01 3.664203643798828125e+01 1.942088050202383019e+05 1.800000000000000000e+02 2.066238097077483076e+02 1.867322845458984091e+02 
1.966664695739746094e+01 1.343331909179688068e+02 8.000000000000000000e+00 1.413584000000000119e-04 1.657274999999999863e-08 8.442036000000000229e+01 7.171024000000000065e+00 7.607258609999999521e+01 1.235494232177734020e+01 1.552279644523772004e+05 9.000000000000000000e+01 2.101407485961914006e+02 1.900787353515625000e+02 
1.433331871032715021e+01 1.389998474121094034e+02 9.000000000000000000e+00 6.365380999999999817e-03 1.361714999999999961e-07 7.521231000000000222e+01 2.321296999999999944e+00 8.494055179999999439e+01 3.442965316772460938e+01 8.645147495353937848e+04 -1.350000000000000000e+02 2.159133864182691980e+02 1.954330749511719034e+02 
1.766664886474609020e+01 1.566665039062500000e+02 9.000000000000000000e+00 3.347313999999999780e-04 1.463062000000000009e-08 9.783406999999999698e+01 2.239114999999999966e+00 7.430397800000000075e+01 1.708762168884276988e+01 7.214112761596324854e+05 4.500000000000000000e+01 2.152002033288927976e+02 1.874015808105469034e+02 
1.899998092651366832e+01 1.549998321533203125e+02 7.000000000000000000e+00 3.144019999999999758e-04 -2.377876000000000030e-08 8.697153000000000134e+01 9.445773000000000863e+00 8.742620089999999777e+01 3.705883026123046875e+01 1.779326242838127073e+05 1.615650511770780042e+02 2.224343368641650898e+02 1.987795257568359091e+02 
1.633331680297851918e+01 1.383331909179688068e+02 8.000000000000000000e+00 2.552383999999999990e-03 -4.046457999999999718e-08 9.816700000000000159e+01 1.975943000000000005e+00 8.638137050000000272e+01 3.706495666503906250e+01 4.085542295339470729e+05 9.000000000000000000e+01 2.101229370117187898e+02 1.853937072753905966e+02 
1.766664886474609020e+01 1.356665191650390909e+02 8.000000000000000000e+00 1.413467000000000065e-03 6.538835000000000199e-08 9.118944000000000472e+01 8.614115999999999218e+00 8.060527799999999843e+01 1.707292747497558949e+01 6.141850717409296194e+05 -1.350000000000000000e+02 2.202794455020986106e+02 1.874015808105469034e+02 
2.266664314270019887e+01 1.626665039062500000e+02 9.000000000000000000e+00 9.431863000000000738e-06 2.342453000000000038e-09 9.082474000000000558e+01 5.619359000000000215e+00 7.161486050000000603e+01 1.682058334350585938e+01 2.460665821693286998e+05 -1.350000000000000000e+02 2.090465961731586049e+02 1.887401580810546875e+02 
1.833331489562987926e+01 1.403331909179688068e+02 9.000000000000000000e+00 2.054447999999999951e-03 6.531790999999999411e-08 9.733647999999999456e+01 8.469329999999999359e+00 8.514166260000000364e+01 6.605332946777343750e+01 4.503711971817631274e+05 6.819859051364818470e+01 2.209841398558864967e+02 1.967716522216796875e+02 
1.999997901916503906e+01 1.193332061767577983e+02 9.000000000000000000e+00 1.693925999999999950e-04 4.213129000000000165e-08 8.189118999999999460e+01 1.574967999999999968e+01 6.844490810000000636e+01 5.277446365356445312e+01 8.911540199970891990e+04 -2.656505117707799002e+01 2.211086397032806872e+02 2.027952728271484091e+02 
1.633331680297851918e+01 1.476665191650390909e+02 1.000000000000000000e+01 2.161219000000000085e-04 3.877326000000000265e-08 7.334659999999999513e+01 1.477218000000000053e+01 8.419719700000000273e+01 1.710252380371094105e+01 1.277802098218869942e+05 1.350000000000000000e+02 2.118479584369462998e+02 1.907480316162109091e+02 
1.766664886474609020e+01 1.379998626708984091e+02 1.000000000000000000e+01 1.453202000000000009e-03 6.450486999999999916e-08 8.787394000000000460e+01 7.532231000000000343e+00 8.167298889999999290e+01 8.325052642822265625e+01 6.787356788030845346e+05 1.718698976458439915e+02 2.157116969702101130e+02 1.927559051513671875e+02 
2.433330726623535156e+01 1.516665039062500000e+02 8.000000000000000000e+00 9.261953999999999923e-05 -1.162096000000000078e-08 8.673462999999999568e+01 5.384495000000000253e+00 7.137468719999999678e+01 2.570780372619628906e+01 6.977563125220318325e+05 2.656505117707799002e+01 2.187899004481598979e+02 1.914173278808594034e+02 
1.999997901916503906e+01 1.369998626708984091e+02 8.000000000000000000e+00 6.372217999999999643e-05 -8.620255000000000648e-09 8.987675000000000125e+01 4.495333999999999719e+00 6.785414120000000082e+01 9.340028381347656250e+01 4.439655148456926108e+05 1.728749836510982050e+02 2.183348986159923868e+02 1.934252014160155966e+02 
1.499998474121093928e+01 1.406665191650390909e+02 8.000000000000000000e+00 9.777443000000000245e-03 1.949637999999999872e-07 8.275652999999999793e+01 5.261899999999999800e+00 8.585579679999999314e+01 3.585699081420897727e+01 7.387709237593001453e+05 1.800000000000000000e+02 2.155550696819859979e+02 1.927559051513671875e+02 
1.499998474121093928e+01 1.283332061767578125e+02 9.000000000000000000e+00 7.273542000000000028e-03 1.246899999999999869e-07 8.271339999999999293e+01 2.040051000000000059e+00 8.309544370000000413e+01 2.470994949340819957e+01 3.845460588928093784e+05 9.000000000000000000e+01 2.087196588450464958e+02 1.833858337402344034e+02 
1.133332157135009943e+01 1.399998474121094034e+02 9.000000000000000000e+00 1.123854999999999993e-02 1.860726000000000061e-07 8.853361999999999910e+01 4.566581000000000223e+00 8.341813659999999686e+01 3.634249877929688211e+01 4.792317236886228202e+05 1.800000000000000000e+02 2.090332221556245997e+02 1.853937072753905966e+02 
