1.433331871032715021e+01 2.636663818359375000e+02 6.000000000000000000e+00 2.703598000000000199e-03 9.006401000000000154e-08 7.897602000000000544e+01 4.905685000000000073e+00 8.488790889999999933e+01 1.195168590545653942e+01 2.261077263673766865e+05 1.800000000000000000e+02 2.207401593376609128e+02 1.974409484863280966e+02 
2.733330535888671875e+01 2.996663513183593750e+02 7.000000000000000000e+00 2.165923999999999898e-04 3.791422000000000186e-08 5.566138000000000119e+01 3.567671999999999954e+00 7.516188049999999521e+01 2.527437400817871094e+01 1.929314483351430099e+05 -1.534349488229219958e+02 2.196546407772015925e+02 2.061417388916015909e+02 
9.666656494140625000e+00 2.633330688476561932e+02 8.000000000000000000e+00 1.075807000000000049e-04 2.968659000000000140e-08 6.383494999999999919e+01 7.612493999999999872e+00 6.979988860000000273e+01 2.730370330810546875e+01 6.768790975027629429e+03 1.534349488229219958e+02 2.231417358398437898e+02 2.215354309082030966e+02 
1.466665172576903942e+01 2.603330688476561932e+02 8.000000000000000000e+00 4.177593000000000170e-04 -4.949359999999999791e-08 8.637219000000000335e+01 1.596476999999999968e+01 8.134258269999999413e+01 2.390532493591308949e+01 1.675555155526614981e+05 1.800000000000000000e+02 2.080486820765904099e+02 1.927559051513671875e+02 
1.566665077209473012e+01 2.609997253417968750e+02 8.000000000000000000e+00 9.956914000000000465e-05 -1.653270000000000020e-08 9.042810000000000059e+01 1.685168000000000177e+01 8.523447419999999397e+01 3.568774032592772727e+01 1.813084363410880906e+05 1.800000000000000000e+02 2.167575733713860018e+02 1.954330749511719034e+02 
1.099998855590819957e+01 3.273329772949218750e+02 8.000000000000000000e+00 1.620665000000000083e-03 1.368751999999999973e-07 8.300515000000000043e+01 1.040259999999999962e+01 6.810129550000000620e+01 2.752019309997558949e+01 4.585764866514787718e+04 1.165650511770780042e+02 2.191535451552447000e+02 2.088188934326171875e+02 
8.999990463256835938e+00 3.163330078125000000e+02 9.000000000000000000e+00 4.087661999999999719e-03 1.278191999999999988e-07 8.662775999999999499e+01 7.069067000000000434e+00 8.161019899999999438e+01 4.413873672485352273e+01 5.293362313413651282e+04 1.463099324740202007e+02 2.185665275378104866e+02 2.034645690917969034e+02 
2.033331298828125000e+01 3.133330078125000000e+02 9.000000000000000000e+00 8.448873000000000516e-05 -5.692953000000000328e-08 6.331029999999999802e+01 2.072290999999999883e+01 6.794633480000000247e+01 1.235500621795653942e+01 1.158815196279013981e+04 -9.000000000000000000e+01 2.204943152533637090e+02 2.141732177734375000e+02 
1.033332252502441051e+01 2.679997253417968750e+02 1.000000000000000000e+01 8.693951999999999583e-03 1.738772000000000001e-07 9.010200000000000387e+01 3.475064999999999849e+00 7.389900969999999347e+01 1.732777976989746094e+01 8.110535636448461446e+03 1.350000000000000000e+02 2.249934412638345975e+02 2.181889801025390909e+02 
1.466665172576903942e+01 2.763330383300781250e+02 8.000000000000000000e+00 3.345943999999999961e-06 5.833590999999999816e-09 6.349004000000000048e+01 1.528203000000000067e+01 6.335418700000000314e+01 1.706335296630859091e+02 1.196722987277958055e+04 -1.202564371635292986e+02 2.272615966796875000e+02 2.215354309082030966e+02 
2.499997329711914062e+01 2.706663818359375000e+02 8.000000000000000000e+00 3.413313999999999758e-04 -5.604383000000000084e-08 8.508240000000000691e+01 1.901068000000000069e+01 7.811391450000000702e+01 4.177411651611328125e+01 1.745142982964407929e+04 -3.369006752597979215e+01 2.237823410034179972e+02 2.114960632324219034e+02 
1.433331871032715021e+01 3.329996643066406250e+02 9.000000000000000000e+00 5.657929999999999817e-04 5.624543000000000313e-08 8.659185999999999694e+01 9.319295000000000329e+00 6.914499659999999892e+01 1.719670677185058949e+01 5.055904741036538326e+04 1.350000000000000000e+02 2.212712410374691956e+02 2.041338653564453125e+02 
1.699998283386230113e+01 2.786663818359375000e+02 1.000000000000000000e+01 2.966857999999999843e-04 3.088137999999999909e-08 7.114188000000000045e+01 6.544539000000000328e+00 8.259677120000000627e+01 1.710319519042969105e+01 6.431814778274965647e+04 -1.350000000000000000e+02 2.162767168940330009e+02 1.907480316162109091e+02 
9.333323478698730469e+00 2.643330688476561932e+02 7.000000000000000000e+00 1.367563999999999932e-03 1.257401999999999972e-07 7.816244000000000369e+01 9.096042000000000627e+00 6.822512050000000272e+01 6.101567459106445312e+01 2.006623564074781025e+05 1.800000000000000000e+02 2.208661427884489115e+02 2.068110198974609091e+02 
2.933330345153808949e+01 2.683330383300781250e+02 8.000000000000000000e+00 1.036379000000000033e-03 8.248098000000000276e-08 7.326089000000000340e+01 7.615097999999999701e+00 7.764531709999999975e+01 0.000000000000000000e+00 9.697212358199017763e+04 0.000000000000000000e+00 2.115539044038748955e+02 1.967716522216796875e+02 
2.166664314270019887e+01 2.649997253417968750e+02 9.000000000000000000e+00 1.467552999999999913e-03 4.935754000000000325e-08 9.474618999999999858e+01 5.783731000000000400e+00 8.100290680000000521e+01 7.787165069580078125e+01 2.055719420149385987e+05 2.656505117707799002e+01 2.121986117155655904e+02 1.880708618164061932e+02 
1.099998855590819957e+01 3.119996643066406250e+02 9.000000000000000000e+00 2.522342000000000117e-04 -2.835675000000000012e-08 9.367288000000000636e+01 1.614383000000000123e+01 8.413436129999999480e+01 1.730884552001953125e+01 3.099898235385649969e+04 1.350000000000000000e+02 2.227867186173149037e+02 2.101574859619140909e+02 
8.333324432373046875e+00 3.206663208007811932e+02 9.000000000000000000e+00 6.152163000000000423e-03 1.678463000000000092e-07 8.336485000000000412e+01 3.497037000000000173e+00 7.252104950000000372e+01 3.664153671264647727e+01 6.235128327465128386e+05 1.800000000000000000e+02 2.198337723808870123e+02 1.940944824218750000e+02 
1.133332157135009943e+01 2.646663818359375000e+02 7.000000000000000000e+00 3.854437999999999961e-03 1.307023999999999965e-07 8.864117000000000246e+01 8.862185999999999453e+00 8.266832730000000140e+01 3.836445617675781250e+01 9.288841362159821438e+04 1.615650511770780042e+02 2.173353895104449975e+02 2.007873992919921875e+02 
1.266665363311767933e+01 3.249996643066406250e+02 7.000000000000000000e+00 6.514354999999999397e-05 2.002152000000000139e-08 7.772911999999999466e+01 1.126055999999999990e+01 6.694879149999999868e+01 4.375892639160156250e+01 3.753592358930820774e+04 1.463099324740202007e+02 2.182845905848911912e+02 2.027952728271484091e+02 
1.033332252502441051e+01 2.616663818359375000e+02 8.000000000000000000e+00 2.560582999999999956e-03 1.272771000000000009e-07 7.446174999999999500e+01 5.479155999999999693e+00 7.627300259999999810e+01 5.505116271972656250e+01 7.569234391440144100e+04 1.165650511770780042e+02 2.154640045166015909e+02 1.947637786865234091e+02 
1.566665077209473012e+01 2.679997253417968750e+02 9.000000000000000000e+00 4.861239999999999962e-04 4.237795000000000130e-08 7.987027000000000498e+01 4.864517000000000202e+00 6.893860630000000356e+01 7.412990570068359375e+01 7.544541520989300625e+04 9.000000000000000000e+01 2.174257488585355134e+02 1.967716522216796875e+02 
1.233332061767577947e+01 2.669997253417968750e+02 9.000000000000000000e+00 1.245465000000000070e-03 1.592357999999999997e-07 9.523803999999999803e+01 2.159709000000000145e+01 6.747028349999999364e+01 3.449983978271483664e+01 4.294877790987408662e+04 4.500000000000000000e+01 2.218282494544982910e+02 1.994488220214844034e+02 
1.499998474121093928e+01 2.863330383300781250e+02 8.000000000000000000e+00 8.726372000000000076e-06 3.196191999999999958e-08 4.337277000000000271e+01 2.035814999999999841e+01 6.161161040000000355e+01 2.470994949340819957e+01 9.295041661852859761e+03 9.000000000000000000e+01 2.296625453404018060e+02 2.228740234375000000e+02 
1.033332252502441051e+01 3.349996643066406250e+02 8.000000000000000000e+00 8.787655999999999538e-05 2.478017999999999869e-08 8.817239999999999611e+01 1.456077999999999939e+01 6.453603359999999611e+01 3.855343627929688211e+01 1.135601957926525938e+05 -1.615650511770780042e+02 2.227226302737282140e+02 2.094881896972655966e+02 
7.999991416931152344e+00 2.616663818359375000e+02 8.000000000000000000e+00 2.962072999999999855e-04 -5.889862000000000149e-08 7.577288000000000068e+01 1.391094999999999970e+01 7.174057009999999934e+01 6.112299346923828125e+01 1.550330188269611972e+05 1.800000000000000000e+02 2.155646512215598136e+02 1.947637786865234091e+02 
1.333331966400145951e+01 3.293329772949218750e+02 9.000000000000000000e+00 2.685530000000000209e-03 1.071366000000000066e-07 9.128951999999999600e+01 6.921560999999999630e+00 7.311083979999999372e+01 5.173284530639647727e+01 1.122090037475697027e+05 -4.500000000000000000e+01 2.119024200439453125e+02 1.947637786865234091e+02 
1.633331680297851918e+01 3.209996643066406250e+02 9.000000000000000000e+00 5.507788000000000196e-05 3.745482999999999896e-08 6.796067999999999643e+01 1.906721999999999895e+01 6.521054839999999331e+01 4.888916397094727273e+01 2.450800099798628071e+05 1.659637565320734893e+02 2.169331565774897115e+02 1.974409484863280966e+02 
7.999991416931152344e+00 2.636663818359375000e+02 6.000000000000000000e+00 3.778108000000000182e-04 5.255336999999999964e-08 9.813042000000000087e+01 2.431247000000000114e+01 8.091397859999999298e+01 5.482320404052733664e+01 4.758827401019827812e+05 -2.656505117707799002e+01 2.194395962088449039e+02 1.920866088867188068e+02 
2.799997138977051137e+01 3.023330078125000000e+02 9.000000000000000000e+00 2.218364000000000013e-03 2.800340999999999969e-07 5.943034000000000106e+01 1.100238000000000049e+01 7.527388759999999479e+01 4.306097793579102273e+01 5.704618289804716187e+04 -5.630993247402020785e+01 2.212363898094664023e+02 2.081496124267578125e+02 
7.333325862884520596e+00 2.613330688476561932e+02 9.000000000000000000e+00 5.659912999999999490e-04 5.421488000000000087e-08 8.449956000000000245e+01 9.181269999999999598e+00 7.183606720000000223e+01 1.224481487274169922e+01 1.417014753062562086e+05 1.800000000000000000e+02 2.170498953599195886e+02 1.987795257568359091e+02 
1.199998760223389027e+01 3.219996643066406250e+02 1.000000000000000000e+01 2.053958000000000097e-04 7.007201000000000358e-08 6.760057999999999367e+01 1.763820000000000121e+01 7.187023929999999439e+01 4.941992950439453125e+01 7.254701765358545526e+04 9.000000000000000000e+01 2.238283773351598995e+02 2.108267669677734091e+02 
1.033332252502441051e+01 2.653330688476561932e+02 7.000000000000000000e+00 2.947934000000000023e-05 1.476823000000000081e-08 7.109483000000000175e+01 1.515915000000000035e+01 7.320413969999999892e+01 2.682395629882811932e+02 1.272978826026587049e+06 1.615650511770780042e+02 2.187383215086078110e+02 1.927559051513671875e+02 
2.766663742065430043e+01 3.013330078125000000e+02 7.000000000000000000e+00 1.246932000000000075e-04 3.649192999999999767e-08 5.065657999999999817e+01 6.509662999999999755e+00 7.981909939999999892e+01 1.094171047210693004e+01 4.990208986716005893e+04 1.800000000000000000e+02 2.168503961330507082e+02 2.014566955566405966e+02 
1.466665172576903942e+01 2.619997253417968750e+02 7.000000000000000000e+00 7.619135000000000024e-05 -2.942706999999999855e-08 6.404107999999999379e+01 1.444435999999999964e+01 7.750389859999999942e+01 8.835901641845703125e+01 2.393601067203616913e+04 -1.236900675259797993e+02 2.279680684407551894e+02 2.161810913085938068e+02 
1.566665077209473012e+01 2.623330688476561932e+02 6.000000000000000000e+00 2.250739999999999935e-04 1.997377000000000019e-08 8.742844999999999800e+01 5.678614999999999746e+00 7.353580469999999991e+01 4.345532226562500000e+01 1.587086025643500034e+04 -3.369006752597979215e+01 2.132808405558268134e+02 1.947637786865234091e+02 
1.133332157135009943e+01 3.243330078125000000e+02 8.000000000000000000e+00 5.235126000000000536e-04 4.962730999999999786e-08 8.947475000000000023e+01 8.446106999999999587e+00 6.731099700000000041e+01 3.836445617675781250e+01 4.714453042337954685e+04 -1.615650511770780042e+02 2.234859418596539911e+02 2.074803161621094034e+02 
1.866664695739746094e+01 3.129996643066406250e+02 8.000000000000000000e+00 3.202296999999999945e-05 4.069079000000000275e-08 5.445895999999999759e+01 1.692291000000000167e+01 6.191832349999999963e+01 3.504633712768554688e+01 2.600458376074302942e+04 1.800000000000000000e+02 2.293326789855956918e+02 2.201968536376953125e+02 
2.233330917358398082e+01 2.976663513183593750e+02 9.000000000000000000e+00 5.087677999999999911e-05 2.111882000000000090e-08 7.620905000000000484e+01 2.221132000000000062e+01 8.076792140000000586e+01 4.719394683837891336e+01 2.170156094862708123e+05 1.659637565320734893e+02 2.167760289063928099e+02 2.001181030273438068e+02 
9.333323478698730469e+00 2.646663818359375000e+02 9.000000000000000000e+00 6.845524999999999820e-05 2.027278000000000162e-08 9.134338999999999942e+01 1.862498000000000076e+01 7.018321989999999744e+01 1.735335540771484020e+01 2.424962005838080950e+05 -4.500000000000000000e+01 2.149509527962966899e+02 1.927559051513671875e+02 
1.166665458679199041e+01 3.219996643066406250e+02 8.000000000000000000e+00 8.788420000000000129e-04 6.621820999999999854e-08 8.545963000000000420e+01 7.698082000000000313e+00 7.053522490000000289e+01 1.210099887847900035e+01 6.725457501074002721e+03 0.000000000000000000e+00 2.250157531738281023e+02 2.168504028320311932e+02 
1.866664695739746094e+01 2.683330383300781250e+02 8.000000000000000000e+00 4.157742000000000078e-04 3.740610000000000300e-08 7.124456000000000699e+01 3.235332999999999792e+00 7.226936340000000314e+01 1.170341205596924006e+01 1.821067122787778135e+04 1.800000000000000000e+02 2.266507328578404099e+02 2.141732177734375000e+02 
9.666656494140625000e+00 2.616663818359375000e+02 7.000000000000000000e+00 2.760851999999999837e-04 6.403462000000000195e-08 6.090102999999999867e+01 1.037432000000000087e+01 7.515751649999999984e+01 3.848134613037108664e+01 1.786705085094408132e+05 1.615650511770780042e+02 2.163585674401485903e+02 1.961023559570311932e+02 
2.199997711181640980e+01 2.819996948242188068e+02 8.000000000000000000e+00 2.053144000000000074e-04 3.264331000000000274e-08 6.387100000000000222e+01 5.683736999999999817e+00 7.637890620000000297e+01 3.436579132080078125e+01 4.714655152501267730e+04 1.800000000000000000e+02 2.161268355910841876e+02 2.021259918212890909e+02 
8.999990463256835938e+00 3.296663208007811932e+02 8.000000000000000000e+00 2.489632999999999885e-04 7.970025999999999584e-08 6.710756999999999550e+01 1.749192000000000036e+01 7.212435150000000306e+01 4.434627914428710938e+01 2.522604915188979066e+05 1.236900675259797993e+02 2.177319883941322018e+02 2.001181030273438068e+02 
4.999994754791259766e+00 3.313329772949218750e+02 7.000000000000000000e+00 4.054845000000000172e-04 -4.984378000000000218e-08 7.717480000000000473e+01 1.423836999999999975e+01 8.579213710000000503e+01 5.076946258544921875e+01 2.148680516784926003e+05 -1.659637565320734893e+02 2.177797296609089130e+02 1.987795257568359091e+02 
1.233332061767577947e+01 3.386663208007811932e+02 8.000000000000000000e+00 1.233070999999999972e-04 3.759945000000000255e-08 7.396058999999999628e+01 1.683913000000000082e+01 7.418543239999999628e+01 3.620934677124022727e+01 1.744021780865906112e+04 0.000000000000000000e+00 2.245729863093449126e+02 2.181889801025390909e+02 
1.166665458679199041e+01 2.683330383300781250e+02 6.000000000000000000e+00 7.740464999999999759e-04 4.970316999999999970e-08 9.942056999999999789e+01 1.456155000000000044e+01 8.346273039999999810e+01 1.729895401000976918e+01 1.695480543935562018e+05 1.350000000000000000e+02 2.197612797570606915e+02 2.048031463623046875e+02 
1.066665554046631037e+01 3.129996643066406250e+02 7.000000000000000000e+00 1.075776000000000076e-03 9.242147000000000179e-08 8.632564999999999600e+01 1.154780000000000051e+01 7.209154510000000471e+01 3.844449234008789062e+01 5.127813923679309664e+04 1.615650511770780042e+02 2.204434336612098946e+02 2.088188934326171875e+02 
8.666657447814941406e+00 2.649997253417968750e+02 9.000000000000000000e+00 6.428739000000000155e-03 2.219140000000000110e-07 9.340507999999999811e+01 5.952416000000000373e+00 6.385546490000000119e+01 1.737635993957519887e+01 2.621441155637322809e+05 -1.350000000000000000e+02 2.159140802887436905e+02 1.974409484863280966e+02 
1.166665458679199041e+01 2.626663818359375000e+02 7.000000000000000000e+00 6.546798000000000374e-03 1.564034999999999883e-07 9.175065999999999633e+01 6.948140000000000427e+00 8.111352540000000033e+01 8.633149719238281250e+01 2.163846009744422045e+05 1.350000000000000000e+02 2.196772162395974988e+02 2.041338653564453125e+02 
1.166665458679199041e+01 3.176663208007811932e+02 8.000000000000000000e+00 1.858084000000000081e-03 1.084071000000000046e-07 7.738146999999999309e+01 6.360085999999999906e+00 7.415055080000000487e+01 2.750740814208984020e+01 7.939493234315169684e+04 1.165650511770780042e+02 2.177352204403634914e+02 2.007873992919921875e+02 
1.299998664855957031e+01 3.319996643066406250e+02 8.000000000000000000e+00 2.779030999999999949e-03 1.225698000000000074e-07 9.222735000000000127e+01 6.753811999999999927e+00 6.798140720000000670e+01 3.819335174560546875e+01 6.020960120505991654e+04 -1.615650511770780042e+02 2.186054243299695941e+02 2.061417388916015909e+02 
8.333324432373046875e+00 3.389996337890625000e+02 9.000000000000000000e+00 4.004726000000000119e-04 7.228604000000000239e-08 7.381739000000000317e+01 1.282113999999999976e+01 7.125215149999999653e+01 3.871324920654296875e+01 4.888960581235592254e+05 -1.615650511770780042e+02 2.219072633955213973e+02 2.034645690917969034e+02 
1.199998760223389027e+01 3.349996643066406250e+02 9.000000000000000000e+00 8.368768000000000170e-04 1.202567000000000130e-07 6.448220000000000596e+01 9.500315000000000509e+00 7.280398560000000430e+01 6.177490615844727273e+01 5.375112197453468980e+03 9.000000000000000000e+01 2.282283477783203125e+02 2.242126007080078125e+02 
1.433331871032715021e+01 2.689997253417968750e+02 1.000000000000000000e+01 2.277861999999999856e-03 -8.486711000000000349e-08 9.141849000000000558e+01 5.107688999999999702e+00 7.199551390000000595e+01 3.706495666503906250e+01 1.996929170654888003e+04 -9.000000000000000000e+01 2.217585327148437102e+02 2.101574859619140909e+02 
1.033332252502441051e+01 2.876663818359375000e+02 1.000000000000000000e+01 2.017738000000000065e-07 -5.228430999999999809e-10 5.438429000000000002e+01 7.817779999999999951e+00 7.672429660000000240e+01 2.725845336914062145e+01 2.621045590884340927e+05 1.534349488229219958e+02 2.156946600687871864e+02 1.920866088867188068e+02 
1.366665267944335938e+01 2.653330688476561932e+02 8.000000000000000000e+00 1.192118999999999948e-03 -9.450974000000000042e-08 6.472848000000000468e+01 8.083733000000000501e+00 8.753861999999999455e+01 1.127676086425780966e+02 1.067544023388441929e+04 -1.306012946450044865e+02 2.231250000000000000e+02 2.148425292968750000e+02 
1.966664695739746094e+01 2.659997253417968750e+02 1.000000000000000000e+01 6.488775999999999485e-04 4.997533999999999836e-08 8.095399000000000456e+01 5.552260000000000417e+00 7.107254790000000355e+01 1.163453197479248047e+01 8.795546118902244780e+04 1.800000000000000000e+02 2.194980327381807115e+02 1.961023559570311932e+02 
7.666658878326416016e+00 3.223330078125000000e+02 7.000000000000000000e+00 2.147706000000000094e-03 1.653944000000000004e-07 7.826448000000000604e+01 1.215503999999999962e+01 7.624586490000000083e+01 6.606562805175781250e+01 2.559323287984500930e+05 -1.581985905136482131e+02 2.254123404482577939e+02 2.114960632324219034e+02 
1.933331298828125000e+01 2.799996948242188068e+02 8.000000000000000000e+00 3.974922999999999754e-05 -2.138704000000000104e-08 5.670510000000000161e+01 1.388513000000000019e+01 8.138891599999999471e+01 5.077085876464843750e+01 1.128597092309925065e+05 7.596375653207353196e+01 2.194506306264592013e+02 2.054724426269530966e+02 
1.466665172576903942e+01 3.296663208007811932e+02 8.000000000000000000e+00 2.908341000000000078e-05 2.300811999999999851e-08 5.970924999999999727e+01 8.745706000000000202e+00 5.713499070000000302e+01 1.235500621795653942e+01 1.196740994120596952e+04 9.000000000000000000e+01 2.270384945339627052e+02 2.181889801025390909e+02 
1.599998283386229936e+01 3.039996948242188068e+02 8.000000000000000000e+00 4.871227000000000109e-04 9.649874000000000585e-08 7.990035000000000309e+01 1.999060000000000059e+01 7.296727749999999446e+01 3.768199920654296875e+01 1.294162703383277985e+05 1.615650511770780042e+02 2.210027338144730891e+02 2.081496124267578125e+02 
1.166665458679199041e+01 3.316663208007811932e+02 8.000000000000000000e+00 2.267702999999999928e-04 2.476530999999999996e-08 8.230646000000000129e+01 7.917474999999999596e+00 7.687035369999999546e+01 2.718335342407226918e+01 3.633694675628664845e+04 -1.534349488229219958e+02 2.213371265552661953e+02 2.094881896972655966e+02 
8.333324432373046875e+00 3.053330078125000000e+02 1.000000000000000000e+01 2.983848999999999898e-04 3.388587999999999797e-08 8.335260999999999854e+01 1.218560000000000088e+01 8.199346160000000339e+01 1.737635993957519887e+01 1.711830385196302086e+05 1.350000000000000000e+02 2.164679418896872107e+02 1.994488220214844034e+02 
1.033332252502441051e+01 3.153330078125000000e+02 1.000000000000000000e+01 5.693206999999999608e-03 1.308041999999999955e-07 7.598053000000000168e+01 2.241477000000000164e+00 8.229934690000000330e+01 1.733612442016601918e+01 5.811256634219073021e+04 -1.350000000000000000e+02 2.177064663199491008e+02 2.041338653564453125e+02 
2.899996948242187855e+01 3.279996643066406250e+02 1.000000000000000000e+01 1.900336999999999963e-05 -1.179420000000000049e-08 8.479425999999999419e+01 1.942314999999999969e+01 6.585726169999999513e+01 2.161316871643066051e+01 1.296224259272154013e+05 1.800000000000000000e+02 2.188086929321289062e+02 2.041338653564453125e+02 
9.666656494140625000e+00 2.659997253417968750e+02 7.000000000000000000e+00 8.337721000000000195e-04 2.728443999999999931e-08 9.674537999999999727e+01 3.748750999999999944e+00 8.060059359999999629e+01 4.871829605102539062e+01 1.137587732625655044e+05 1.800000000000000000e+02 2.188742050897506886e+02 1.994488220214844034e+02 
1.466665172576903942e+01 2.623330688476561932e+02 7.000000000000000000e+00 2.082289000000000188e-03 6.199923999999999527e-08 9.133769999999999811e+01 5.660994999999999777e+00 8.380785369999999546e+01 3.795143890380858664e+01 1.369285341217225941e+05 -1.615650511770780042e+02 2.091178049624544997e+02 1.887401580810546875e+02 
7.666658878326416016e+00 3.346663208007811932e+02 8.000000000000000000e+00 1.314169000000000014e-03 1.577471000000000084e-07 8.838799000000000206e+01 2.010734000000000066e+01 7.200447080000000710e+01 4.422108459472656250e+01 8.984956634285982000e+04 1.463099324740202007e+02 2.225495124585700921e+02 2.027952728271484091e+02 
8.999990463256835938e+00 3.229996643066406250e+02 9.000000000000000000e+00 5.292293999999999715e-05 -1.143854999999999955e-08 7.959646999999999650e+01 1.061660999999999966e+01 7.907057949999999380e+01 6.571997070312500000e+01 5.101521511440589093e+05 1.581985905136482131e+02 2.217009773660213057e+02 1.994488220214844034e+02 
1.033332252502441051e+01 2.659997253417968750e+02 1.000000000000000000e+01 5.282028000000000244e-03 1.007902000000000021e-07 9.210282999999999731e+01 3.528134999999999799e+00 8.063273619999999653e+01 1.732708168029785156e+01 2.350851276400008937e+05 -4.500000000000000000e+01 2.169965617738920969e+02 1.934252014160155966e+02 
1.066665554046631037e+01 3.126663513183593750e+02 7.000000000000000000e+00 2.761846999999999783e-04 3.099806999999999985e-08 9.669513999999999498e+01 1.084154999999999980e+01 6.907952120000000207e+01 1.214176845550536932e+01 3.915381050582606258e+04 1.800000000000000000e+02 2.173812113794787138e+02 2.048031463623046875e+02 
2.599997329711914062e+01 2.846663818359375000e+02 8.000000000000000000e+00 1.594516999999999940e-03 9.949197999999999540e-08 8.354793999999999699e+01 9.913460000000000605e+00 7.766268159999999909e+01 2.220965003967285156e+01 2.298313291065382946e+05 1.800000000000000000e+02 2.192217009349535886e+02 2.041338653564453125e+02 
1.399998569488525035e+01 3.303329772949218750e+02 9.000000000000000000e+00 1.390432000000000039e-03 1.803803999999999997e-07 7.102843000000000018e+01 1.001664000000000065e+01 6.504070280000000537e+01 2.397552299499512074e+01 1.066570486861981954e+04 1.800000000000000000e+02 2.242962608337402060e+02 2.175196838378905966e+02 
1.033332252502441051e+01 2.603330688476561932e+02 1.000000000000000000e+01 4.608064999999999731e-03 1.383133000000000054e-07 9.993953000000000486e+01 6.698553999999999675e+00 6.974678799999999512e+01 2.752547645568848012e+01 2.200850783101556008e+05 1.165650511770780042e+02 2.189896637150114884e+02 1.920866088867188068e+02 
5.333327770233154297e+00 3.309996643066406250e+02 1.000000000000000000e+01 2.251321000000000138e-03 -5.977438000000000509e-08 7.962646999999999764e+01 2.334423000000000137e+00 8.569947050000000388e+01 5.503707885742188211e+01 3.829450205737460055e+04 1.534349488229219958e+02 2.226349846976144136e+02 2.074803161621094034e+02 
1.299998664855957031e+01 3.146663513183593750e+02 8.000000000000000000e+00 5.839022000000000353e-04 8.088399000000000164e-08 8.489028000000000418e+01 1.528555000000000064e+01 7.111705019999999422e+01 4.974413681030272727e+01 4.282428858686953026e+04 1.659637565320734893e+02 2.213471956253052042e+02 2.074803161621094034e+02 
9.999989509582519531e+00 3.369996337890625000e+02 9.000000000000000000e+00 8.609966000000000364e-04 8.479990999999999611e-08 8.675894999999999868e+01 1.165615999999999985e+01 6.976070400000000404e+01 2.730192565917969105e+01 1.758655817039906105e+05 -1.534349488229219958e+02 2.154294380774865090e+02 1.961023559570311932e+02 
1.933331298828125000e+01 2.673330688476561932e+02 6.000000000000000000e+00 1.871064000000000082e-04 2.005406000000000137e-08 8.819181000000000381e+01 1.100641000000000069e+01 8.313860320000000570e+01 2.331704711914062145e+01 5.703291480617148045e+04 1.800000000000000000e+02 2.176565870805220015e+02 2.027952728271484091e+02 
1.066665554046631037e+01 3.186663208007811932e+02 7.000000000000000000e+00 1.631950999999999975e-03 1.031037999999999971e-07 8.822871999999999559e+01 8.443516999999999939e+00 6.917549900000000207e+01 3.642429351806641336e+01 2.159486768120491979e+04 0.000000000000000000e+00 2.258021659851073935e+02 2.161810913085938068e+02 
2.499997329711914062e+01 2.949996948242188068e+02 8.000000000000000000e+00 3.563770000000000067e-04 5.207338999999999775e-08 8.168789999999999907e+01 1.521299999999999919e+01 7.798097230000000479e+01 5.065902709960938211e+01 2.962474276222552871e+05 1.040362434679264965e+02 2.209505081817883081e+02 1.994488220214844034e+02 
1.099998855590819957e+01 3.299996643066406250e+02 8.000000000000000000e+00 1.212994000000000051e-02 3.182763999999999793e-07 9.638433999999999457e+01 1.154670999999999914e+01 7.801885219999999777e+01 1.731708335876464844e+01 5.582343874831836438e+05 -4.500000000000000000e+01 2.183199260545812876e+02 1.987795257568359091e+02 
1.199998760223389027e+01 2.639997253417968750e+02 7.000000000000000000e+00 1.975410999999999834e-02 2.406545999999999850e-07 9.247480000000000189e+01 5.608463999999999672e+00 8.874423219999999901e+01 2.749988555908203125e+01 6.177726061355522688e+04 1.165650511770780042e+02 2.162247533383576865e+02 1.987795257568359091e+02 
2.366664123535155895e+01 3.129996643066406250e+02 9.000000000000000000e+00 3.252621000000000109e-05 2.448287999999999973e-08 5.444823000000000235e+01 1.232878000000000007e+01 7.084472660000000133e+01 2.576034355163573863e+01 1.371228907481947972e+05 1.534349488229219958e+02 2.215231538825078985e+02 2.034645690917969034e+02 
1.099998855590819957e+01 3.093330078125000000e+02 8.000000000000000000e+00 6.270424999999999610e-03 1.661843999999999962e-07 8.915413999999999817e+01 5.379283000000000037e+00 7.482059479999999496e+01 2.752591705322265980e+01 1.482634502997068921e+04 -6.343494882292200998e+01 2.198317843350496901e+02 2.068110198974609091e+02 
1.199998760223389027e+01 3.193330078125000000e+02 9.000000000000000000e+00 1.094270000000000052e-03 6.462074000000000323e-08 9.359130000000000393e+01 6.380327000000000304e+00 6.661464689999999678e+01 0.000000000000000000e+00 1.531070105018029863e+05 0.000000000000000000e+00 2.136213572987338978e+02 1.981102294921875000e+02 
2.899996948242187855e+01 2.736663818359375000e+02 8.000000000000000000e+00 1.371135999999999945e-05 4.671624999999999985e-09 9.214493000000000222e+01 1.474939999999999962e+01 7.696015169999999728e+01 2.492458534240723012e+01 4.320067431357094028e+04 -1.534349488229219958e+02 2.185979885525173927e+02 2.081496124267578125e+02 
1.833331489562987926e+01 2.999996948242188068e+02 8.000000000000000000e+00 1.328420999999999986e-03 9.675209999999999721e-08 8.682671000000000561e+01 7.294259000000000270e+00 6.490792079999999942e+01 4.293746185302733664e+01 1.355235064381133125e+05 1.463099324740202007e+02 2.131371154785155966e+02 1.954330749511719034e+02 
1.833331489562987926e+01 3.286663208007811932e+02 8.000000000000000000e+00 1.890923999999999990e-04 9.887372000000000585e-08 8.878077999999999292e+01 2.513823000000000008e+01 5.259606550000000169e+01 3.518341827392578125e+01 1.825925146080703053e+04 1.800000000000000000e+02 2.220613065447126075e+02 2.114960632324219034e+02 
