1.466665172576903942e+01 2.626663818359375000e+02 6.000000000000000000e+00 4.613024999999999765e-03 9.509193999999999619e-08 8.524997000000000469e+01 3.405413999999999941e+00 8.520871730000000355e+01 1.195266437530517933e+01 7.171921949664270505e+04 1.800000000000000000e+02 2.174577147872360001e+02 2.001181030273438068e+02 
9.666656494140625000e+00 2.616663818359375000e+02 7.000000000000000000e+00 1.901115000000000096e-03 9.547045999999999500e-08 7.542368000000000450e+01 4.480546999999999613e+00 7.530409240000000182e+01 7.827808380126953125e+01 1.597286125547240081e+05 3.865980825409008759e+01 2.209795821884931115e+02 1.974409484863280966e+02 
2.833330345153808949e+01 2.986663513183593750e+02 7.000000000000000000e+00 3.431924999999999841e-04 7.518449999999999406e-08 5.461088999999999771e+01 7.035472999999999644e+00 7.381421659999999463e+01 1.647065353393555043e+01 8.473226791094269720e+04 -4.500000000000000000e+01 2.161715427943638019e+02 2.041338653564453125e+02 
1.099998855590819957e+01 2.606663818359375000e+02 8.000000000000000000e+00 4.590153000000000299e-06 4.543474000000000269e-09 6.814846000000000004e+01 1.369655000000000022e+01 7.117330929999999967e+01 0.000000000000000000e+00 1.226489636426513025e+05 0.000000000000000000e+00 2.150263913332761092e+02 1.940944824218750000e+02 
1.666664886474609020e+01 2.646663818359375000e+02 9.000000000000000000e+00 8.253500999999999229e-06 6.060451000000000003e-09 5.053721999999999781e+01 6.556364000000000303e+00 7.956588750000000232e+01 1.235500621795653942e+01 2.896354746605670880e+04 -9.000000000000000000e+01 2.119523988203569047e+02 1.927559051513671875e+02 
1.099998855590819957e+01 2.643330688476561932e+02 9.000000000000000000e+00 1.239480999999999960e-03 9.203612000000000291e-08 7.803197000000000116e+01 5.427851000000000425e+00 6.705531310000000644e+01 3.460639572143554688e+01 3.371574096927770734e+04 1.350000000000000000e+02 2.193401586914062875e+02 2.081496124267578125e+02 
1.299998664855957031e+01 2.663330688476561932e+02 6.000000000000000000e+00 5.712726000000000436e-04 -7.901113999999999688e-08 7.605490000000000350e+01 1.468265000000000065e+01 7.845832059999999331e+01 3.452282333374022727e+01 6.694728959808662694e+03 -1.350000000000000000e+02 2.169842529296875000e+02 2.081496124267578125e+02 
6.999992847442626953e+00 2.643330688476561932e+02 7.000000000000000000e+00 2.856557000000000237e-04 7.169976999999999962e-08 5.482592000000000354e+01 6.047266999999999726e+00 6.805680850000000248e+01 2.450739097595214844e+01 5.452286976415416575e+03 0.000000000000000000e+00 2.292322845458984091e+02 2.242126007080078125e+02 
2.799997138977051137e+01 2.756663818359375000e+02 8.000000000000000000e+00 5.033929999999999828e-03 1.075881000000000024e-07 8.427491999999999450e+01 4.245707000000000342e+00 8.687856290000000570e+01 4.092568969726561789e+01 4.973933573948704725e+04 3.369006752597979215e+01 2.224006165295112112e+02 2.074803161621094034e+02 
1.299998664855957031e+01 3.259996643066406250e+02 8.000000000000000000e+00 1.411368999999999992e-03 1.029693000000000034e-07 8.230876000000000658e+01 5.770039999999999836e+00 6.368494799999999856e+01 1.725592422485351918e+01 2.410344612861506175e+04 -4.500000000000000000e+01 2.235061230129666114e+02 2.101574859619140909e+02 
1.099998855590819957e+01 3.116663513183593750e+02 9.000000000000000000e+00 2.830235999999999863e-03 1.499874000000000001e-07 6.882773000000000252e+01 5.391237000000000279e+00 7.829496000000000322e+01 5.003370666503906250e+01 1.886234793896763877e+05 -1.659637565320734893e+02 2.166974138532366112e+02 1.974409484863280966e+02 
2.066664505004883168e+01 3.119996643066406250e+02 9.000000000000000000e+00 3.497736000000000239e-07 1.446300999999999967e-09 5.968430000000000035e+01 2.086776000000000053e+01 7.283570100000000025e+01 2.728075027465819957e+01 1.492299349224856123e+05 1.165650511770780042e+02 2.138385843737372056e+02 1.961023559570311932e+02 
1.466665172576903942e+01 2.676663818359375000e+02 9.000000000000000000e+00 4.152710999999999902e-03 -2.214822000000000084e-07 8.302570000000000050e+01 8.983245000000000147e+00 6.980345920000000604e+01 3.795143890380858664e+01 6.377157072305962356e+04 -1.615650511770780042e+02 2.151213935216267998e+02 1.934252014160155966e+02 
9.999989509582519531e+00 2.676663818359375000e+02 1.000000000000000000e+01 1.170911999999999994e-02 2.053374000000000027e-07 9.251071000000000311e+01 3.384913000000000061e+00 7.281604000000000099e+01 3.901633453369141336e+01 1.623085504622938970e+04 -1.084349488229219958e+02 2.205314979553222940e+02 2.027952728271484091e+02 
1.266665363311767933e+01 2.606663818359375000e+02 7.000000000000000000e+00 4.906450999999999825e-04 3.640162000000000194e-08 8.610217000000000098e+01 8.862859000000000265e+00 8.112493899999999769e+01 2.707635688781737926e+01 1.876469550493400893e+05 1.534349488229219958e+02 2.075089991978236981e+02 1.874015808105469034e+02 
9.999989509582519531e+00 2.626663818359375000e+02 7.000000000000000000e+00 1.769245999999999926e-03 1.133605999999999967e-07 8.620470000000000255e+01 9.282301999999999609e+00 7.145095059999999876e+01 1.734418296813964844e+01 5.729797306545292959e+05 4.500000000000000000e+01 2.123468844215825015e+02 1.874015808105469034e+02 
1.233332061767577947e+01 2.719997253417968750e+02 8.000000000000000000e+00 2.082117000000000082e-03 9.232213000000000615e-08 8.726833000000000595e+01 6.560795999999999850e+00 7.460723880000000463e+01 5.186323928833007812e+01 7.130674323887046194e+05 -1.350000000000000000e+02 2.126849367242110134e+02 1.827165374755859091e+02 
2.599997329711914062e+01 2.703330383300781250e+02 8.000000000000000000e+00 8.047070000000000189e-05 -2.767322999999999957e-08 7.870775999999999328e+01 2.306731999999999871e+01 8.100263209999999958e+01 5.082761383056641336e+01 1.936311694697414932e+05 -1.534349488229219958e+02 2.213094946988829008e+02 2.068110198974609091e+02 
1.566665077209473012e+01 3.303329772949218750e+02 8.000000000000000000e+00 2.448817999999999904e-05 6.829228999999999682e-09 9.033132000000000517e+01 1.045370999999999917e+01 6.937624359999999513e+01 4.340713119506835938e+01 1.057536590648027959e+04 -1.463099324740202007e+02 2.215354347229003906e+02 2.094881896972655966e+02 
1.499998474121093928e+01 3.313329772949218750e+02 9.000000000000000000e+00 4.999578000000000398e-04 7.312743999999999827e-08 8.319070999999999572e+01 1.137597000000000058e+01 6.479597470000000214e+01 3.784706115722656250e+01 1.989203512538678115e+04 1.615650511770780042e+02 2.219816284179688068e+02 2.094881896972655966e+02 
1.799998092651366832e+01 2.796663818359375000e+02 1.000000000000000000e+01 6.498496999999999997e-04 4.415579999999999759e-08 8.767556000000000438e+01 1.064203999999999972e+01 8.435970310000000438e+01 1.174958515167235973e+01 2.309823157708139915e+05 0.000000000000000000e+00 2.146534561760680901e+02 1.874015808105469034e+02 
8.333324432373046875e+00 2.616663818359375000e+02 7.000000000000000000e+00 1.111482000000000008e-03 1.856250999999999884e-07 8.044158000000000186e+01 1.531160999999999994e+01 6.143980030000000170e+01 5.210734176635742188e+01 2.446166582122598993e+04 1.350000000000000000e+02 2.210892418755425126e+02 2.094881896972655966e+02 
2.866663742065430043e+01 2.693330383300781250e+02 8.000000000000000000e+00 2.970878000000000035e-06 -3.103864000000000109e-09 8.038720999999999606e+01 1.662723000000000084e+01 6.825094599999999900e+01 1.235506916046142933e+01 1.351539200003140140e+05 -9.000000000000000000e+01 2.057772083282470987e+02 1.900787353515625000e+02 
1.399998569488525035e+01 3.389996337890625000e+02 8.000000000000000000e+00 1.491411999999999903e-03 1.274393000000000101e-07 9.159539999999999793e+01 1.183187999999999995e+01 6.508325960000000521e+01 2.470994949340819957e+01 6.928483713750087190e+04 -9.000000000000000000e+01 2.166058464050292969e+02 1.994488220214844034e+02 
1.066665554046631037e+01 2.989996948242188068e+02 8.000000000000000000e+00 8.636399000000000116e-05 1.445226999999999935e-08 8.278500999999999976e+01 1.020706000000000024e+01 7.857082370000000537e+01 1.235497474670409979e+01 6.751770413405827640e+03 -9.000000000000000000e+01 2.278267761230468977e+02 2.248818969726561932e+02 
1.466665172576903942e+01 3.203330078125000000e+02 8.000000000000000000e+00 5.750866999999999568e-04 8.944127000000000003e-08 8.783727000000000373e+01 1.313184000000000040e+01 6.128273389999999665e+01 3.789983749389647727e+01 6.242786577633916022e+04 1.615650511770780042e+02 2.119802314271317982e+02 1.954330749511719034e+02 
1.299998664855957031e+01 2.619997253417968750e+02 8.000000000000000000e+00 3.032201000000000210e-04 6.432184999999999704e-08 9.876237000000000421e+01 2.030950999999999951e+01 6.217310710000000284e+01 3.606565856933593750e+01 1.245873651513020042e+06 1.800000000000000000e+02 2.104784822914222104e+02 1.860629882812500000e+02 
2.199997711181640980e+01 2.679997253417968750e+02 9.000000000000000000e+00 3.886940000000000187e-03 1.683055000000000111e-07 8.428888999999999498e+01 7.444096000000000046e+00 7.292618559999999661e+01 1.145371913909911932e+01 2.695481424095067778e+05 0.000000000000000000e+00 2.197043544841262133e+02 1.967716522216796875e+02 
1.199998760223389027e+01 3.103330078125000000e+02 9.000000000000000000e+00 4.603475000000000102e-04 3.541088000000000004e-08 9.913035999999999603e+01 1.182884999999999920e+01 7.709191889999999603e+01 7.359831237792968750e+01 8.736502888261764019e+04 -1.705376777919744029e+02 2.194760758620041941e+02 2.054724426269530966e+02 
1.466665172576903942e+01 3.299996643066406250e+02 9.000000000000000000e+00 1.143973000000000033e-04 3.284415999999999756e-08 7.852926999999999680e+01 1.444705000000000084e+01 6.851152799999999843e+01 3.440583038330078125e+01 3.987528887317587942e+04 -1.350000000000000000e+02 2.122099736531575900e+02 1.987795257568359091e+02 
1.233332061767577947e+01 2.653330688476561932e+02 9.000000000000000000e+00 8.883914999999999174e-03 1.883036999999999870e-07 8.340055999999999869e+01 2.913104999999999833e+00 7.510892490000000521e+01 3.823714828491210938e+01 3.191922531498168828e+05 -1.615650511770780042e+02 2.168897653146952109e+02 1.947637786865234091e+02 
7.999991416931152344e+00 3.173330078125000000e+02 9.000000000000000000e+00 7.622048999999999665e-03 1.876576000000000035e-07 7.547418000000000404e+01 3.325819000000000081e+00 8.067513280000000009e+01 2.756432723999023082e+01 3.943401188048811164e+05 1.165650511770780042e+02 2.190890592903926120e+02 1.947637786865234091e+02 
1.166665458679199041e+01 3.229996643066406250e+02 7.000000000000000000e+00 3.793990999999999976e-05 -1.261634999999999935e-08 8.273609000000000435e+01 9.276574999999999349e+00 6.198570629999999682e+01 7.795108795166015625e+01 6.725366481042434316e+03 7.156505117707799002e+01 2.260866180419922102e+02 2.175196838378905966e+02 
1.299998664855957031e+01 2.616663818359375000e+02 7.000000000000000000e+00 4.999781000000000017e-03 1.675844999999999877e-07 9.396829999999999927e+01 1.072563000000000066e+01 7.997580720000000554e+01 2.704669189453125000e+01 1.177329817485818930e+05 1.534349488229219958e+02 2.125152117989279930e+02 1.940944824218750000e+02 
1.433331871032715021e+01 3.216663208007811932e+02 7.000000000000000000e+00 1.932815999999999961e-04 5.936317000000000150e-08 7.261436000000000490e+01 1.143394999999999939e+01 6.012917709999999971e+01 3.795143890380858664e+01 6.651089264951838413e+04 1.615650511770780042e+02 2.191795275878905898e+02 2.061417388916015909e+02 
1.333331966400145951e+01 2.619997253417968750e+02 8.000000000000000000e+00 3.933757000000000223e-06 -2.154430999999999878e-09 6.623357000000000028e+01 7.512671000000000099e+00 8.257102969999999686e+01 5.086878967285156250e+01 1.777536871687211969e+05 -1.040362434679264965e+02 2.198596898129111992e+02 2.014566955566405966e+02 
1.399998569488525035e+01 2.633330688476561932e+02 9.000000000000000000e+00 3.204411000000000108e-04 -4.386684999999999685e-08 7.920882000000000289e+01 1.439555999999999969e+01 8.273378750000000537e+01 1.235497474670409979e+01 1.720216168159572117e+05 -9.000000000000000000e+01 2.125492899103682021e+02 1.927559051513671875e+02 
1.266665363311767933e+01 3.183330078125000000e+02 9.000000000000000000e+00 1.203136999999999956e-03 8.213172999999999717e-08 8.595530999999999722e+01 5.980488000000000248e+00 6.531880950000000041e+01 3.898302459716796875e+01 5.363230134449245270e+03 -1.084349488229219958e+02 2.300688972473145100e+02 2.255511779785155966e+02 
1.266665363311767933e+01 2.663330688476561932e+02 9.000000000000000000e+00 9.194232999999999573e-03 2.250742999999999973e-07 9.723080000000000211e+01 5.985271000000000008e+00 6.872051999999999339e+01 1.724461746215819957e+01 4.420753018748932664e+04 4.500000000000000000e+01 2.201968527129201902e+02 1.967716522216796875e+02 
1.166665458679199041e+01 3.179996643066406250e+02 1.000000000000000000e+01 1.951032000000000076e-06 6.699354999999999971e-09 4.812691999999999837e+01 1.751721999999999824e+01 6.894265749999999571e+01 2.470994949340819957e+01 6.725457501074002721e+03 -9.000000000000000000e+01 2.274252014160155966e+02 2.228740234375000000e+02 
1.833331489562987926e+01 2.676663818359375000e+02 1.000000000000000000e+01 2.701709999999999962e-03 1.152931000000000042e-07 7.228898999999999830e+01 3.667009999999999881e+00 7.734332279999999571e+01 2.734176063537598012e+01 3.520908675295407738e+04 1.165650511770780042e+02 2.152887143735532050e+02 1.987795257568359091e+02 
9.999989509582519531e+00 2.616663818359375000e+02 1.000000000000000000e+01 1.837616000000000032e-03 1.476059000000000128e-07 7.639588999999999430e+01 8.991127000000000535e+00 7.083233640000000264e+01 3.464415740966796875e+01 1.176332383756870986e+05 1.350000000000000000e+02 2.162503409550108131e+02 1.967716522216796875e+02 
1.366665267944335938e+01 2.629997253417968750e+02 6.000000000000000000e+00 4.361260000000000050e-04 9.530729999999999740e-08 7.073288999999999760e+01 1.951726000000000028e+01 7.909304050000000075e+01 2.698700523376464844e+01 3.497486731605143286e+05 1.534349488229219958e+02 2.094677534030593904e+02 1.867322845458984091e+02 
1.666664886474609020e+01 2.843330383300781250e+02 8.000000000000000000e+00 1.856792000000000026e-05 1.440150999999999983e-08 8.356408999999999310e+01 2.581378000000000128e+01 6.841198730000000694e+01 2.367144012451171875e+01 7.766879629018860578e+04 1.800000000000000000e+02 2.194594972254865866e+02 2.048031463623046875e+02 
9.333323478698730469e+00 3.306663208007811932e+02 8.000000000000000000e+00 1.457237999999999989e-05 7.465537000000000128e-09 8.222990000000000066e+01 1.367849999999999966e+01 6.759595489999999529e+01 3.473030853271483664e+01 1.057486993782202044e+05 -1.350000000000000000e+02 2.172279436160355885e+02 2.034645690917969034e+02 
1.166665458679199041e+01 3.163330078125000000e+02 8.000000000000000000e+00 1.585213000000000030e-03 1.350998000000000012e-07 7.303167000000000542e+01 8.754592000000000596e+00 7.311342620000000636e+01 6.294146728515625000e+01 2.622963598738753935e+05 1.013099324740202007e+02 2.249608337402343921e+02 2.081496124267578125e+02 
1.399998569488525035e+01 3.296663208007811932e+02 9.000000000000000000e+00 1.124255000000000003e-03 1.050909999999999979e-07 7.713884000000000185e+01 8.045182999999999751e+00 6.821417999999999893e+01 6.132565307617188211e+01 4.797300887416374753e+05 -1.686900675259797993e+02 2.197599533504910028e+02 1.954330749511719034e+02 
1.566665077209473012e+01 3.163330078125000000e+02 9.000000000000000000e+00 2.883852999999999916e-04 8.830507999999999467e-08 6.514567999999999870e+01 1.610475999999999885e+01 7.161330409999999347e+01 2.379151725769042969e+01 1.838678701601669891e+05 1.800000000000000000e+02 2.169226209242567052e+02 1.927559051513671875e+02 
9.333323478698730469e+00 2.633330688476561932e+02 6.000000000000000000e+00 3.123444000000000177e-04 7.234454999999999912e-08 7.678167999999999438e+01 2.636824000000000012e+01 8.599376680000000306e+01 4.434572982788085938e+01 1.423371006375224970e+05 1.236900675259797993e+02 2.199928764706565971e+02 1.967716522216796875e+02 
1.299998664855957031e+01 3.383329772949218750e+02 8.000000000000000000e+00 3.924695000000000072e-04 4.876959999999999752e-08 8.258311999999999387e+01 7.338925999999999839e+00 6.412866970000000322e+01 2.404345321655273082e+01 4.551549909481716895e+04 1.800000000000000000e+02 2.172834670122931868e+02 2.014566955566405966e+02 
2.633330535888671875e+01 3.043330078125000000e+02 9.000000000000000000e+00 1.406785000000000023e-03 1.281841999999999892e-07 6.321753999999999962e+01 6.285665999999999976e+00 7.584484860000000594e+01 1.235494232177734020e+01 1.389573236804206099e+05 -9.000000000000000000e+01 2.130774865614629050e+02 1.947637786865234091e+02 
2.366664123535155895e+01 3.136663513183593750e+02 9.000000000000000000e+00 1.997646999999999968e-06 -5.990130999999999774e-09 5.414945000000000164e+01 2.174971999999999994e+01 7.184922029999999893e+01 2.716574859619140980e+01 1.598729148380506958e+05 6.343494882292200998e+01 2.146369911253921998e+02 2.007873992919921875e+02 
1.366665267944335938e+01 2.606663818359375000e+02 1.000000000000000000e+01 2.400360000000000037e-04 3.930540999999999859e-08 8.536668000000000234e+01 1.457179000000000002e+01 7.400655360000000371e+01 4.941992950439453125e+01 5.335831715321342017e+03 -9.000000000000000000e+01 2.257185058593750000e+02 2.201968536376953125e+02 
1.233332061767577947e+01 3.213330078125000000e+02 1.000000000000000000e+01 2.879016000000000084e-04 6.215751999999999899e-08 7.986096999999999468e+01 1.723729000000000156e+01 7.158861539999999479e+01 1.726690864562987926e+01 9.253504958614463976e+04 1.350000000000000000e+02 2.223987238787223077e+02 2.088188934326171875e+02 
1.533331775665283025e+01 2.676663818359375000e+02 6.000000000000000000e+00 1.605266999999999957e-04 3.267553999999999985e-08 7.141425999999999874e+01 6.752113999999999727e+00 6.572549440000000232e+01 5.155184936523438211e+01 7.951493976210256733e+03 -4.500000000000000000e+01 2.212007878621419081e+02 2.101574859619140909e+02 
1.166665458679199041e+01 2.663330688476561932e+02 7.000000000000000000e+00 4.989727999999999698e-03 7.067339999999999544e-08 9.547379999999999711e+01 1.781139000000000028e+00 8.312014770000000397e+01 1.235497474670409979e+01 1.049209428256706015e+05 -9.000000000000000000e+01 2.220502736018254097e+02 1.994488220214844034e+02 
2.733330535888671875e+01 2.989996948242188068e+02 7.000000000000000000e+00 8.294083000000000597e-05 2.939565000000000157e-08 5.610182999999999964e+01 8.946490000000000720e+00 7.683483119999999644e+01 2.521827888488769887e+01 2.319856574696911048e+04 -1.534349488229219958e+02 2.219933728669819004e+02 2.108267669677734091e+02 
9.999989509582519531e+00 3.283329772949218750e+02 8.000000000000000000e+00 4.517071999999999906e-04 8.080928999999999899e-08 8.323095999999999606e+01 1.894143000000000043e+01 7.289282989999999529e+01 2.433610343933105113e+01 1.353066546522805947e+04 1.800000000000000000e+02 2.254842514038085994e+02 2.161810913085938068e+02 
1.099998855590819957e+01 2.643330688476561932e+02 6.000000000000000000e+00 8.685582000000000719e-03 1.611014999999999950e-07 9.976228000000000407e+01 9.519574999999999676e+00 8.874251560000000438e+01 1.731777954101562145e+01 7.571380440454229247e+05 -1.350000000000000000e+02 2.149592294659055085e+02 1.920866088867188068e+02 
9.999989509582519531e+00 3.223330078125000000e+02 8.000000000000000000e+00 8.057693000000000104e-04 4.716397999999999826e-08 9.249676999999999794e+01 6.649002000000000301e+00 7.202202610000000504e+01 2.725845336914062145e+01 3.245323704140104019e+04 1.534349488229219958e+02 2.200295295715332031e+02 2.041338653564453125e+02 
1.966664695739746094e+01 3.103330078125000000e+02 8.000000000000000000e+00 1.091692999999999917e-05 1.585915000000000143e-08 5.638349999999999795e+01 1.576892999999999923e+01 6.499409479999999917e+01 2.632332229614258168e+01 7.897293722821577103e+04 1.534349488229219958e+02 2.194178401759413077e+02 2.081496124267578125e+02 
2.366664123535155895e+01 2.956663513183593750e+02 9.000000000000000000e+00 1.297580999999999935e-05 1.061931000000000021e-08 7.044133999999999673e+01 2.217689999999999984e+01 7.809080509999999720e+01 5.985642242431641336e+01 1.897471535579909978e+05 1.268698976458440058e+02 2.152104096065293959e+02 1.981102294921875000e+02 
9.999989509582519531e+00 2.643330688476561932e+02 9.000000000000000000e+00 1.151684000000000041e-03 1.359358999999999884e-07 7.799782000000000437e+01 1.170673999999999992e+01 6.763311769999999967e+01 1.734488296508789062e+01 3.097961800016529742e+05 -4.500000000000000000e+01 2.210999563958447141e+02 1.974409484863280966e+02 
1.166665458679199041e+01 2.789996948242188068e+02 9.000000000000000000e+00 6.149929999999999850e-04 9.951403000000000320e-08 7.859870999999999697e+01 1.487321999999999989e+01 6.968755339999999876e+01 1.235497474670409979e+01 2.272824996753126907e+05 9.000000000000000000e+01 2.179513590434598882e+02 1.934252014160155966e+02 
1.166665458679199041e+01 2.636663818359375000e+02 8.000000000000000000e+00 7.091948999999999953e-04 6.045202999999999395e-08 6.991736000000000217e+01 5.656191999999999886e+00 7.741472629999999810e+01 1.728808784484862926e+01 4.182260878268164815e+05 -4.500000000000000000e+01 2.134479848487584093e+02 1.940944824218750000e+02 
1.099998855590819957e+01 3.213330078125000000e+02 8.000000000000000000e+00 3.329027000000000028e-03 1.487794999999999989e-07 9.224769000000000574e+01 7.336427999999999727e+00 6.702752689999999802e+01 4.941989898681641336e+01 8.087394867158314446e+04 9.000000000000000000e+01 2.202860913594564067e+02 2.034645690917969034e+02 
1.899998092651366832e+01 2.683330383300781250e+02 8.000000000000000000e+00 4.779504999999999865e-03 1.472837999999999996e-07 8.791540000000000532e+01 4.935062000000000282e+00 7.219790650000000198e+01 1.235494232177734020e+01 3.895935771164314065e+04 9.000000000000000000e+01 2.143517079671223939e+02 1.987795257568359091e+02 
8.999990463256835938e+00 3.293329772949218750e+02 9.000000000000000000e+00 1.466470999999999920e-02 2.254674000000000116e-07 9.990076000000000533e+01 6.182501000000000246e+00 7.871888730000000578e+01 4.413873672485352273e+01 2.034639385991004019e+04 3.369006752597979215e+01 2.195721791585287122e+02 2.108267669677734091e+02 
1.866664695739746094e+01 2.783330383300781250e+02 9.000000000000000000e+00 1.713902999999999843e-05 -1.447331999999999940e-08 6.292699000000000353e+01 1.986301999999999879e+01 7.816846470000000124e+01 5.472253799438477273e+01 1.950762677083552990e+04 -6.343494882292200998e+01 2.283175862630207860e+02 2.242126007080078125e+02 
1.399998569488525035e+01 3.393329772949218750e+02 9.000000000000000000e+00 1.612867999999999941e-03 1.379028999999999954e-07 7.900763999999999498e+01 1.052913000000000032e+01 7.145932770000000289e+01 1.719670677185058949e+01 8.257524194306330173e+04 1.350000000000000000e+02 2.171418607158045972e+02 1.994488220214844034e+02 
2.299997520446776988e+01 2.819996948242188068e+02 8.000000000000000000e+00 3.882337000000000028e-04 4.539489000000000184e-08 6.944472000000000378e+01 6.949544999999999639e+00 7.757619479999999612e+01 2.590870094299316051e+01 1.265210949922423060e+04 -1.534349488229219958e+02 2.212007904052734091e+02 2.128346557617188068e+02 
1.066665554046631037e+01 3.266663208007811932e+02 8.000000000000000000e+00 4.253802000000000104e-04 8.894764999999999776e-08 7.775852000000000430e+01 1.705840999999999852e+01 6.969689180000000306e+01 1.211433696746825994e+01 2.981263718230811064e+05 1.800000000000000000e+02 2.226408248141879938e+02 2.048031463623046875e+02 
1.233332061767577947e+01 3.379996337890625000e+02 8.000000000000000000e+00 3.342320000000000078e-04 5.440010000000000284e-08 8.333070999999999628e+01 1.378129000000000026e+01 7.041027830000000165e+01 2.750032043457030895e+01 7.110448715116527455e+04 -1.165650511770780042e+02 2.181005787399579958e+02 2.021259918212890909e+02 
1.133332157135009943e+01 3.123330078125000000e+02 9.000000000000000000e+00 3.261934000000000188e-03 9.328667000000000083e-08 8.517217999999999734e+01 5.319993000000000194e+00 8.385415650000000198e+01 3.832411193847656250e+01 2.302929283740620886e+05 1.615650511770780042e+02 2.180050204092995898e+02 2.001181030273438068e+02 
7.333325862884520596e+00 3.313329772949218750e+02 1.000000000000000000e+01 1.124987000000000036e-03 8.581891999999999671e-08 7.787932000000000698e+01 8.922190999999999761e+00 7.718824010000000158e+01 3.670404815673828125e+01 3.021750065894122235e+05 1.800000000000000000e+02 2.181045626391162102e+02 2.021259918212890909e+02 
1.266665363311767933e+01 3.083330078125000000e+02 1.000000000000000000e+01 5.780880000000000393e-04 4.955114999999999964e-08 5.902320000000000277e+01 1.283519999999999994e+00 7.605821229999999389e+01 2.707547760009765980e+01 1.649074856127852981e+05 1.534349488229219958e+02 2.186079649886465006e+02 2.007873992919921875e+02 
1.266665363311767933e+01 2.619997253417968750e+02 6.000000000000000000e+00 2.296951000000000201e-03 5.315948999999999713e-08 9.522762000000000171e+01 5.074224000000000068e+00 8.744238280000000429e+01 1.235500621795653942e+01 1.446951074038755032e+05 9.000000000000000000e+01 2.090296021920663065e+02 1.894094543457030966e+02 
3.999995708465576172e+00 3.276663208007811932e+02 7.000000000000000000e+00 7.986154999999999773e-04 -6.323725000000000597e-08 7.788293000000000177e+01 9.952028000000000318e+00 8.309532169999999951e+01 4.941992950439453125e+01 4.999704534020504798e+05 9.000000000000000000e+01 2.191901643517898890e+02 2.014566955566405966e+02 
1.166665458679199041e+01 3.013330078125000000e+02 7.000000000000000000e+00 3.666218000000000168e-03 1.139645000000000012e-07 9.186311000000000604e+01 6.388952999999999882e+00 7.649780269999999405e+01 6.126482009887695312e+01 1.748697263850240051e+04 1.268698976458440058e+02 2.234918248103215035e+02 2.128346557617188068e+02 
1.233332061767577947e+01 3.379996337890625000e+02 8.000000000000000000e+00 1.970028999999999877e-03 1.179646999999999949e-07 8.751239999999999952e+01 9.953390000000000626e+00 7.316292570000000239e+01 2.707547760009765980e+01 1.635825637776161893e+05 -1.534349488229219958e+02 2.209264882822506024e+02 2.027952728271484091e+02 
1.366665267944335938e+01 2.676663818359375000e+02 6.000000000000000000e+00 1.303023000000000028e-02 1.523372999999999992e-07 9.779932999999999765e+01 5.437715999999999994e+00 9.113847350000000347e+01 3.445426559448242188e+01 1.668074309377232858e+05 1.350000000000000000e+02 2.207537030029297114e+02 1.994488220214844034e+02 
1.066665554046631037e+01 3.099996643066406250e+02 7.000000000000000000e+00 1.748084000000000009e-03 9.900732000000000382e-08 8.444674999999999443e+01 8.536158000000000357e+00 7.571559910000000571e+01 1.214176845550536932e+01 1.484323435100726056e+04 1.800000000000000000e+02 2.282891928932882877e+02 2.188582763671875000e+02 
1.266665363311767933e+01 2.733330383300781250e+02 7.000000000000000000e+00 1.652531000000000052e-04 -4.383691000000000181e-08 7.464901999999999305e+01 1.941862000000000066e+01 7.978514859999999942e+01 4.968242645263671875e+01 1.031781055865070957e+05 1.659637565320734893e+02 2.155987330845424026e+02 1.981102294921875000e+02 
1.233332061767577947e+01 2.636663818359375000e+02 9.000000000000000000e+00 1.060705000000000003e-04 1.592217999999999971e-08 8.953651000000000693e+01 1.239274999999999949e+01 7.937245939999999678e+01 4.980519866943358664e+01 3.395996375929118949e+05 1.659637565320734893e+02 2.146546957144153112e+02 1.954330749511719034e+02 
9.999989509582519531e+00 2.653330688476561932e+02 9.000000000000000000e+00 8.634229000000000209e-03 3.408473999999999767e-07 9.979681999999999675e+01 1.085684000000000005e+01 6.361773680000000297e+01 1.734488296508789062e+01 2.691773399034328177e+05 1.350000000000000000e+02 2.208123305430964081e+02 1.974409484863280966e+02 
1.399998569488525035e+01 2.613330688476561932e+02 7.000000000000000000e+00 1.163238999999999940e-02 2.349033999999999910e-07 9.877194000000000074e+01 1.191050000000000075e+01 8.837191769999999735e+01 2.747199058532714844e+01 1.000078453442792961e+05 -1.165650511770780042e+02 2.202325469970703011e+02 2.007873992919921875e+02 
1.233332061767577947e+01 2.623330688476561932e+02 8.000000000000000000e+00 3.326809999999999815e-04 2.594836000000000075e-08 7.762788000000000466e+01 4.986876999999999782e+00 8.031787110000000496e+01 1.208526802062987926e+01 7.919947445583761146e+04 1.800000000000000000e+02 2.142980129435910897e+02 2.001181030273438068e+02 
2.699997138977051137e+01 2.746663818359375000e+02 8.000000000000000000e+00 7.516918999999999782e-05 2.346124000000000118e-08 6.902644999999999698e+01 1.704870000000000019e+01 8.576720430000000306e+01 4.132360458374022727e+01 9.418492741756592295e+04 -1.463099324740202007e+02 2.208574514017477100e+02 2.088188934326171875e+02 
1.633331680297851918e+01 3.159996643066406250e+02 8.000000000000000000e+00 6.346608999999999801e-05 3.589991999999999818e-08 9.043525999999999954e+01 2.489979999999999905e+01 5.928062059999999889e+01 7.507276153564453125e+01 1.225773644136076036e+05 1.615650511770780042e+02 2.186207790579846915e+02 2.001181030273438068e+02 
1.333331966400145951e+01 3.279996643066406250e+02 8.000000000000000000e+00 1.793817000000000068e-03 1.266687000000000045e-07 9.188115000000000521e+01 9.928955999999999449e+00 6.512624359999999513e+01 3.606565856933593750e+01 6.686205039118230343e+04 1.800000000000000000e+02 2.244000015258789062e+02 2.101574859619140909e+02 
8.333324432373046875e+00 3.363329772949218750e+02 9.000000000000000000e+00 8.664980999999999768e-04 1.141180999999999953e-07 8.119567999999999586e+01 1.602390000000000114e+01 7.278278349999999364e+01 6.106886672973632812e+01 3.747857614537210902e+05 1.800000000000000000e+02 2.170298428189927051e+02 2.007873992919921875e+02 
1.266665363311767933e+01 3.329996643066406250e+02 9.000000000000000000e+00 1.570205000000000082e-03 9.717269000000000640e-08 7.528503000000000611e+01 4.613070999999999700e+00 7.058846280000000206e+01 2.707547760009765980e+01 8.978922950851455971e+04 1.534349488229219958e+02 2.207462702509182861e+02 2.068110198974609091e+02 
1.199998760223389027e+01 2.689997253417968750e+02 1.000000000000000000e+01 7.163018999999999636e-03 1.927413999999999871e-07 8.553406999999999982e+01 6.584621000000000279e+00 7.960562899999999331e+01 5.192344665527343750e+01 2.083538014147981012e+05 -1.350000000000000000e+02 2.161379232098979060e+02 1.967716522216796875e+02 
1.133332157135009943e+01 2.849996948242188068e+02 1.000000000000000000e+01 5.799285000000000160e-04 4.343250000000000196e-08 7.928356999999999744e+01 6.939644000000000368e+00 7.937890620000000297e+01 3.638376617431641336e+01 3.392519712544474751e+05 1.800000000000000000e+02 2.168344595772879870e+02 1.940944824218750000e+02 
2.499997329711914062e+01 3.023330078125000000e+02 6.000000000000000000e+00 7.008553000000000048e-04 -7.626881000000000517e-08 7.267110999999999876e+01 5.487828999999999624e+00 6.557463839999999777e+01 3.706502151489257812e+01 8.708826116477965115e+03 9.000000000000000000e+01 2.255511823381696104e+02 2.175196838378905966e+02 
2.033331298828125000e+01 2.639997253417968750e+02 7.000000000000000000e+00 2.541611999999999951e-04 7.586040999999999736e-08 7.719545999999999708e+01 1.485257999999999967e+01 6.049963379999999802e+01 6.892424774169921875e+01 5.155571974162792685e+03 -3.096375653207352130e+01 2.320767707824707031e+02 2.315747985839844034e+02 
1.099998855590819957e+01 2.606663818359375000e+02 8.000000000000000000e+00 2.867157999999999859e-03 1.007312000000000014e-07 8.594455000000000666e+01 6.370726999999999585e+00 8.006884770000000628e+01 3.460570144653320312e+01 8.364671561810678395e+04 1.350000000000000000e+02 2.159112280568768938e+02 2.001181030273438068e+02 
2.266664314270019887e+01 2.669997253417968750e+02 8.000000000000000000e+00 5.187962999999999917e-05 -1.246469999999999977e-08 7.498274000000000683e+01 1.237908000000000008e+01 8.436446379999999579e+01 8.948781585693359375e+01 6.344620749862913726e+03 -7.405460409907715302e+01 2.280944885253906023e+02 2.242126007080078125e+02 
2.099997901916503906e+01 2.929996948242188068e+02 8.000000000000000000e+00 1.259371000000000015e-03 1.201358000000000003e-07 9.423595000000000255e+01 1.686828999999999823e+01 7.072286219999999446e+01 1.156113910675049006e+01 2.398565058792750933e+05 0.000000000000000000e+00 2.151789553229183980e+02 1.961023559570311932e+02 
1.999997901916503906e+01 2.646663818359375000e+02 9.000000000000000000e+00 6.715124999999999740e-03 1.119680000000000005e-07 8.894719000000000619e+01 2.416884000000000032e+00 8.104918670000000702e+01 3.692090988159179688e+01 5.426233456231351738e+04 1.843494882292200998e+01 2.154640056065150873e+02 2.001181030273438068e+02 
1.233332061767577947e+01 3.379996337890625000e+02 9.000000000000000000e+00 8.388404000000000129e-04 1.417409999999999985e-07 6.588549000000000433e+01 8.508929999999999438e+00 6.343727489999999847e+01 5.423519134521483664e+01 1.059481418547140056e+05 -1.534349488229219958e+02 2.126397904021831096e+02 1.981102294921875000e+02 
1.866664695739746094e+01 2.646663818359375000e+02 1.000000000000000000e+01 2.999574999999999991e-06 1.966641999999999959e-09 8.701833000000000595e+01 1.444161000000000072e+01 7.505294039999999711e+01 0.000000000000000000e+00 1.001226337230763020e+05 0.000000000000000000e+00 2.170676980947519041e+02 1.987795257568359091e+02 
1.966664695739746094e+01 2.689997253417968750e+02 6.000000000000000000e+00 8.169639000000000539e-06 -8.581296999999999592e-09 8.753028000000000475e+01 2.004217999999999833e+01 5.723853299999999678e+01 2.628162574768066051e+01 1.033843598644949998e+04 1.534349488229219958e+02 2.293996086120604900e+02 2.242126007080078125e+02 
1.333331966400145951e+01 2.669997253417968750e+02 6.000000000000000000e+00 3.791252000000000164e-03 -1.062645999999999972e-07 9.706002999999999759e+01 8.965073999999999543e+00 8.357259369999999876e+01 5.176670074462891336e+01 2.711214235845254734e+05 -1.350000000000000000e+02 2.187692497516501078e+02 1.974409484863280966e+02 
2.866663742065430043e+01 2.886663513183593750e+02 8.000000000000000000e+00 2.319941000000000088e-06 -5.263728999999999660e-09 4.542475999999999914e+01 1.002477000000000018e+01 7.063164519999999413e+01 4.336217117309570312e+01 7.220852286617729078e+03 1.800000000000000000e+02 2.236548589070638116e+02 2.175196838378905966e+02 
1.133332157135009943e+01 3.169996643066406250e+02 8.000000000000000000e+00 1.257672000000000043e-03 8.858468999999999594e-08 8.374275000000000091e+01 6.483926000000000300e+00 6.688637540000000570e+01 6.294744491577147727e+01 1.226114688093928999e+05 7.869006752597978505e+01 2.170342658745063886e+02 2.054724426269530966e+02 
1.133332157135009943e+01 3.393329772949218750e+02 9.000000000000000000e+00 1.277932000000000070e-03 8.150406000000000568e-08 9.245578000000000429e+01 1.006052999999999997e+01 7.237832640000000595e+01 3.638376617431641336e+01 2.641124593003045884e+05 1.800000000000000000e+02 2.143029906603755137e+02 1.954330749511719034e+02 
1.133332157135009943e+01 3.336663208007811932e+02 9.000000000000000000e+00 1.911403000000000104e-03 1.147725000000000042e-07 6.461781999999999471e+01 5.253137999999999863e+00 8.314199069999999381e+01 3.836445617675781250e+01 9.028198713464532921e+04 1.615650511770780042e+02 2.168404065032503922e+02 1.994488220214844034e+02 
1.266665363311767933e+01 2.733330383300781250e+02 9.000000000000000000e+00 1.342751999999999947e-05 8.392027000000000307e-09 5.685631999999999664e+01 8.866770999999999958e+00 7.711748500000000206e+01 4.375892639160156250e+01 2.132133851863826858e+05 3.369006752597979215e+01 2.156170465241438023e+02 1.907480316162109091e+02 
2.466664123535155895e+01 2.999996948242188068e+02 1.000000000000000000e+01 6.149588000000000320e-04 6.417639000000000362e-08 8.153014000000000294e+01 1.172587000000000046e+01 7.644145969999999579e+01 1.125674057006835938e+01 9.980770169244569843e+04 0.000000000000000000e+00 2.214601394653319915e+02 2.108267669677734091e+02 
8.999990463256835938e+00 3.203330078125000000e+02 7.000000000000000000e+00 1.039030999999999939e-03 9.836175999999999390e-08 7.851945999999999515e+01 8.343332000000000193e+00 6.821385189999999454e+01 2.734514045715332031e+01 1.045086378535221011e+05 1.534349488229219958e+02 2.167895495922535076e+02 2.021259918212890909e+02 
1.399998569488525035e+01 2.616663818359375000e+02 7.000000000000000000e+00 2.900860000000000005e-04 -4.062386000000000203e-08 5.807267000000000223e+01 5.516091000000000300e+00 8.389501190000000008e+01 5.086500930786132812e+01 1.333566700416292042e+04 -7.596375653207353196e+01 2.260866180419922102e+02 2.195275573730469034e+02 
2.499997329711914062e+01 2.799996948242188068e+02 8.000000000000000000e+00 7.850793000000000441e-04 1.204181000000000054e-07 7.881185999999999581e+01 2.172302000000000177e+01 8.060305019999999843e+01 3.870620727539061789e+01 1.905234733476712136e+05 1.084349488229219958e+02 2.186745418972438983e+02 2.021259918212890909e+02 
1.333331966400145951e+01 3.259996643066406250e+02 8.000000000000000000e+00 8.431253000000000098e-04 8.567114000000000490e-08 7.257053000000000509e+01 6.678301000000000265e+00 6.922915650000000198e+01 4.808784866333007812e+01 1.068859120929037090e+04 1.800000000000000000e+02 2.269734287261962891e+02 2.168504028320311932e+02 
1.799998092651366832e+01 2.996663513183593750e+02 8.000000000000000000e+00 1.756251999999999867e-04 5.820393999999999702e-08 8.056634999999999991e+01 2.306970000000000098e+01 7.078163910000000669e+01 4.941996002197266336e+01 1.789202933926185069e+05 -9.000000000000000000e+01 2.216966501500484981e+02 1.994488220214844034e+02 
1.299998664855957031e+01 3.289996643066406250e+02 9.000000000000000000e+00 2.362258999999999800e-03 1.524508000000000088e-07 8.512174000000000262e+01 9.371629000000000431e+00 6.892063899999999421e+01 3.606565856933593750e+01 7.358378603457771533e+04 1.800000000000000000e+02 2.161567654696378042e+02 2.014566955566405966e+02 
1.399998569488525035e+01 3.319996643066406250e+02 9.000000000000000000e+00 3.568304999999999914e-03 1.743360999999999990e-07 9.230392000000000507e+01 8.320088000000000150e+00 6.570422360000000594e+01 2.695785140991210938e+01 3.599025357433374302e+04 1.534349488229219958e+02 2.171726464165581945e+02 2.034645690917969034e+02 
1.399998569488525035e+01 2.816663818359375000e+02 9.000000000000000000e+00 3.154578000000000004e-04 6.255440999999999719e-08 7.094352000000000658e+01 1.589441000000000059e+01 8.007140350000000240e+01 3.805126571655272727e+01 2.772590501983378199e+05 -1.615650511770780042e+02 2.074481376501229875e+02 1.927559051513671875e+02 
2.399997520446776988e+01 2.969996948242188068e+02 9.000000000000000000e+00 2.675606000000000078e-04 2.380221000000000108e-08 7.895007999999999981e+01 5.804173999999999722e+00 7.944417570000000239e+01 3.386028671264647727e+01 1.130499115488069947e+04 1.800000000000000000e+02 2.227252892388237910e+02 2.168504028320311932e+02 
1.266665363311767933e+01 3.059996948242188068e+02 1.000000000000000000e+01 2.885830000000000253e-04 4.952745000000000189e-08 8.902661000000000513e+01 1.989421000000000106e+01 7.660789490000000512e+01 6.506520080566406250e+01 2.330247631441628910e+05 1.581985905136482131e+02 2.142232336285470922e+02 1.907480316162109091e+02 
9.999989509582519531e+00 3.129996643066406250e+02 1.000000000000000000e+01 3.367506000000000145e-03 1.288519000000000025e-07 7.620277000000000100e+01 5.961496000000000350e+00 8.283306880000000660e+01 4.431791305541992188e+01 2.569500828451781854e+04 1.236900675259797993e+02 2.120244526110197114e+02 1.954330749511719034e+02 
2.899996948242187855e+01 3.259996643066406250e+02 1.000000000000000000e+01 8.485380999999999794e-05 3.045767000000000118e-08 7.799418000000000006e+01 1.192501000000000033e+01 6.030331040000000087e+01 2.492458534240723012e+01 1.286735762123554014e+05 -1.534349488229219958e+02 2.173570550936404970e+02 2.027952728271484091e+02 
9.999989509582519531e+00 2.639997253417968750e+02 7.000000000000000000e+00 1.052811999999999975e-03 3.714903999999999686e-08 9.857975999999999317e+01 4.983210999999999835e+00 7.759373469999999884e+01 2.435965919494628906e+01 1.528996116394092096e+05 1.800000000000000000e+02 2.205048444629769904e+02 1.961023559570311932e+02 
1.166665458679199041e+01 2.623330688476561932e+02 7.000000000000000000e+00 9.448023999999999312e-03 1.342734999999999880e-07 9.280209999999999582e+01 2.649016000000000037e+00 8.047603610000000174e+01 7.822724914550781250e+01 5.912566746793115744e+05 -3.865980825409008759e+01 2.177235160134054865e+02 1.887401580810546875e+02 
8.666657447814941406e+00 3.313329772949218750e+02 8.000000000000000000e+00 2.527404999999999929e-03 1.190484000000000034e-07 9.014900000000000091e+01 9.260344999999999160e+00 7.503196719999999686e+01 4.885570526123046875e+01 8.283530431968779885e+04 1.800000000000000000e+02 2.127578417668576947e+02 1.927559051513671875e+02 
2.733330535888671875e+01 2.839996948242188068e+02 9.000000000000000000e+00 1.159256999999999909e-03 4.456577999999999952e-08 7.800785000000000480e+01 1.574020999999999892e+00 7.782963560000000314e+01 4.947792053222656250e+01 1.306511228919582936e+05 1.350000000000000000e+02 2.177198482049959978e+02 1.947637786865234091e+02 
2.366664123535155895e+01 3.143330078125000000e+02 9.000000000000000000e+00 2.949976999999999962e-05 3.683534999999999771e-08 4.404023999999999717e+01 8.691197999999999979e+00 6.139272689999999955e+01 1.674434661865234020e+01 1.133069998065481923e+04 1.350000000000000000e+02 2.233945753309461963e+02 2.121653442382811932e+02 
1.433331871032715021e+01 3.036663513183593750e+02 9.000000000000000000e+00 8.992108000000000067e-06 -6.983597999999999938e-09 6.555226999999999293e+01 1.908064999999999856e+01 8.559806059999999661e+01 5.498637008666992188e+01 3.880849806212388794e+05 -1.165650511770780042e+02 2.170360546373341037e+02 1.900787353515625000e+02 
2.766663742065430043e+01 3.066663513183593750e+02 9.000000000000000000e+00 2.948670000000000024e-03 8.769408000000000329e-08 8.748494999999999777e+01 3.494257000000000168e+00 7.480964659999999355e+01 1.235500621795653942e+01 9.733792491320084082e+03 9.000000000000000000e+01 2.251328773498534872e+02 2.155118103027344034e+02 
9.999989509582519531e+00 3.189996643066406250e+02 9.000000000000000000e+00 2.535877999999999982e-04 3.461132000000000079e-08 7.886110999999999649e+01 1.009201999999999977e+01 7.603051759999999604e+01 5.013748168945311789e+01 1.946923062720338057e+05 1.659637565320734893e+02 2.127695767084757108e+02 1.920866088867188068e+02 
1.133332157135009943e+01 2.626663818359375000e+02 1.000000000000000000e+01 2.766939999999999851e-03 9.737608999999999352e-08 8.988334000000000401e+01 7.824759000000000242e+00 8.144136810000000537e+01 0.000000000000000000e+00 4.107636481231541838e+05 0.000000000000000000e+00 2.080574419865843083e+02 1.874015808105469034e+02 
9.333323478698730469e+00 3.216663208007811932e+02 6.000000000000000000e+00 1.188847999999999972e-04 6.588881000000000090e-08 6.756043999999999983e+01 1.057483000000000040e+01 5.076559069999999707e+01 2.732345008850098012e+01 5.557039327996171778e+04 1.534349488229219958e+02 2.190051864996189011e+02 2.048031463623046875e+02 
1.033332252502441051e+01 3.086663513183593750e+02 7.000000000000000000e+00 1.099031000000000096e-03 7.559108000000000404e-08 8.331753999999999394e+01 8.839088000000000278e+00 7.605707549999999628e+01 2.428253746032714844e+01 3.377259403967698745e+04 1.800000000000000000e+02 2.267826782226561875e+02 2.201968536376953125e+02 
1.133332157135009943e+01 3.199996643066406250e+02 7.000000000000000000e+00 5.509318000000000028e-04 8.193772000000000561e-08 8.443628999999999962e+01 9.733829000000000065e+00 5.906140899999999760e+01 2.718335342407226918e+01 1.077608363071862914e+04 1.534349488229219958e+02 2.269734287261962891e+02 2.201968536376953125e+02 
2.566663932800292969e+01 2.806663818359375000e+02 8.000000000000000000e+00 1.864650999999999939e-03 1.339000000000000012e-07 8.483960999999999331e+01 1.436123000000000083e+01 7.944704439999999579e+01 1.113615512847900035e+01 1.362746938632307865e+05 1.800000000000000000e+02 2.154753057306463120e+02 1.981102294921875000e+02 
1.533331775665283025e+01 3.329996643066406250e+02 8.000000000000000000e+00 7.788946000000000151e-04 9.521194999999999648e-08 7.237793999999999528e+01 8.810964999999999492e+00 6.948371889999999951e+01 2.685994338989258168e+01 3.845007979801364127e+04 1.534349488229219958e+02 2.187197944378031025e+02 2.068110198974609091e+02 
1.199998760223389027e+01 3.379996337890625000e+02 9.000000000000000000e+00 2.126662000000000084e-03 1.714462999999999885e-07 8.735335999999999501e+01 1.012951999999999941e+01 6.273542020000000008e+01 2.470994949340819957e+01 2.377819813304813870e+05 -9.000000000000000000e+01 2.206392652436165065e+02 1.981102294921875000e+02 
1.433331871032715021e+01 3.289996643066406250e+02 9.000000000000000000e+00 1.651717000000000029e-03 1.345384000000000052e-07 8.538952999999999349e+01 9.367058999999999358e+00 6.490248870000000636e+01 1.719670677185058949e+01 1.730503490412805113e+05 1.350000000000000000e+02 2.174990915151743138e+02 2.034645690917969034e+02 
2.699997138977051137e+01 2.963330383300781250e+02 9.000000000000000000e+00 3.555451999999999853e-04 8.306328000000000394e-08 8.016877999999999815e+01 2.030451000000000050e+01 7.106591799999999637e+01 3.305153656005858664e+01 8.561178810447501746e+03 1.350000000000000000e+02 2.220134996686662987e+02 2.101574859619140909e+02 
1.833331489562987926e+01 2.739997253417968750e+02 9.000000000000000000e+00 1.513774000000000120e-04 2.345211999999999904e-08 8.022629999999999484e+01 1.425271000000000043e+01 8.666706089999999563e+01 3.410028457641602273e+01 7.821896728209859248e+03 -4.500000000000000000e+01 2.277821528116861884e+02 2.175196838378905966e+02 
1.699998283386230113e+01 2.939996948242188068e+02 1.000000000000000000e+01 6.008687000000000403e-03 1.579018999999999880e-07 9.298287999999999442e+01 1.070725999999999978e+01 8.847345730000000685e+01 1.181539154052734020e+01 1.181506740610252018e+05 1.800000000000000000e+02 2.156605433146158930e+02 1.974409484863280966e+02 
8.666657447814941406e+00 3.269996643066406250e+02 1.000000000000000000e+01 2.478040999999999838e-03 1.462382999999999920e-07 8.934395999999999560e+01 1.564539000000000080e+01 8.213240810000000636e+01 5.509665679931641336e+01 2.606754821212670067e+05 1.165650511770780042e+02 2.173558490276336954e+02 1.974409484863280966e+02 
2.833330345153808949e+01 2.843330383300781250e+02 7.000000000000000000e+00 8.298252000000000319e-04 1.310293000000000045e-07 6.891340999999999894e+01 1.366111000000000075e+01 7.403420260000000042e+01 2.174932098388671875e+01 4.230923224634257349e+04 1.800000000000000000e+02 2.183419590541294895e+02 2.061417388916015909e+02 
1.266665363311767933e+01 3.109996643066406250e+02 8.000000000000000000e+00 1.120534000000000070e-03 9.041539000000000452e-08 9.051658999999999367e+01 1.103899999999999970e+01 6.934957119999999975e+01 4.375892639160156250e+01 3.750497578908609285e+04 1.463099324740202007e+02 2.232086633954729109e+02 2.101574859619140909e+02 
1.166665458679199041e+01 3.046663513183593750e+02 8.000000000000000000e+00 1.599429000000000085e-03 1.203901999999999923e-07 8.183311999999999387e+01 1.245722999999999914e+01 7.817522429999999645e+01 2.715746498107910156e+01 2.246293972143449937e+05 1.534349488229219958e+02 2.155679200680669965e+02 1.974409484863280966e+02 
1.133332157135009943e+01 3.379996337890625000e+02 8.000000000000000000e+00 2.679051999999999909e-04 1.250712000000000063e-07 6.256531999999999982e+01 1.893909999999999982e+01 6.548464199999999380e+01 5.186323928833007812e+01 4.174164999281802739e+04 4.500000000000000000e+01 2.184048776934224065e+02 2.074803161621094034e+02 
6.999992847442626953e+00 3.176663208007811932e+02 8.000000000000000000e+00 5.355369999999999922e-04 3.566573000000000315e-08 7.689930999999999983e+01 8.308096000000000814e+00 9.262153630000000248e+01 6.297551345825195312e+01 5.453284088195600816e+03 1.013099324740202007e+02 2.213681106567383097e+02 2.175196838378905966e+02 
2.933330345153808949e+01 2.966663513183593750e+02 8.000000000000000000e+00 2.495945000000000173e-04 2.581145999999999970e-08 8.456940000000000168e+01 1.071329000000000065e+01 8.334117129999999918e+01 1.235500621795653942e+01 2.396400232745624089e+04 -9.000000000000000000e+01 2.194606315612793139e+02 2.088188934326171875e+02 
9.333323478698730469e+00 3.339996643066406250e+02 9.000000000000000000e+00 3.757898999999999983e-04 4.211609999999999687e-08 9.092022000000000048e+01 1.472253000000000078e+01 7.826372530000000438e+01 1.217982959747313920e+01 2.776506902546366910e+05 1.800000000000000000e+02 2.134582299953553957e+02 1.927559051513671875e+02 
1.533331775665283025e+01 3.023330078125000000e+02 9.000000000000000000e+00 4.444995999999999670e-03 1.126181999999999939e-07 8.500363000000000113e+01 4.981095999999999968e+00 8.352422330000000272e+01 2.685907363891601918e+01 9.272174977387598119e+03 -1.534349488229219958e+02 2.234476950509207995e+02 2.114960632324219034e+02 
1.399998569488525035e+01 3.296663208007811932e+02 9.000000000000000000e+00 1.837985000000000096e-03 6.514465000000000623e-08 9.445081999999999312e+01 6.160674000000000206e+00 7.744795990000000074e+01 2.695610427856444957e+01 2.132176460480714013e+04 1.534349488229219958e+02 2.132529525756835938e+02 2.014566955566405966e+02 
2.066664505004883168e+01 2.669997253417968750e+02 6.000000000000000000e+00 4.060473000000000316e-05 9.262765999999999816e-09 8.890662000000000376e+01 1.287318999999999924e+01 7.718039699999999925e+01 2.623584175109862926e+01 1.607686688621756912e+05 1.534349488229219958e+02 2.131933868408202954e+02 1.914173278808594034e+02 
1.099998855590819957e+01 3.183330078125000000e+02 7.000000000000000000e+00 2.812640999999999839e-03 1.108300999999999993e-07 9.560518000000000427e+01 6.687280999999999587e+00 6.905889129999999909e+01 2.425651550292969105e+01 8.630115906072422513e+04 1.800000000000000000e+02 2.183144705295563028e+02 2.054724426269530966e+02 
2.666663932800292969e+01 2.933330383300781250e+02 8.000000000000000000e+00 8.137705999999999976e-04 8.108846000000000559e-08 8.457452000000000680e+01 1.364874999999999972e+01 7.615910340000000645e+01 0.000000000000000000e+00 1.631741868032329076e+05 0.000000000000000000e+00 2.166742655818623859e+02 1.961023559570311932e+02 
1.066665554046631037e+01 3.269996643066406250e+02 8.000000000000000000e+00 2.347760999999999858e-03 1.747855999999999925e-07 8.634032000000000551e+01 1.428214000000000006e+01 7.362255860000000496e+01 1.731847381591796875e+01 4.602311926110456116e+05 -1.350000000000000000e+02 2.176767042053760122e+02 1.940944824218750000e+02 
2.033331298828125000e+01 2.646663818359375000e+02 8.000000000000000000e+00 8.761713000000000183e-04 4.330346999999999832e-08 7.874715999999999383e+01 5.589231999999999978e+00 8.689296720000000107e+01 6.050158309936522727e+01 1.159895530608792978e+04 -5.313010235415598004e+01 2.277077891031900947e+02 2.215354309082030966e+02 
2.199997711181640980e+01 2.876663818359375000e+02 8.000000000000000000e+00 8.040865999999999595e-04 8.588555000000000106e-08 7.497675999999999874e+01 1.038156000000000034e+01 7.529634090000000413e+01 6.805042266845703125e+01 4.101191338268871186e+05 3.096375653207352130e+01 2.157259016807034868e+02 1.961023559570311932e+02 
2.733330535888671875e+01 2.826663818359375000e+02 9.000000000000000000e+00 4.911454000000000427e-04 4.837901999999999906e-08 9.146721999999999753e+01 1.545658000000000065e+01 8.092402649999999653e+01 1.097399806976318004e+01 1.415812766081347945e+05 1.800000000000000000e+02 2.209815375229408119e+02 2.048031463623046875e+02 
1.166665458679199041e+01 3.066663513183593750e+02 9.000000000000000000e+00 2.936883999999999849e-03 9.409721000000000618e-08 9.051421000000000561e+01 8.946013999999999911e+00 8.740515139999999406e+01 1.210000801086425959e+01 7.937576704839915328e+04 1.800000000000000000e+02 2.205825453936043061e+02 2.034645690917969034e+02 
1.966664695739746094e+01 2.763330383300781250e+02 1.000000000000000000e+01 5.124930999999999671e-04 4.851390999999999796e-08 7.969773000000000707e+01 1.060646999999999984e+01 8.170601650000000404e+01 2.636608505249023082e+01 2.068181407768584177e+04 -1.534349488229219958e+02 2.181889781951904013e+02 2.014566955566405966e+02 
2.533330726623535156e+01 3.046663513183593750e+02 1.000000000000000000e+01 6.290007999999999494e-04 8.249460999999999995e-08 8.476277000000000328e+01 1.558958999999999939e+01 7.287458039999999926e+01 3.322353744506835938e+01 1.289390213265921047e+05 1.350000000000000000e+02 2.197206258040208127e+02 2.048031463623046875e+02 
1.033332252502441051e+01 2.793330383300781250e+02 1.000000000000000000e+01 5.379660999999999992e-03 1.206640000000000010e-07 8.109020999999999901e+01 5.528669999999999973e+00 9.232483670000000586e+01 1.235497474670409979e+01 8.514610216982167913e+04 -9.000000000000000000e+01 2.139713788713727922e+02 1.947637786865234091e+02 
1.499998474121093928e+01 2.619997253417968750e+02 7.000000000000000000e+00 1.266021999999999894e-03 -1.037449999999999936e-07 8.753480999999999312e+01 2.127505000000000024e+01 9.082026670000000479e+01 5.491343307495117188e+01 4.203861656654722756e+05 -1.165650511770780042e+02 2.132822485601863889e+02 1.880708618164061932e+02 
1.533331775665283025e+01 3.043330078125000000e+02 7.000000000000000000e+00 1.741296999999999940e-04 5.152125000000000218e-08 6.271777999999999764e+01 8.173026000000000124e+00 6.465367890000000273e+01 1.191448116302490057e+01 9.276312179260832636e+03 1.800000000000000000e+02 2.188582676478795008e+02 2.101574859619140909e+02 
5.999993801116943359e+00 3.023330078125000000e+02 8.000000000000000000e+00 2.848619999999999841e-04 1.978222999999999859e-08 6.946903000000000361e+01 1.434531999999999918e+00 8.150099950000000604e+01 2.759258651733398082e+01 5.464279828268390702e+03 1.165650511770780042e+02 2.255511817932128906e+02 2.195275573730469034e+02 
1.433331871032715021e+01 3.216663208007811932e+02 9.000000000000000000e+00 5.405704000000000108e-04 9.046663000000000651e-08 8.842368999999999346e+01 1.773100000000000165e+01 6.691389470000000017e+01 3.895808792114257812e+01 2.926619958090500950e+04 -7.156505117707799002e+01 2.098836801702325943e+02 1.974409484863280966e+02 
1.899998092651366832e+01 3.056663513183593750e+02 9.000000000000000000e+00 3.727633000000000162e-04 -3.345138000000000159e-08 8.825818999999999903e+01 1.049621999999999922e+01 7.962197109999999611e+01 1.235494232177734020e+01 1.597566874285782978e+05 -9.000000000000000000e+01 2.164422896470481135e+02 1.974409484863280966e+02 
2.466664123535155895e+01 3.109996643066406250e+02 9.000000000000000000e+00 7.037049999999999989e-05 5.030646000000000166e-08 5.635983999999999838e+01 1.436229999999999940e+01 6.544786829999999611e+01 2.714118957519530895e+01 1.474088045616832096e+05 1.165650511770780042e+02 2.157954096390029122e+02 1.974409484863280966e+02 
1.099998855590819957e+01 3.076663513183593750e+02 8.000000000000000000e+00 2.647635000000000179e-03 8.188758999999999350e-08 8.906762999999999408e+01 5.939752000000000365e+00 8.197464750000000322e+01 3.638476181030272727e+01 4.855692471914969065e+04 1.800000000000000000e+02 2.139873148600260038e+02 1.981102294921875000e+02 
1.233332061767577947e+01 3.173330078125000000e+02 9.000000000000000000e+00 3.734418000000000199e-04 4.470764999999999998e-08 8.141754000000000246e+01 7.063289000000000151e+00 6.611122890000000041e+01 1.727694702148437855e+01 3.489163648620309687e+04 -4.500000000000000000e+01 2.190642048762395007e+02 2.001181030273438068e+02 
2.899996948242187855e+01 2.773330383300781250e+02 9.000000000000000000e+00 3.261064999999999922e-05 6.731917999999999996e-08 5.584989999999999810e+01 2.545063000000000031e+01 5.673425290000000132e+01 2.486337280273437855e+01 4.569671015992059984e+04 1.534349488229219958e+02 2.205843353271484091e+02 2.068110198974609091e+02 
9.333323478698730469e+00 3.266663208007811932e+02 9.000000000000000000e+00 4.266713000000000103e-03 1.380351999999999892e-07 8.874178000000000566e+01 5.586483000000000310e+00 7.319390110000000504e+01 2.440628814697265980e+01 1.911005134816518112e+05 1.800000000000000000e+02 2.182981525177650894e+02 2.007873992919921875e+02 
2.766663742065430043e+01 2.723330383300781250e+02 8.000000000000000000e+00 2.302542999999999886e-04 3.166050999999999741e-08 9.128034999999999854e+01 1.327731999999999957e+01 7.335950470000000223e+01 2.188429832458496094e+01 6.819491576551381149e+04 0.000000000000000000e+00 2.207346741812569917e+02 2.074803161621094034e+02 
1.766664886474609020e+01 2.966663513183593750e+02 8.000000000000000000e+00 4.145511999999999960e-04 3.276730999999999776e-08 8.329881000000000313e+01 4.029582000000000441e+00 6.859061429999999859e+01 3.738432312011718750e+01 7.196419819213912706e+04 1.615650511770780042e+02 2.135039375998757123e+02 1.927559051513671875e+02 
2.033331298828125000e+01 3.059996948242188068e+02 8.000000000000000000e+00 1.213178000000000086e-03 6.347139999999999487e-08 8.676532000000000266e+01 6.070750000000000313e+00 7.409093479999999943e+01 1.019186019897460938e+02 1.994965152590188954e+05 -1.350000000000000000e+02 2.189316753756615128e+02 2.034645690917969034e+02 
1.866664695739746094e+01 3.269996643066406250e+02 8.000000000000000000e+00 1.420911000000000125e-04 7.635818000000000566e-08 9.608580999999999506e+01 2.570252999999999943e+01 5.081235889999999955e+01 2.340969276428223012e+01 1.979841764865469013e+05 1.800000000000000000e+02 2.212580307408383078e+02 2.007873992919921875e+02 
1.333331966400145951e+01 3.213330078125000000e+02 1.000000000000000000e+01 3.867234000000000210e-03 1.096407999999999980e-07 9.058814999999999884e+01 4.185416000000000025e+00 7.312042999999999893e+01 7.051035308837890625e+01 7.350194838855466514e+04 3.096375653207352130e+01 2.165340037952769876e+02 2.001181030273438068e+02 
1.999997901916503906e+01 2.816663818359375000e+02 1.000000000000000000e+01 1.775987000000000044e-05 4.491707000000000028e-08 4.303038000000000096e+01 2.993731000000000009e+01 7.970513149999999314e+01 1.585650024414061932e+02 1.936968587308100177e+04 -1.534349488229219958e+02 2.252388468424479129e+02 2.161810913085938068e+02 
