-1.166665458679199041e+01 1.386665191650390909e+02 3.000000000000000000e+00 1.419188000000000047e-03 -6.579678999999999608e-08 9.179671000000000447e+01 9.109571000000000751e+00 8.134281160000000455e+01 2.715746498107910156e+01 1.884041365282858169e+04 -1.534349488229219958e+02 2.165635550362723052e+02 2.007873992919921875e+02 
1.166665458679199041e+01 1.489998474121094034e+02 9.000000000000000000e+00 3.394737999999999819e-05 8.396071000000000670e-09 7.700901000000000352e+01 1.017605000000000004e+01 8.109261320000000239e+01 4.394704055786132812e+01 7.529041301020653918e+04 -1.463099324740202007e+02 2.166711205073764859e+02 1.974409484863280966e+02 
8.333324432373046875e+00 1.129998855590820028e+02 1.200000000000000000e+01 1.382566000000000003e-03 6.558451999999999388e-08 1.001188999999999965e+02 9.828587999999999880e+00 7.589988710000000083e+01 2.470994949340819957e+01 2.946722464031447889e+05 -9.000000000000000000e+01 2.171033067131922110e+02 1.914173278808594034e+02 
-1.333331966400145951e+01 9.033323669433593750e+01 3.000000000000000000e+00 4.201308999999999860e-04 -5.151160999999999972e-08 8.719304999999999950e+01 1.250788000000000011e+01 7.194239810000000546e+01 4.968147277832031250e+01 7.166508244805742288e+05 -1.659637565320734893e+02 2.101537351465937036e+02 1.800393676757811932e+02 
1.466665172576903942e+01 2.599997253417968750e+02 8.000000000000000000e+00 2.453978000000000038e-05 -1.072259999999999935e-08 6.948185999999999751e+01 1.376890000000000036e+01 7.961768340000000421e+01 0.000000000000000000e+00 1.396071284543722868e+05 0.000000000000000000e+00 2.175005635579427121e+02 1.974409484863280966e+02 
1.366665267944335938e+01 2.509997406005859091e+02 8.000000000000000000e+00 2.632059999999999868e-04 5.148428999999999944e-08 7.608163999999999305e+01 9.010341000000000378e+00 6.305352400000000301e+01 4.955146408081054688e+01 1.068290341349799928e+04 1.659637565320734893e+02 2.196112232208251953e+02 2.041338653564453125e+02 
1.299998664855957031e+01 2.546663970947265909e+02 9.000000000000000000e+00 3.738362000000000174e-04 8.232347999999999622e-08 8.566298000000000457e+01 1.918739000000000061e+01 6.625270079999999950e+01 3.611477661132811789e+01 8.566031450040698110e+04 1.800000000000000000e+02 2.218805377483367920e+02 2.048031463623046875e+02 
-1.533331775665283025e+01 8.133325195312500000e+01 1.000000000000000000e+00 3.268969000000000041e-03 -1.604608000000000123e-07 9.865318000000000609e+01 1.333220999999999989e+01 7.312175750000000107e+01 1.235494232177734020e+01 5.534489875490481500e+05 -9.000000000000000000e+01 2.150698880647358067e+02 1.813779602050780966e+02 
-1.766664886474609020e+01 1.539998321533203125e+02 3.000000000000000000e+00 4.500338000000000211e-05 2.240552000000000143e-08 6.931511000000000422e+01 1.479147000000000034e+01 6.950443269999999529e+01 2.199994201660155966e+02 1.439889995370146062e+04 2.935775354279126859e+01 2.198926266756924974e+02 2.027952728271484091e+02 
4.333328723907470703e+00 1.636664886474609091e+02 8.000000000000000000e+00 3.568233999999999826e-05 -8.096922999999999916e-09 5.308111000000000246e+01 2.369829999999999881e+00 8.790798949999999934e+01 1.163941040039061932e+02 6.849369750925848166e+03 5.799461679191649921e+01 2.211338562011719091e+02 2.121653442382811932e+02 
1.166665458679199041e+01 3.409996337890625000e+02 8.000000000000000000e+00 1.430220000000000005e-04 4.643447000000000168e-08 8.011566000000000543e+01 2.042531999999999925e+01 7.039709469999999669e+01 3.625479125976561789e+01 1.613016741709347116e+05 1.800000000000000000e+02 2.212621397654216082e+02 2.041338653564453125e+02 
1.433331871032715021e+01 1.533331756591796875e+02 9.000000000000000000e+00 2.678679999999999907e-04 3.391923999999999794e-08 8.154883999999999844e+01 1.135870000000000068e+01 7.878630069999999819e+01 2.744875717163085938e+01 4.792910734049532039e+04 6.343494882292200998e+01 2.088746723598904111e+02 1.887401580810546875e+02 
7.999991416931152344e+00 1.799998168945311932e+02 1.100000000000000000e+01 2.316624999999999999e-04 2.644656000000000054e-08 6.416311000000000320e+01 4.236183999999999727e+00 8.244147490000000289e+01 3.478889465332031250e+01 2.067018455375579942e+05 -1.350000000000000000e+02 2.065204106381065117e+02 1.833858337402344034e+02 
-1.399998569488525035e+01 8.099991607666015625e+01 1.000000000000000000e+00 4.710517000000000220e-04 -1.054064999999999983e-07 4.311422000000000310e+01 3.377105999999999941e+00 7.469268800000000397e+01 0.000000000000000000e+00 2.158961392649264017e+05 0.000000000000000000e+00 2.201018296229987072e+02 2.007873992919921875e+02 
-1.733331489562987926e+01 8.299991607666015625e+01 3.000000000000000000e+00 4.606456000000000336e-05 -3.151010000000000103e-08 9.425293999999999528e+01 2.231167999999999907e+01 5.182948679999999797e+01 2.738936805725098012e+01 7.905664512784306426e+05 -6.343494882292200998e+01 2.171756060649308893e+02 1.940944824218750000e+02 
1.999997854232788086e+00 1.399998474121094034e+02 4.000000000000000000e+00 1.148783999999999916e-03 3.790654999999999872e-08 8.247786000000000683e+01 3.646187999999999985e+00 8.880973819999999819e+01 1.118759231567382955e+02 1.492903156462504994e+06 8.365980825409009469e+01 2.174785462825670095e+02 1.887401580810546875e+02 
8.666657447814941406e+00 2.569997253417968750e+02 9.000000000000000000e+00 3.111468999999999737e-04 -2.241260999999999836e-08 9.283929000000000542e+01 4.881865999999999595e+00 7.033692929999999421e+01 6.233329391479492188e+01 5.837357429198137106e+04 -1.130993247402020963e+01 2.218622975903888062e+02 2.088188934326171875e+02 
-8.666657447814941406e+00 1.789998168945311932e+02 2.000000000000000000e+00 1.339859000000000102e-03 -8.334333999999999646e-08 8.151263000000000147e+01 9.496340999999999255e+00 8.092128750000000537e+01 1.736119461059569957e+01 2.036403536037024969e+04 -4.500000000000000000e+01 2.210000030517578011e+02 2.034645690917969034e+02 
-1.499998474121093928e+01 4.466661834716796875e+01 2.000000000000000000e+00 1.416717999999999970e-02 -1.981860999999999908e-07 9.832666999999999291e+01 2.754682999999999993e+00 7.195612339999999563e+01 1.235500621795653942e+01 2.654749920541985775e+05 9.000000000000000000e+01 2.142501978302001930e+02 1.860629882812500000e+02 
-1.233332061767577947e+01 1.146665496826172017e+02 2.000000000000000000e+00 6.965693999999999651e-05 7.476624999999999294e-09 8.459175000000000466e+01 7.312973999999999641e+00 8.976833340000000305e+01 3.897327423095703125e+01 1.436170764343820920e+05 -1.084349488229219958e+02 2.200029453741055931e+02 2.001181030273438068e+02 
-1.199998760223389027e+01 2.129997711181640909e+02 3.000000000000000000e+00 2.082282999999999877e-03 9.332915999999999951e-08 8.684599000000000046e+01 9.257799999999999585e+00 8.245695499999999356e+01 2.749352264404296875e+01 6.518935596368522383e+05 -1.165650511770780042e+02 2.127024409290204119e+02 1.900787353515625000e+02 
7.666658878326416016e+00 6.166660308837891336e+01 6.000000000000000000e+00 8.530772000000000051e-04 8.632357000000000117e-08 7.896201000000000647e+01 1.590189999999999948e+01 8.533666990000000396e+01 6.642499542236328125e+01 7.722755359968794510e+05 1.118014094863518011e+02 2.151547783865055976e+02 1.927559051513671875e+02 
1.466665172576903942e+01 2.409997558593750000e+02 8.000000000000000000e+00 4.812146000000000056e-05 -1.884409999999999865e-08 9.324231000000000336e+01 1.977196999999999960e+01 6.509066009999999380e+01 9.694573974609375000e+01 1.062813412862106998e+04 1.502551187030578035e+02 2.285629940032958984e+02 2.228740234375000000e+02 
-6.666659712791442871e-01 8.866657257080078125e+01 9.000000000000000000e+00 7.637546999999999536e-06 -5.291510999999999968e-09 9.771860999999999819e+01 2.805564000000000036e+01 7.474202730000000372e+01 2.844309082031250000e+02 4.029438835624188185e+06 -9.248955292199914879e+01 2.180070411356703914e+02 1.840551147460938068e+02 
1.133332157135009943e+01 1.979997863769530966e+02 1.000000000000000000e+01 9.827699999999999435e-05 1.293967999999999931e-08 8.387936000000000547e+01 7.856897000000000020e+00 7.879024510000000703e+01 1.819178009033203125e+02 1.203503009722885909e+06 1.800000000000000000e+02 2.226816148693928881e+02 1.907480316162109091e+02 
1.466665172576903942e+01 9.166657257080078125e+01 1.100000000000000000e+01 4.021014000000000055e-04 6.762422000000000122e-08 8.515152000000000498e+01 1.768913999999999831e+01 7.274604030000000421e+01 2.390483665466308949e+01 3.350555855323615251e+05 1.800000000000000000e+02 2.177826220194498887e+02 1.967716522216796875e+02 
-1.966664695739746094e+01 1.986664581298828125e+02 2.000000000000000000e+00 1.429787999999999979e-03 -8.694877000000000600e-08 9.773575999999999908e+01 1.164690000000000047e+01 7.239977260000000570e+01 2.636650657653808949e+01 1.604260096062353114e+05 -2.656505117707799002e+01 2.154524383544921875e+02 1.961023559570311932e+02 
-1.533331775665283025e+01 9.099990844726562500e+01 3.000000000000000000e+00 1.539652999999999877e-04 -3.582462000000000279e-08 9.225198000000000320e+01 1.612591000000000108e+01 6.444512939999999901e+01 6.088947296142578125e+01 1.707751754689282971e+05 1.130993247402020963e+01 2.194082295025966118e+02 2.027952728271484091e+02 
5.999993801116943359e+00 2.436664123535155966e+02 7.000000000000000000e+00 1.004045999999999975e-03 7.969249000000000053e-08 7.745906999999999698e+01 6.878243000000000329e+00 7.184939579999999637e+01 2.057589263916015909e+02 2.581769170966373931e+05 1.735402463626132885e+01 2.131427330541862943e+02 1.920866088867188068e+02 
1.733331489562987926e+01 1.479998474121094034e+02 8.000000000000000000e+00 1.336301999999999933e-04 3.620314000000000160e-08 6.592337999999999454e+01 1.355728000000000044e+01 7.986817170000000488e+01 7.177006530761718750e+01 1.061683379118388984e+05 1.705376777919744029e+02 2.246174800543136882e+02 2.108267669677734091e+02 
-1.666664886474609020e+01 4.199995803833007812e+01 2.000000000000000000e+00 6.928665000000000518e-04 -7.311500000000000322e-08 8.201404999999999745e+01 1.118701000000000079e+01 7.285166929999999752e+01 1.183596515655517933e+01 1.842721338772355011e+04 1.800000000000000000e+02 2.213920146397182123e+02 2.061417388916015909e+02 
-1.299998664855957031e+01 9.599990081787109375e+01 3.000000000000000000e+00 8.409191999999999362e-03 -2.269842999999999926e-07 8.417504999999999882e+01 3.390874000000000166e+00 6.818321229999999389e+01 1.235497474670409979e+01 1.150742397886612016e+05 -9.000000000000000000e+01 2.110991588858670980e+02 1.907480316162109091e+02 
1.166665458679199041e+01 2.526663970947265909e+02 6.000000000000000000e+00 1.514099000000000087e-03 6.114170999999999937e-08 8.076148000000000593e+01 4.984992000000000090e+00 8.333946989999999744e+01 3.460570144653320312e+01 1.749093321069966987e+04 -1.350000000000000000e+02 2.253967320368840035e+02 2.161810913085938068e+02 
-5.666660785675048828e+00 6.299993515014647727e+01 9.000000000000000000e+00 4.120997000000000375e-03 -1.341555000000000130e-07 8.730571000000000481e+01 5.251533000000000229e+00 7.352430730000000381e+01 1.743712234497069957e+01 5.274275386762971757e+05 1.350000000000000000e+02 2.175266220013712086e+02 1.940944824218750000e+02 
1.499998474121093928e+01 8.766657257080078125e+01 5.000000000000000000e+00 6.857175999999999549e-04 6.044375000000000151e-08 8.496020000000000039e+01 1.316329999999999956e+01 8.180104830000000504e+01 2.744095993041991832e+01 5.760371276354473084e+05 6.343494882292200998e+01 2.111598765289728874e+02 1.894094543457030966e+02 
2.433330726623535156e+01 1.553331756591796875e+02 7.000000000000000000e+00 5.689322000000000346e-04 5.163266999999999723e-08 8.027763000000000204e+01 9.013413999999999149e+00 7.716223139999999603e+01 6.720652008056640625e+01 7.013418780214578146e+04 3.096375653207352130e+01 2.233042755126953125e+02 1.987795257568359091e+02 
-1.366665267944335938e+01 1.626665039062500000e+02 2.000000000000000000e+00 1.830232999999999903e-03 -5.873855000000000289e-08 9.586988999999999805e+01 7.448051999999999673e+00 8.444830319999999801e+01 5.497237777709960938e+01 8.009390186914850347e+03 6.343494882292200998e+01 2.268897679646809991e+02 2.201968536376953125e+02 
7.333325862884520596e+00 1.593331604003905966e+02 4.000000000000000000e+00 5.472925999999999919e-04 3.448340999999999683e-08 8.767759999999999820e+01 6.269470000000000098e+00 7.691831209999999430e+01 5.485819244384766336e+01 4.507114107982502901e+05 1.534349488229219958e+02 2.168241086193442015e+02 1.920866088867188068e+02 
6.333326816558837891e+00 1.693331604003905966e+02 8.000000000000000000e+00 1.227340000000000009e-05 1.029361000000000081e-08 8.424342000000000041e+01 2.897068000000000154e+01 7.397105410000000347e+01 2.758918952941894887e+01 2.048197178481414085e+04 6.343494882292200998e+01 2.255511820475261118e+02 2.195275573730469034e+02 
-7.999991416931152344e+00 1.659998321533203125e+02 1.100000000000000000e+01 3.118406000000000108e-04 -6.573731999999999773e-08 5.206770000000000209e+01 8.741834000000000771e+00 8.546321869999999876e+01 1.739107704162598012e+01 1.958469020175272017e+05 4.500000000000000000e+01 2.147635073131984882e+02 1.987795257568359091e+02 
-1.099998855590819957e+01 1.746664886474609091e+02 3.000000000000000000e+00 1.630768000000000105e-03 -3.617198000000000148e-08 9.405956999999999368e+01 2.293569000000000191e+00 8.357215879999999686e+01 8.262845611572265625e+01 1.334327943521483103e+05 1.165650511770780042e+02 2.150385759141709912e+02 1.900787353515625000e+02 
1.699998283386230113e+01 1.296665344238280966e+02 8.000000000000000000e+00 6.203030000000000002e-04 7.394721999999999768e-08 6.713918999999999926e+01 1.362642999999999915e+01 9.171302799999999422e+01 3.756630325317382812e+01 1.182095451612733013e+05 -1.843494882292200998e+01 2.115258095635307996e+02 1.961023559570311932e+02 
8.333324432373046875e+00 3.446663208007811932e+02 9.000000000000000000e+00 6.896748999999999924e-05 -2.827296000000000160e-08 8.751854000000000156e+01 1.939367999999999981e+01 6.328971479999999872e+01 1.222380638122558949e+01 1.073818227649943001e+05 1.800000000000000000e+02 2.179771763282485892e+02 2.007873992919921875e+02 
-6.999992847442626953e+00 8.433324432373046875e+01 1.000000000000000000e+01 2.236961999999999946e-04 -1.289932999999999987e-07 5.217737999999999943e+01 1.717623999999999995e+01 6.982023619999999653e+01 3.804762878417968750e+02 2.727878285649899044e+04 1.847610265994596102e+00 2.242460655212402116e+02 2.081496124267578125e+02 
-1.133332157135009943e+01 9.466656494140625000e+01 1.000000000000000000e+00 1.549607999999999953e-04 -3.525239000000000217e-08 8.542892999999999404e+01 2.028369999999999962e+01 7.757980349999999703e+01 6.632913970947265625e+01 1.252987675346655014e+05 -1.118014094863518011e+02 2.165121509182837940e+02 2.001181030273438068e+02 
8.999990463256835938e+00 1.219998703002929972e+02 7.000000000000000000e+00 4.215432999999999930e-05 -7.720391999999999865e-09 9.487600000000000477e+01 1.497659999999999947e+01 8.506056979999999612e+01 1.541724243164061932e+02 5.425039834770286689e+03 1.186104596659651946e+02 2.312401618957520100e+02 2.282283477783203125e+02 
1.333331966400145951e+01 2.483330688476561932e+02 7.000000000000000000e+00 7.690514000000000616e-05 -2.494838000000000148e-08 7.398882000000000403e+01 1.152722999999999942e+01 6.714669800000000066e+01 1.723237037658691051e+01 6.279774253658444650e+04 1.350000000000000000e+02 2.193424361208651874e+02 2.041338653564453125e+02 
6.333326816558837891e+00 9.433323669433593750e+01 1.100000000000000000e+01 1.241029000000000047e-03 6.468511000000000184e-08 9.940018999999999494e+01 1.263621000000000016e+01 8.111013789999999801e+01 8.702059173583984375e+01 3.261617088376762113e+05 4.500000000000000000e+01 2.145008739647007019e+02 1.934252014160155966e+02 
1.766664886474609020e+01 1.573331756591796875e+02 9.000000000000000000e+00 2.478466999999999931e-04 -2.700293000000000117e-08 9.809391999999999712e+01 1.372070000000000078e+01 7.671257780000000537e+01 0.000000000000000000e+00 7.978530587342352374e+04 0.000000000000000000e+00 2.240589922295241934e+02 2.101574859619140909e+02 
1.466665172576903942e+01 1.703331604003905966e+02 9.000000000000000000e+00 3.985619000000000032e-04 3.182701999999999749e-08 9.788799000000000206e+01 1.189812000000000047e+01 7.865212250000000438e+01 5.166265106201171875e+01 1.289346532655732008e+05 -1.350000000000000000e+02 2.233087117303277864e+02 2.068110198974609091e+02 
8.999990463256835938e+00 2.519997406005859091e+02 6.000000000000000000e+00 1.869591999999999999e-03 5.902830000000000057e-08 8.374665000000000248e+01 5.136553000000000146e+00 8.834271999999999991e+01 2.736522102355957031e+01 1.410779516641538939e+05 -1.534349488229219958e+02 2.166766369159404917e+02 1.920866088867188068e+02 
1.399998569488525035e+01 1.676664886474609091e+02 9.000000000000000000e+00 1.028433000000000038e-03 7.847334000000000645e-08 7.302177000000000362e+01 7.300257000000000218e+00 7.870729830000000504e+01 3.809946441650391336e+01 1.838235496897404082e+05 -1.615650511770780042e+02 2.195712094514265971e+02 1.981102294921875000e+02 
1.766664886474609020e+01 2.553330688476561932e+02 8.000000000000000000e+00 2.948024999999999951e-03 1.072604999999999962e-07 8.559815000000000396e+01 1.104007000000000005e+01 9.295204160000000115e+01 6.373513412475585938e+01 1.714046194256265881e+05 1.581985905136482131e+02 2.168248491360031096e+02 1.954330749511719034e+02 
1.866664695739746094e+01 1.439998474121094034e+02 8.000000000000000000e+00 9.198202000000000266e-05 -8.486784999999999454e-09 8.333759000000000583e+01 4.842767000000000266e+00 8.467717740000000504e+01 1.701147079467773082e+01 2.472258069435959987e+04 1.350000000000000000e+02 2.179776217811985930e+02 1.967716522216796875e+02 
9.999989509582519531e+00 1.419998474121094034e+02 9.000000000000000000e+00 4.466397000000000422e-03 9.812187000000000167e-08 8.862622000000000355e+01 5.337640000000000384e+00 8.732012939999999901e+01 2.753762245178223012e+01 2.029485765415185961e+04 6.343494882292200998e+01 2.251049875895182026e+02 2.088188934326171875e+02 
1.499998474121093928e+01 1.389998474121094034e+02 1.000000000000000000e+01 1.069592999999999976e-04 1.210494000000000059e-08 8.275355999999999312e+01 8.905564999999999287e+00 8.822657010000000355e+01 1.193377304077148082e+01 7.692991147013628506e+04 0.000000000000000000e+00 2.208199854883654041e+02 2.054724426269530966e+02 
1.566665077209473012e+01 1.333331909179688068e+02 1.100000000000000000e+01 7.086201000000000088e-04 6.229563999999999520e-08 7.491942000000000235e+01 6.325857000000000063e+00 7.316442109999999843e+01 5.488170242309570312e+01 5.687591931785677298e+04 -6.343494882292200998e+01 2.139708858756131917e+02 2.001181030273438068e+02 
6.666659712791442871e-01 7.033325958251953125e+01 1.100000000000000000e+01 6.611065000000000171e-03 1.592892999999999942e-07 8.590700999999999965e+01 4.628237000000000378e+00 7.807247160000000008e+01 4.941224670410156250e+01 3.870930909607016947e+05 1.800000000000000000e+02 2.171826672384925132e+02 1.894094543457030966e+02 
1.033332252502441051e+01 2.543330688476561932e+02 8.000000000000000000e+00 3.446004999999999815e-03 1.215543000000000074e-07 9.188105000000000189e+01 9.285629000000000133e+00 8.085709380000000124e+01 1.733612442016601918e+01 2.704135154414773933e+04 -1.350000000000000000e+02 2.131023620605469091e+02 2.041338653564453125e+02 
-1.266665363311767933e+01 9.266657257080078125e+01 4.000000000000000000e+00 7.565261000000000208e-04 -4.392709000000000242e-08 8.695441999999999894e+01 7.439283999999999786e+00 8.017468259999999702e+01 1.205431365966797053e+01 5.224501323872638750e+04 1.800000000000000000e+02 2.229941445375100102e+02 2.068110198974609091e+02 
5.333327770233154297e+00 1.549998321533203125e+02 8.000000000000000000e+00 2.634536000000000148e-04 4.001925000000000281e-08 8.266907999999999390e+01 1.496177999999999919e+01 7.894820400000000404e+01 6.150731658935546875e+01 3.350245127232737141e+05 1.800000000000000000e+02 2.133482250602878025e+02 1.920866088867188068e+02 
1.699998283386230113e+01 1.426665191650390909e+02 9.000000000000000000e+00 4.642302999999999859e-04 2.730892000000000086e-08 6.981428999999999974e+01 2.489625000000000199e+00 8.614872739999999851e+01 1.711640548706055043e+01 2.062557434397058096e+05 -4.500000000000000000e+01 2.229123837416339029e+02 2.061417388916015909e+02 
1.833331489562987926e+01 6.766659545898437500e+01 9.000000000000000000e+00 1.742096999999999960e-03 1.483117000000000085e-07 8.556332000000000448e+01 1.066058999999999912e+01 6.556096650000000636e+01 1.699518013000487926e+01 1.342088368547958089e+05 1.350000000000000000e+02 2.153623577229028001e+02 1.927559051513671875e+02 
-1.033332252502441051e+01 5.066661453247070312e+01 1.200000000000000000e+01 1.350762999999999996e-04 -6.326150999999999695e-08 8.923642999999999859e+01 1.764147000000000176e+01 4.983371350000000177e+01 1.214151954650879084e+01 3.863656750891560805e+05 1.800000000000000000e+02 2.143183203210363956e+02 1.874015808105469034e+02 
-9.999989509582519531e+00 9.666656494140625000e+01 2.000000000000000000e+00 4.242189999999999850e-03 -1.141554000000000006e-07 9.408474999999999966e+01 7.017773000000000039e+00 8.034011080000000504e+01 7.126371765136718750e+01 6.474929181561191799e+05 3.096375653207352130e+01 2.124196580158146048e+02 1.860629882812500000e+02 
1.433331871032715021e+01 7.299992370605468750e+01 5.000000000000000000e+00 6.791155999999999799e-04 3.045535000000000278e-08 8.617441999999999780e+01 6.668091000000000435e+00 9.094168849999999793e+01 3.795143890380858664e+01 8.778578181593932095e+04 -1.615650511770780042e+02 2.123985928622159065e+02 1.954330749511719034e+02 
9.666656494140625000e+00 2.409997558593750000e+02 7.000000000000000000e+00 4.083690999999999862e-04 -3.264179999999999785e-08 9.762787000000000148e+01 1.117642999999999986e+01 7.677031709999999975e+01 4.866918945312500000e+01 1.543142366387835064e+05 1.800000000000000000e+02 2.150891012894479957e+02 1.947637786865234091e+02 
1.133332157135009943e+01 2.419997406005859091e+02 7.000000000000000000e+00 1.308501999999999962e-04 2.102072000000000018e-08 8.629989999999999384e+01 1.164507000000000048e+01 7.514465330000000165e+01 6.548109436035156250e+01 6.733470220082656851e+03 -2.180140948635181175e+01 2.278267730712890966e+02 2.222047271728515909e+02 
1.699998283386230113e+01 1.369998626708984091e+02 8.000000000000000000e+00 5.312527000000000048e-03 9.533296999999999448e-08 8.689448000000000150e+01 3.054330999999999907e+00 8.597874450000000479e+01 2.358786201477051137e+01 2.165526774757932872e+05 1.800000000000000000e+02 2.170937735817649070e+02 1.967716522216796875e+02 
-1.233332061767577947e+01 1.299998626708984091e+02 2.000000000000000000e+00 6.918119999999999825e-04 -1.074205000000000056e-07 8.168421999999999628e+01 1.817073999999999856e+01 7.293138890000000174e+01 6.293525695800781250e+01 1.073324362099225982e+04 -1.013099324740202007e+02 2.261368160247803019e+02 2.181889801025390909e+02 
1.733331489562987926e+01 2.576664123535156250e+02 8.000000000000000000e+00 2.301128000000000103e-04 -2.828887000000000097e-08 9.340546999999999400e+01 1.147334999999999994e+01 7.185683439999999678e+01 2.738947105407714844e+01 1.520311151421020040e+05 -6.343494882292200998e+01 2.052589596715467053e+02 1.880708618164061932e+02 
1.133332157135009943e+01 2.416664123535155966e+02 9.000000000000000000e+00 7.085058999999999888e-04 8.210482999999999843e-08 9.478381000000000256e+01 1.873710000000000164e+01 7.343323519999999860e+01 1.210000801086425959e+01 4.203333260396979749e+05 1.800000000000000000e+02 2.166294429974678053e+02 1.947637786865234091e+02 
