1.166665458679199041e+01 1.489998474121094034e+02 9.000000000000000000e+00 3.394737999999999819e-05 8.396071000000000670e-09 7.700901000000000352e+01 1.017605000000000004e+01 8.109261320000000239e+01 4.394704055786132812e+01 7.529041301020653918e+04 -1.463099324740202007e+02 2.166711205073764859e+02 1.974409484863280966e+02 
4.333328723907470703e+00 1.636664886474609091e+02 8.000000000000000000e+00 3.568233999999999826e-05 -8.096922999999999916e-09 5.308111000000000246e+01 2.369829999999999881e+00 8.790798949999999934e+01 1.163941040039061932e+02 6.849369750925848166e+03 5.799461679191649921e+01 2.211338562011719091e+02 2.121653442382811932e+02 
1.433331871032715021e+01 1.533331756591796875e+02 9.000000000000000000e+00 2.678679999999999907e-04 3.391923999999999794e-08 8.154883999999999844e+01 1.135870000000000068e+01 7.878630069999999819e+01 2.744875717163085938e+01 4.792910734049532039e+04 6.343494882292200998e+01 2.088746723598904111e+02 1.887401580810546875e+02 
1.733331489562987926e+01 1.479998474121094034e+02 8.000000000000000000e+00 1.336301999999999933e-04 3.620314000000000160e-08 6.592337999999999454e+01 1.355728000000000044e+01 7.986817170000000488e+01 7.177006530761718750e+01 1.061683379118388984e+05 1.705376777919744029e+02 2.246174800543136882e+02 2.108267669677734091e+02 
2.433330726623535156e+01 1.553331756591796875e+02 7.000000000000000000e+00 5.689322000000000346e-04 5.163266999999999723e-08 8.027763000000000204e+01 9.013413999999999149e+00 7.716223139999999603e+01 6.720652008056640625e+01 7.013418780214578146e+04 3.096375653207352130e+01 2.233042755126953125e+02 1.987795257568359091e+02 
6.333326816558837891e+00 1.693331604003905966e+02 8.000000000000000000e+00 1.227340000000000009e-05 1.029361000000000081e-08 8.424342000000000041e+01 2.897068000000000154e+01 7.397105410000000347e+01 2.758918952941894887e+01 2.048197178481414085e+04 6.343494882292200998e+01 2.255511820475261118e+02 2.195275573730469034e+02 
1.699998283386230113e+01 1.296665344238280966e+02 8.000000000000000000e+00 6.203030000000000002e-04 7.394721999999999768e-08 6.713918999999999926e+01 1.362642999999999915e+01 9.171302799999999422e+01 3.756630325317382812e+01 1.182095451612733013e+05 -1.843494882292200998e+01 2.115258095635307996e+02 1.961023559570311932e+02 
8.999990463256835938e+00 1.219998703002929972e+02 7.000000000000000000e+00 4.215432999999999930e-05 -7.720391999999999865e-09 9.487600000000000477e+01 1.497659999999999947e+01 8.506056979999999612e+01 1.541724243164061932e+02 5.425039834770286689e+03 1.186104596659651946e+02 2.312401618957520100e+02 2.282283477783203125e+02 
1.766664886474609020e+01 1.573331756591796875e+02 9.000000000000000000e+00 2.478466999999999931e-04 -2.700293000000000117e-08 9.809391999999999712e+01 1.372070000000000078e+01 7.671257780000000537e+01 0.000000000000000000e+00 7.978530587342352374e+04 0.000000000000000000e+00 2.240589922295241934e+02 2.101574859619140909e+02 
1.466665172576903942e+01 1.703331604003905966e+02 9.000000000000000000e+00 3.985619000000000032e-04 3.182701999999999749e-08 9.788799000000000206e+01 1.189812000000000047e+01 7.865212250000000438e+01 5.166265106201171875e+01 1.289346532655732008e+05 -1.350000000000000000e+02 2.233087117303277864e+02 2.068110198974609091e+02 
1.399998569488525035e+01 1.676664886474609091e+02 9.000000000000000000e+00 1.028433000000000038e-03 7.847334000000000645e-08 7.302177000000000362e+01 7.300257000000000218e+00 7.870729830000000504e+01 3.809946441650391336e+01 1.838235496897404082e+05 -1.615650511770780042e+02 2.195712094514265971e+02 1.981102294921875000e+02 
1.866664695739746094e+01 1.439998474121094034e+02 8.000000000000000000e+00 9.198202000000000266e-05 -8.486784999999999454e-09 8.333759000000000583e+01 4.842767000000000266e+00 8.467717740000000504e+01 1.701147079467773082e+01 2.472258069435959987e+04 1.350000000000000000e+02 2.179776217811985930e+02 1.967716522216796875e+02 
9.999989509582519531e+00 1.419998474121094034e+02 9.000000000000000000e+00 4.466397000000000422e-03 9.812187000000000167e-08 8.862622000000000355e+01 5.337640000000000384e+00 8.732012939999999901e+01 2.753762245178223012e+01 2.029485765415185961e+04 6.343494882292200998e+01 2.251049875895182026e+02 2.088188934326171875e+02 
1.499998474121093928e+01 1.389998474121094034e+02 1.000000000000000000e+01 1.069592999999999976e-04 1.210494000000000059e-08 8.275355999999999312e+01 8.905564999999999287e+00 8.822657010000000355e+01 1.193377304077148082e+01 7.692991147013628506e+04 0.000000000000000000e+00 2.208199854883654041e+02 2.054724426269530966e+02 
5.333327770233154297e+00 1.549998321533203125e+02 8.000000000000000000e+00 2.634536000000000148e-04 4.001925000000000281e-08 8.266907999999999390e+01 1.496177999999999919e+01 7.894820400000000404e+01 6.150731658935546875e+01 3.350245127232737141e+05 1.800000000000000000e+02 2.133482250602878025e+02 1.920866088867188068e+02 
1.699998283386230113e+01 1.426665191650390909e+02 9.000000000000000000e+00 4.642302999999999859e-04 2.730892000000000086e-08 6.981428999999999974e+01 2.489625000000000199e+00 8.614872739999999851e+01 1.711640548706055043e+01 2.062557434397058096e+05 -4.500000000000000000e+01 2.229123837416339029e+02 2.061417388916015909e+02 
1.699998283386230113e+01 1.369998626708984091e+02 8.000000000000000000e+00 5.312527000000000048e-03 9.533296999999999448e-08 8.689448000000000150e+01 3.054330999999999907e+00 8.597874450000000479e+01 2.358786201477051137e+01 2.165526774757932872e+05 1.800000000000000000e+02 2.170937735817649070e+02 1.967716522216796875e+02 
