-12.99998664855957 137.3331909179688 3	0.009156324	-2.804995e-07	75.16151	8.366197	   87.2354584    	38.97814559936523 409556.6551050279 71.56505117707799 209.4181984296811 180.7086639404297
14.33331871032715 263.6663818359375 6	0.002703598	9.006401e-08	78.97602	4.905685	   84.8879089    	11.95168590545654 226107.7263673767 180 220.7401593376609 197.4409484863281
7.999991416931152 243.6664123535156 6	0.00117192	8.805774e-08	60.50412	3.826702	   80.6636124    	12.23501873016357 61229.12423199744 180 219.7952782524956 203.4645690917969
7.666658878326416 238.3330841064453 6	0.0003917892	5.748457e-08	79.06786	12.33037	   72.9861603    	55.12754058837891 23142.41884966917 116.565051177078 218.5826784021714 200.7873992919922
27.33330535888672 299.6663513183594 7	0.0002165924	3.791422e-08	55.66138	3.567672	   75.1618805    	25.27437400817871 192931.448335143 -153.434948822922 219.6546407772016 206.1417388916016
9.666656494140625 263.3330688476562 8	0.0001075807	2.968659e-08	63.83495	7.612494	   69.7998886    	27.30370330810547 6768.790975027629 153.434948822922 223.1417358398438 221.5354309082031
14.66665172576904 260.3330688476562 8	0.0004177593	-4.94936e-08	86.37219	15.96477	   81.3425827    	23.90532493591309 167555.5155526615 180 208.0486820765904 192.7559051513672
11.66665458679199 257.9997253417969 8	3.224103e-05	1.727303e-08	78.16453	20.10183	   71.4889603    	54.39182662963867 121106.0771057367 -153.434948822922 226.3022769504123 215.5118103027344
11.66665458679199 342.3329772949219 9	0.001466022	1.112428e-07	82.28392	9.121382	   70.5792160    	84.69783782958984 49805.98033388859 0 214.4445631697371 200.7873992919922
7.666658878326416 137.9998626708984 9	7.968804e-05	-3.311695e-08	78.97575	26.45505	   78.4967957    	54.89169692993164 504661.5271145678 -153.434948822922 213.1160734027544 190.7480316162109
8.333324432373047 205.9997863769531 10	0.001586796	8.729921e-08	89.42941	10.84352	   79.7205429    	38.68410873413086 190239.3176502862 161.565051177078 214.4696296691895 191.4173278808594
13.33331966400146 247.9997406005859 10	0.002687272	1.050921e-07	70.06445	2.06427	   76.7755966    	49.74509048461914 304817.0524908316 -14.03624346792648 216.6214263648318 192.7559051513672
6.333326816558838 112.3332138061523 12	0.0008091485	6.041538e-08	98.30199	14.85921	   78.3308640    	27.58138656616211 548052.0449974177 63.43494882292201 212.7380822784272 178.7007904052734
-14.66665172576904 56.33327484130859 1	0.001639689	-1.633144e-07	89.38251	15.91321	   68.1665344    	26.92499542236328 89087.74719764879 153.434948822922 204.9130331010961 181.3779602050781
-9.99998950958252 81.66658020019531 1	0.001743188	-5.743236e-07	87.14708	26.08595	   47.4508171    	88.59719848632812 2591158.752196301 -164.0546040990771 213.9164529827223 176.0236206054688
-10.66665554046631 70.66659545898438 1	0.0004210439	-2.476244e-08	68.83559	1.381805	   83.4849548    	34.68082809448242 8104.80105943793 135 221.758534749349 216.8504028320312
-13.66665267944336 82.66658020019531 3	6.495436e-05	-9.601017e-09	93.57453	9.379271	   75.4245682    	17.22122192382812 647970.9664697662 -135 217.2359948177887 183.3858337402344
15.66665077209473 260.9997253417969 8	9.956914e-05	-1.65327e-08	90.4281	16.85168	   85.2344742    	35.68774032592773 181308.4363410881 180 216.757573371386 195.4330749511719
10.9999885559082 327.3329772949219 8	0.001620665	1.368752e-07	83.00515	10.4026	   68.1012955    	27.52019309997559 45857.64866514788 116.565051177078 219.1535451552447 208.8188934326172
8.999990463256836 316.3330078125 9	0.004087662	1.278192e-07	86.62776	7.069067	   81.6101990    	44.13873672485352 52933.62313413651 146.3099324740202 218.5665275378105 203.4645690917969
20.33331298828125 313.3330078125 9	8.448873e-05	-5.692953e-08	63.3103	20.72291	   67.9463348    	12.35500621795654 11588.15196279014 -90 220.4943152533637 214.1732177734375
14.66665172576904 123.6665344238281 10	0.001239513	1.040098e-07	91.71005	17.67028	   79.2270355    	35.85699081420898 158027.2227842884 180 215.826772994354 193.4252014160156
6.999992847442627 145.3331756591797 10	0.0007973863	6.347731e-08	64.15169	5.9078	   86.5327301    	61.31428146362305 34077.85633344195 180 221.7228375244141 204.1338653564453
10.33332252502441 267.9997253417969 10	0.008693952	1.738772e-07	90.102	3.475065	   73.8990097    	17.32777976989746 8110.535636448461 135 224.9934412638346 218.1889801025391
8.999990463256836 131.9998626708984 11	0.0005664409	5.321207e-08	87.72083	14.18179	   81.5337448    	38.62087631225586 509864.7247410187 18.43494882292201 210.226902251548 179.3700714111328
-4.99999475479126 177.9998168945312 12	0.0005052275	-9.509562e-08	66.33523	14.65278	   78.6411514    	191.4318542480469 32838.04653404599 -135 216.3205388387044 189.4094543457031
-12.66665363311768 127.6665344238281 1	0.0003191615	-4.598282e-08	89.70906	16.81449	   75.8898697    	72.22940826416016 705613.4875401699 180 215.7188225588717 181.3779602050781
-11.66665458679199 154.66650390625 2	0.002023052	-1.984792e-07	85.11098	18.79937	   74.7278748    	109.9150238037109 646611.6875722059 -63.43494882292201 211.6073804446912 179.3700714111328
-13.99998569488525 44.66661834716797 2	7.383035e-05	-3.18862e-08	61.60064	18.62351	   85.0958481    	11.98800945281982 16001.44628490201 0 219.973752339681 197.4409484863281
7.333325862884521 231.3330993652344 7	0.0005640513	6.42885e-08	69.53074	10.16131	   82.7834015    	17.39817810058594 464200.8584949439 135 213.2075656208475 190.0787353515625
14.66665172576904 276.3330383300781 8	3.345944e-06	5.833591e-09	63.49004	15.28203	   63.3541870    	170.6335296630859 11967.22987277958 -120.2564371635293 227.2615966796875 221.5354309082031
24.99997329711914 270.6663818359375 8	0.0003413314	-5.604383e-08	85.0824	19.01068	   78.1139145    	41.77411651611328 17451.42982964408 -33.69006752597979 223.782341003418 211.4960632324219
12.66665363311768 244.9997406005859 8	5.757336e-06	-1.402191e-09	85.78613	4.495578	   79.0942535    	12.03760623931885 37505.38908357725 180 220.1968525477818 204.8031463623047
8.999990463256836 246.9997406005859 8	0.0004803912	6.151376e-08	75.58665	10.27537	   74.0709152    	77.20852661132812 103155.0555150775 161.565051177078 218.5236234162983 205.4724426269531
9.666656494140625 168.3331604003906 9	0.0005674814	6.061337e-08	82.28218	15.41756	   84.2463684    	17.34488296508789 170651.6053685834 45 212.5265598599873 190.0787353515625
14.33331871032715 332.9996643066406 9	0.000565793	5.624543e-08	86.59186	9.319295	   69.1449966    	17.19670677185059 50559.04741036538 135 221.2712410374692 204.1338653564453
14.66665172576904 256.3330688476562 9	7.168554e-05	1.452912e-08	85.01044	12.69568	   77.4905624    	43.54639053344727 221796.379043536 -146.3099324740202 209.0393245491439 188.7401580810547
11.99998760223389 257.9997253417969 10	0.0006918692	-1.076207e-07	75.67178	18.43179	   79.1401596    	61.71167755126953 13435.93684012717 -11.30993247402021 216.9173248291016 202.1259918212891
16.9999828338623 278.6663818359375 10	0.0002966858	3.088138e-08	71.14188	6.544539	   82.5967712    	17.10319519042969 64318.14778274966 -135 216.276716894033 190.7480316162109
6.333326816558838 245.3330841064453 10	1.624982e-05	-1.073424e-08	69.69041	16.34444	   74.0602036    	50.63277816772461 88756.78251224459 165.9637565320735 220.4439751258263 203.4645690917969
-1.333331942558289 161.66650390625 11	0.0001778523	1.667858e-08	87.92012	9.793881	   86.4186325    	133.0634155273438 645708.9860998616 68.19859051364818 212.73091355504 188.0708618164062
-10.33332252502441 75.66658782958984 1	0.0003534254	-5.39273e-08	85.22685	14.87455	   72.5866318    	62.9527473449707 772960.7978475842 -101.3099324740202 217.4344186300175 191.4173278808594
6.666659832000732 135.9998626708984 6	0.001493069	1.051044e-07	82.50882	6.043947	   64.8123779    	17.41634941101074 8188.937111948821 -135 228.1168009440104 220.1968536376953
15.66665077209473 249.3330688476562 7	0.0001210458	4.035142e-08	80.75446	16.62212	   64.8311539    	37.68199920654297 84688.02128938155 18.43494882292201 223.6583433151245 206.1417388916016
14.33331871032715 226.999755859375 7	0.0003652913	4.622741e-08	84.35267	8.263371	   65.1808243    	168.404541015625 93215.08552645992 -4.085616779974877 216.5253106253488 199.4488220214844
9.33332347869873 264.3330688476562 7	0.001367564	1.257402e-07	78.16244	9.096042	   68.2251205    	61.01567459106445 200662.3564074781 180 220.8661427884489 206.8110198974609
29.33330345153809 268.3330383300781 8	0.001036379	8.248098e-08	73.26089	7.615098	   77.6453171    	0 96972.12358199018 0 211.5539044038749 196.7716522216797
12.66665363311768 215.6664428710938 8	0.008260745	1.943529e-07	86.61386	4.130045	   73.7825851    	12.05406665802002 21452.69364566856 180 217.0177183151245 203.4645690917969
12.99998664855957 259.6663818359375 8	7.197793e-05	2.480723e-08	93.798	24.0787	   70.5733109    	12.0054407119751 807970.019533726 180 216.1500770619373 184.7244110107422
21.6666431427002 264.9997253417969 9	0.001467553	4.935754e-08	94.74619	5.783731	   81.0029068    	77.87165069580078 205571.9420149386 26.56505117707799 212.1986117155656 188.0708618164062
10.9999885559082 311.9996643066406 9	0.0002522342	-2.835675e-08	93.67288	16.14383	   84.1343613    	17.30884552001953 30998.9823538565 135 222.7867186173149 210.1574859619141
14.66665172576904 251.6663970947266 9	0.0007117597	1.050738e-07	80.90044	9.94219	   59.7030220    	12.35500621795654 82359.54373697861 -90 221.3411237655147 203.4645690917969
10.9999885559082 217.6664428710938 9	5.629881e-05	1.075946e-07	24.77595	8.622743	   79.0080490    	12.11384201049805 12132.34691813347 180 226.8897637261285 220.8661499023438
8.333324432373047 320.6663208007812 9	0.006152163	1.678463e-07	83.36485	3.497037	   72.5210495    	36.64153671264648 623512.8327465128 180 219.833772380887 194.094482421875
9.33332347869873 144.9998474121094 9	2.175038e-06	6.01996e-10	80.44117	3.064846	   86.8329697    	61.15541076660156 66404.26751504223 143.130102354156 217.8338442432637 202.7952728271484
-18.99998092651367 81.99991607666016 1	0.001290886	-2.365601e-07	87.107	16.51546	   54.4928589    	11.68164730072021 472591.6321999977 180 213.1196469317426 188.0708618164062
-16.66664886474609 160.3331604003906 2	0.0005642653	-5.323641e-08	86.22775	13.18626	   80.5313263    	11.81490802764893 264449.9280763851 180 206.0951153200064 181.3779602050781
-13.33331966400146 79.66658020019531 2	0.001237673	-1.087528e-07	57.59107	5.668783	   84.4082413    	137.760009765625 5350.758074548492 164.7448812969423 210.8267707824707 202.7952728271484
-24.66664123535156 236.6664123535156 2	0.0002946962	-5.244315e-08	66.19543	6.744046	   68.5110779    	25.60371017456055 111179.7484956765 -153.434948822922 219.9035663390428 198.7795257568359
-13.66665267944336 212.9997711181641 2	0.0001948656	-4.292961e-08	61.60364	8.872796	   76.7748642    	49.61724853515625 37363.47643648699 165.9637565320735 221.9895951407296 209.4881896972656
-10.33332252502441 151.9998474121094 3	0.002185405	-8.017062e-08	70.14973	2.9733	   86.0159073    	17.34453201293945 355172.2476793365 45 211.8879685202479 185.3937072753906
-14.99998474121094 158.9998321533203 4	0.0009617531	-1.748575e-07	73.4325	18.29381	   71.1737289    	24.7099494934082 5310.042216657436 -90 225.718505859375 219.5275573730469
4.99999475479126 149.3331756591797 4	0.0003647112	3.18838e-08	90.05001	8.976877	   75.3816071    	27.53637504577637 1023014.029701438 153.434948822922 212.5277394177442 182.7165374755859
-9.666656494140625 162.9998321533203 5	0.002234918	-7.474408e-08	66.81726	1.675614	   87.8344040    	12.16705703735352 404775.7338868133 0 213.799410969916 184.7244110107422
11.3333215713501 264.6663818359375 7	0.003854438	1.307024e-07	88.64117	8.862186	   82.6683273    	38.36445617675781 92888.41362159821 161.565051177078 217.335389510445 200.7873992919922
12.66665363311768 324.9996643066406 7	6.514355e-05	2.002152e-08	77.72912	11.26056	   66.9487915    	43.75892639160156 37535.92358930821 146.3099324740202 218.2845905848912 202.7952728271484
17.33331489562988 159.66650390625 8	0.0001512629	1.953171e-08	76.97458	7.736395	   80.3227005    	153.9525909423828 38013.27955148445 -175.6012946450045 222.3201199235587 204.8031463623047
10.33332252502441 261.6663818359375 8	0.002560583	1.272771e-07	74.46175	5.479156	   76.2730026    	55.05116271972656 75692.34391440144 116.565051177078 215.4640045166016 194.7637786865234
14.66665172576904 342.6663208007812 8	0.0005737128	6.059957e-08	91.08086	8.476629	   61.7617378    	23.90630340576172 62420.4675314472 180 220.4246943047706 202.7952728271484
15.66665077209473 267.9997253417969 9	0.000486124	4.237795e-08	79.87027	4.864517	   68.9386063    	74.12990570068359 75445.41520989301 90 217.4257488585355 196.7716522216797
16.66664886474609 253.3330688476562 9	0.000209833	4.262536e-08	80.73726	11.03609	   64.7780685    	63.93630218505859 76317.36335993075 21.80140948635181 204.2838724070582 186.06298828125
12.33332061767578 266.9997253417969 9	0.001245465	1.592358e-07	95.23804	21.59709	   67.4702835    	34.49983978271484 42948.77790987409 45 221.8282494544983 199.4488220214844
3.999995708465576 103.9998931884766 10	0.001499132	1.000766e-07	86.60471	13.83716	   82.5042953    	39.05588531494141 6851.15827158808 71.56505117707799 228.0944915771484 222.2047271728516
4.333328723907471 147.6665191650391 1	0.0008632775	5.479125e-08	81.23405	9.842409	   87.5159988    	50.81371688842773 516267.6763677492 -165.9637565320735 203.9652045373891 176.6929168701172
-9.99998950958252 57.33327484130859 1	0.01242024	-2.221797e-07	98.79639	6.101337	   75.6123581    	12.3549747467041 33837.89947562369 -90 216.6094500732422 200.7873992919922
-16.66664886474609 158.9998321533203 3	0.001148056	-4.936228e-08	88.98995	4.632899	   75.5505142    	17.11640548706055 1006157.746526674 45 212.8267829436857 187.4015808105469
-12.66665363311768 112.999885559082 3	0.001664323	-1.173661e-07	81.58622	12.34108	   80.1976852    	27.04691314697266 139328.8437465601 -153.434948822922 220.9755460298978 202.1259918212891
-10.9999885559082 43.33328628540039 4	0.0007651323	-4.351092e-08	94.29507	7.770477	   75.5077438    	43.98139572143555 292381.6084879164 33.69006752597979 218.0779430899203 192.0866088867188
4.333328723907471 151.66650390625 4	0.001768555	6.45993e-08	83.34209	6.524464	   88.3176651    	17.44586181640625 238234.5561918263 45 218.0312716604649 191.4173278808594
5.999993801116943 125.6665344238281 5	0.002349743	1.094199e-07	81.70155	5.716873	   73.5993271    	50.69267654418945 281426.1652779488 165.9637565320735 216.1226212584857 189.4094543457031
7.333325862884521 258.6663818359375 6	8.563243e-05	2.435014e-08	87.97121	19.11479	   72.4600525    	27.43721961975098 431681.7995560552 153.434948822922 212.4313824289605 187.4015808105469
11.99998760223389 255.9997253417969 7	0.002341818	6.138607e-08	83.37923	1.161416	   76.5548172    	38.32317733764648 90075.73107809675 161.565051177078 214.5628170184235 198.7795257568359
11.3333215713501 234.999755859375 7	0.0001385283	-1.292934e-08	99.20229	8.524903	   76.5787506    	38.36445617675781 167000.2357521914 161.565051177078 219.9971450067335 198.7795257568359
14.99998474121094 286.3330383300781 8	8.726372e-06	3.196192e-08	43.37277	20.35815	   61.6116104    	24.7099494934082 9295.04166185286 90 229.6625453404018 222.8740234375
26.66663932800293 120.3332061767578 8	0.0002953238	5.700517e-08	93.30443	5.767278	   44.8207703    	38.65113830566406 20861.09255146552 71.56505117707799 223.2283486758961 206.1417388916016
2.999996900558472 157.3331756591797 8	0.000173002	-3.328077e-08	53.86796	6.399499	   87.2726669    	39.06246948242188 124814.0645280803 71.56505117707799 218.5346552251459 205.4724426269531
10.33332252502441 334.9996643066406 8	8.787656e-05	2.478018e-08	88.1724	14.56078	   64.5360336    	38.55343627929688 113560.1957926526 -161.565051177078 222.7226302737282 209.4881896972656
7.999991416931152 261.6663818359375 8	0.0002962073	-5.889862e-08	75.77288	13.91095	   71.7405701    	61.12299346923828 155033.0188269612 180 215.5646512215598 194.7637786865234
13.66665267944336 146.6665191650391 8	0.004801997	1.055771e-07	85.95098	3.396557	   81.2521973    	23.97552299499512 356306.5642169739 0 216.3791338174084 196.7716522216797
16.9999828338623 153.66650390625 9	0.0004113446	4.799302e-08	79.9118	11.83159	   79.1274109    	43.15575790405273 679468.1675901846 146.3099324740202 214.3825445580206 187.4015808105469
9.99998950958252 245.9997406005859 9	0.0001592749	-4.387311e-08	82.75867	16.56163	   66.3805695    	55.03889846801758 71674.00302105094 116.565051177078 228.2536042411372 214.842529296875
13.33331966400146 329.3329772949219 9	0.00268553	1.071366e-07	91.28952	6.921561	   73.1108398    	51.73284530639648 112209.0037475697 -45 211.9024200439453 194.7637786865234
16.33331680297852 320.9996643066406 9	5.507788e-05	3.745483e-08	67.96068	19.06722	   65.2105484    	48.88916397094727 245080.0099798628 165.9637565320735 216.9331565774897 197.4409484863281
8.333324432373047 223.9997711181641 9	0.0003342392	3.022386e-08	88.58519	6.829719	   70.5671082    	17.38438987731934 85653.01987797552 -135 217.6577933175223 200.7873992919922
14.33331871032715 116.3332138061523 10	0.001357905	1.279795e-07	82.02721	15.19502	   77.3344116    	43.63436889648438 81158.85478383486 -33.69006752597979 224.2894044469614 203.4645690917969
2.666663885116577 97.99990081787109 10	3.26718e-05	-8.113899e-09	77.68996	6.864231	   71.6347504    	17.46173286437988 5489.244716618035 45 227.8937034606934 225.5511779785156
9.666656494140625 175.3331451416016 11	0.0007780967	4.024354e-08	75.35881	4.628329	   86.7748032    	55.107177734375 288332.69228795 -116.565051177078 217.0986300186372 190.0787353515625
-10.9999885559082 127.9998626708984 12	0.003381208	-8.589572e-08	85.51731	7.086259	   94.7291260    	24.70998001098633 600784.810494077 -90 218.946807724478 190.7480316162109
-10.66665554046631 165.3331604003906 12	0.0008980102	-5.864013e-08	90.9583	7.152205	   69.4654160    	52.00770568847656 1073250.035017094 45 204.3188387808488 175.3543243408203
-13.99998569488525 78.99991607666016 1	0.0002711441	-8.315865e-08	48.19213	7.845988	   75.8400497    	11.98776340484619 193190.0592664974 0 213.84089155526 186.7322845458984
2.666663885116577 158.9998321533203 3	0.0003018964	3.18258e-08	91.14281	16.47318	   87.3868484    	34.93025588989258 2131177.159308366 -135 212.1533114474966 184.0551147460938
-19.99997901916504 82.33324432373047 3	0.0001170437	3.877724e-08	95.10638	16.38358	   55.1961060    	16.97905921936035 472816.3688212849 135 220.7271646384984 196.7716522216797
4.333328723907471 134.9998626708984 4	0.0005387564	6.22622e-08	61.26248	6.10038	   80.9312210    	49.41992950439453 239542.2780517389 90 219.4472458321708 190.7480316162109
10.66665554046631 127.9998626708984 6	0.0005456443	3.694553e-08	84.84813	6.481887	   77.3783264    	27.52569580078125 288779.8791771797 63.43494882292201 218.8488865076939 198.1102294921875
7.999991416931152 263.6663818359375 6	0.0003778108	5.255337e-08	98.13042	24.31247	   80.9139786    	54.82320404052734 475882.7401019828 -26.56505117707799 219.4395962088449 192.0866088867188
8.999990463256836 253.6663970947266 7	0.006290885	1.347165e-07	85.924	2.643044	   75.7497940    	54.74883651733398 21714.88729861831 -153.434948822922 214.2987213134766 199.4488220214844
8.999990463256836 136.9998626708984 7	2.459977e-07	6.202021e-10	83.88841	25.50637	   77.2586899    	50.32834243774414 62409.50820026202 14.03624346792648 215.482713782269 198.7795257568359
27.99997138977051 302.3330078125 9	0.002218364	2.800341e-07	59.43034	11.00238	   75.2738876    	43.06097793579102 57046.18289804716 -56.30993247402021 221.2363898094664 208.1496124267578
11.99998760223389 175.3331451416016 9	0.001313005	1.465269e-07	65.18681	8.617231	   73.5046997    	54.23474884033203 73905.92167954017 153.434948822922 220.2090198863636 199.4488220214844
10.9999885559082 257.3330688476562 9	0.002414986	7.695802e-08	89.46585	5.231127	   79.2033234    	50.88299179077148 113255.6580121947 104.0362434679265 215.5277484712147 200.7873992919922
7.333325862884521 261.3330688476562 9	0.0005659913	5.421488e-08	84.49956	9.18127	   71.8360672    	12.2448148727417 141701.4753062562 180 217.0498953599196 198.7795257568359
11.99998760223389 321.9996643066406 10	0.0002053958	7.007201e-08	67.60058	17.6382	   71.8702393    	49.41992950439453 72547.01765358546 90 223.8283773351599 210.8267669677734
8.333324432373047 136.9998626708984 10	0.001078724	7.190925e-08	81.79489	8.784717	   78.7872772    	50.90409469604492 125069.4755470959 104.0362434679265 216.4793747611668 195.4330749511719
-7.333325862884521 70.33325958251953 11	0.004028938	-1.849344e-07	93.24975	14.56516	   79.9566879    	38.7952880859375 573405.9614829625 -161.565051177078 217.0666036719098 196.7716522216797
-12.33332061767578 177.3331451416016 2	0.001034491	-5.517082e-08	94.36054	9.388961	   78.5298767    	112.6283645629883 880470.3844099257 139.3987053549955 214.6734153712721 183.3858337402344
-16.33331680297852 56.99993896484375 2	0.002369851	-8.941883e-08	83.49773	5.38067	   78.7473679    	37.68211364746094 15822.48371827816 18.43494882292201 228.1167996724447 222.2047271728516
-15.66665077209473 46.33328628540039 2	0.01378523	-2.191655e-07	91.74692	6.147622	   85.0421524    	26.79119682312012 165235.0965174024 -153.434948822922 218.7940170898437 197.4409484863281
-13.99998569488525 78.66658782958984 2	7.920161e-05	-3.105401e-08	71.2874	17.83865	   74.8755188    	60.46464538574219 127968.8403308586 -36.86989764584402 219.1092538833618 199.4488220214844
-12.33332061767578 112.999885559082 2	0.001743257	-6.158093e-08	90.82697	7.288031	   85.1296692    	0 203928.9197146688 0 212.6100816224751 186.7322845458984
5.333327770233154 188.3331298828125 3	0.000160017	1.883549e-08	95.59744	12.3065	   78.1885223    	39.04972839355469 92998.78945332277 71.56505117707799 216.0728342392865 198.1102294921875
-18.66664695739746 214.3331146240234 3	0.0002244557	-3.258374e-08	98.42148	7.251048	   54.4584045    	11.70533084869385 423742.1194819992 180 212.9208747068066 183.3858337402344
-4.333328723907471 95.66656494140625 4	0.0001100553	1.579015e-08	83.58646	10.37962	   81.1720963    	12.3549747467041 609267.2251261396 90 211.5502087196607 191.4173278808594
21.6666431427002 303.6663513183594 4	3.574618e-05	4.148082e-08	81.00275	35.23533	   60.4467545    	37.06495666503906 277914.3284080432 90 224.9218041656214 212.8346557617188
7.333325862884521 61.33327102661133 6	0.0003123444	5.383789e-08	81.24226	20.8715	   84.4614258    	27.56377410888672 1126511.31788605 116.565051177078 214.4480588240324 183.3858337402344
11.66665458679199 247.6664123535156 6	0.0005699124	3.88825e-08	79.54623	6.684728	   82.2975388    	0 293275.6004593598 0 216.9547794587021 196.7716522216797
7.999991416931152 133.9998626708984 6	0.001029743	1.177934e-07	87.02513	23.32203	   83.4821243    	36.67391586303711 281408.8816753572 180 205.4562756819426 182.7165374755859
10.33332252502441 265.3330688476562 7	2.947934e-05	1.476823e-08	71.09483	15.15915	   73.2041397    	268.2395629882812 1272978.826026587 161.565051177078 218.7383215086078 192.7559051513672
27.6666374206543 301.3330078125 7	0.0001246932	3.649193e-08	50.65658	6.509663	   79.8190994    	10.94171047210693 49902.08986716006 180 216.8503961330507 201.4566955566406
24.99997329711914 160.9998321533203 7	0.0005842728	8.726403e-08	72.498	11.37743	   71.6968231    	24.7099494934082 31115.91653148724 -90 219.2866143798828 200.7873992919922
14.66665172576904 261.9997253417969 7	7.619135e-05	-2.942707e-08	64.04108	14.44436	   77.5038986    	88.35901641845703 23936.01067203617 -123.6900675259798 227.9680684407552 216.1810913085938
10.9999885559082 235.999755859375 8	0.0003397726	9.054891e-08	59.40773	10.18503	   69.0026703    	111.84521484375 274674.0415922505 83.65980825409009 219.1437024883195 196.1023559570312
11.66665458679199 257.9997253417969 8	0.003695462	1.558455e-07	87.58367	9.986417	   78.5254898    	27.1317310333252 441240.4458869442 26.56505117707799 221.686433373428 196.7716522216797
12.33332061767578 241.9997406005859 8	0.0004772194	4.876145e-08	73.43028	5.660853	   71.9345474    	43.83698654174805 45648.41900997475 146.3099324740202 217.2637813792509 202.7952728271484
-8.333324432373047 88.66657257080078 9	0.0007132155	6.224722e-08	99.79524	9.962729	   62.9677925    	62.47989273071289 1774280.706491425 11.30993247402021 217.6031557534064 183.3858337402344
13.99998569488525 182.9998016357422 9	0.004197091	1.798855e-07	91.43841	11.30368	   76.2185364    	26.95610427856445 607842.6570688769 153.434948822922 212.7511682823398 188.0708618164062
14.33331871032715 68.66659545898438 9	0.0006031764	8.405267e-08	78.67532	12.31661	   70.0143967    	35.91123199462891 304856.0423722139 180 211.7766407129546 188.0708618164062
14.33331871032715 133.9998626708984 10	0.0003210602	7.232131e-08	56.24723	8.793522	   76.3017883    	27.44875717163086 7982.275615542942 63.43494882292201 227.447509765625 218.8582763671875
11.66665458679199 257.6664123535156 10	0.0002500227	5.183034e-08	76.83733	14.05049	   71.5505295    	12.3549747467041 59189.51611662926 90 220.1360060951926 198.7795257568359
8.999990463256836 167.6664886474609 10	0.0001394575	1.573412e-08	83.83925	10.28493	   87.4572220    	24.4052906036377 175013.7937298626 180 215.0863713700642 196.7716522216797
-5.999993801116943 82.99991607666016 10	0.001759045	-1.930398e-07	82.86091	19.21622	   75.0015030    	71.70025634765625 6831.42298710921 -30.96375653207352 223.8110229492187 216.1810913085938
12.33332061767578 186.9998016357422 10	0.0009944416	1.454897e-07	88.19411	18.25735	   65.6386642    	0 789128.1034988391 0 215.8498726669623 191.4173278808594
11.99998760223389 251.9997406005859 10	0.0006334667	7.306423e-08	90.41335	16.12721	   73.7824402    	27.1317310333252 47024.89548468283 -153.434948822922 220.1777282714844 206.1417388916016
14.33331871032715 91.66657257080078 11	0.0009034913	7.498232e-08	85.95689	10.61188	   73.6254044    	12.35500621795654 466913.3443513532 90 212.2702300242888 190.0787353515625
8.333324432373047 208.9997863769531 11	5.824324e-06	2.178445e-09	77.86671	9.290358	   84.9085846    	17.36947059631348 194314.019155888 135 211.8330499609034 189.4094543457031
-14.66665172576904 150.9998474121094 2	0.01124125	-2.456589e-07	89.39442	5.000689	   73.3280869    	50.85718154907227 407737.2467632908 75.96375653207353 217.3692593652185 190.7480316162109
-21.99997711181641 203.6664581298828 2	0.0002283358	-7.210896e-08	96.10394	19.07486	   53.3992729    	36.48099136352539 159057.994436838 -18.43494882292201 215.5760638427734 194.7637786865234
-10.9999885559082 88.99990844726562 4	0.001253058	-1.560018e-07	79.21577	16.08987	   72.2764206    	24.7099494934082 727253.1698801162 -90 214.6528885170266 190.7480316162109
-4.99999475479126 156.3331756591797 5	0.007989774	-1.589001e-07	92.21376	4.244492	   76.2055054    	24.70996475219727 366593.1754799812 90 215.2470932006836 192.0866088867188
15.66665077209473 262.3330688476562 6	0.000225074	1.997377e-08	87.42845	5.678615	   73.5358047    	43.455322265625 15870.860256435 -33.69006752597979 213.2808405558268 194.7637786865234
9.99998950958252 129.9998626708984 7	0.001880857	6.01759e-08	81.06707	2.68759	   80.5162582    	66.41673278808594 16232.0826520626 -68.19859051364818 220.5872739156087 204.8031463623047
12.66665363311768 250.9997406005859 7	0.0003166604	3.689733e-08	70.7254	4.653251	   71.6389236    	12.0545597076416 14736.88858954829 180 222.3264174027877 204.8031463623047
8.999990463256836 245.3330841064453 7	2.265787e-05	5.692097e-09	93.77068	12.14048	   75.2019730    	44.13873672485352 168231.389274053 146.3099324740202 212.5215910634687 193.4252014160156
11.3333215713501 324.3330078125 8	0.0005235126	4.962731e-08	89.47475	8.446107	   67.3109970    	38.36445617675781 47144.53042337955 -161.565051177078 223.485941859654 207.4803161621094
17.66664886474609 155.9998321533203 8	0.0001666659	7.714165e-08	57.78671	17.39948	   74.3086624    	60.77921295166016 81094.46201590463 -126.869897645844 211.5176544189453 189.4094543457031
18.66664695739746 312.9996643066406 8	3.202297e-05	4.069079e-08	54.45896	16.92291	   61.9183235    	35.04633712768555 26004.58376074303 180 229.3326789855957 220.1968536376953
19.99997901916504 140.9998474121094 8	0.0004146822	2.508748e-08	97.0799	7.730518	   78.6314468    	76.41996765136719 233781.5975260065 -38.65980825409009 215.012616658079 190.0787353515625
22.33330917358398 297.6663513183594 9	5.087678e-05	2.111882e-08	76.20905	22.21132	   80.7679214    	47.19394683837891 217015.6094862708 165.9637565320735 216.7760289063928 200.1181030273438
9.33332347869873 264.6663818359375 9	6.845525e-05	2.027278e-08	91.34339	18.62498	   70.1832199    	17.35335540771484 242496.2005838081 -45 214.9509527962967 192.7559051513672
9.666656494140625 148.3331756591797 9	0.0004621522	4.222929e-08	79.90491	11.04261	   85.5754318    	27.30192565917969 162511.8457933103 153.434948822922 220.0462615966797 200.1181030273438
10.66665554046631 246.3330688476562 9	0.00219112	7.99386e-08	83.87848	2.070211	   68.7181015    	27.23297691345215 272745.0088534697 153.434948822922 218.5203105813206 190.7480316162109
12.33332061767578 248.6664123535156 10	0.001121121	5.868552e-08	86.34712	5.601984	   73.9421539    	51.76670074462891 76450.38025746544 45 219.1635602984512 201.4566955566406
8.333324432373047 137.3331909179688 10	0.0003092616	6.36531e-08	80.07518	23.64958	   83.1933823    	71.79810333251953 20383.35055017488 59.03624346792648 223.1863535563151 213.5039367675781
15.9999828338623 233.3330841064453 10	0.0001150867	-2.978138e-08	78.71957	14.84751	   72.7014771    	27.40728378295898 22459.48092480206 63.43494882292201 222.2047271728516 207.4803161621094
11.99998760223389 245.6664123535156 10	0.0005485596	6.349082e-08	77.66943	9.39164	   71.9913101    	38.23714828491211 42987.01367532479 161.565051177078 216.1601886749268 202.1259918212891
-10.9999885559082 88.66657257080078 11	0.001995191	-1.273672e-07	81.74742	5.998022	   65.3287277    	27.20874404907227 45842.52918741152 -153.434948822922 218.8188988180721 200.1181030273438
6.666659832000732 90.66657257080078 12	0.001741769	1.268807e-07	77.49517	10.55806	   77.9974899    	71.58800506591797 533157.3852477804 149.0362434679265 213.1478953642004 192.0866088867188
-12.33332061767578 174.3331451416016 12	2.335766e-07	-1.786908e-10	85.72157	7.17005	   85.2938309    	103.3685913085938 5371.788745593985 -159.4439547804165 228.0610237121582 223.5433044433594
-17.99998092651367 40.33329010009766 2	0.0001292782	-4.492377e-08	65.01143	12.86295	   70.4861069    	23.50049018859863 33970.193177375 180 219.0384638859676 202.1259918212891
-15.9999828338623 95.99990081787109 3	4.416643e-05	-2.389589e-08	93.59081	19.75488	   55.9426231    	37.73836135864258 88479.77193342677 161.565051177078 221.0559437310518 210.1574859619141
-11.3333215713501 91.99990081787109 3	0.0007769474	-7.373515e-08	73.27306	8.693221	   77.6020203    	61.77490615844727 98275.6711276171 -90 217.0062575666872 190.0787353515625
7.999991416931152 134.9998626708984 3	0.00136948	1.139111e-07	76.48676	10.98391	   78.0383835    	104.1893692016602 329147.8963476652 45 216.7231737247183 191.4173278808594
8.666657447814941 96.33322906494141 4	3.846753e-05	-9.768915e-09	79.76065	11.5491	   79.0691528    	24.42761611938477 613263.1076565122 180 209.3949037062383 182.0472412109375
5.999993801116943 239.999755859375 6	0.001969266	-8.501201e-08	83.4015	7.882358	   84.0501938    	150.3232727050781 20488.88643264583 55.00797980144134 222.0262481689453 209.4881896972656
15.33331775665283 254.3330688476562 6	0.0003684633	2.898074e-08	74.20044	4.789303	   81.5398712    	43.54639053344727 107345.9290584521 -146.3099324740202 220.9900863082321 205.4724426269531
12.66665363311768 239.999755859375 7	0.0002526751	4.653038e-08	79.2933	12.60756	   70.4671249    	36.16267013549805 219904.0119987837 180 209.2474083318943 188.0708618164062
16.66664886474609 255.9997253417969 8	0.003052921	9.942651e-08	98.9203	9.48818	   80.3126984    	75.07276153564453 243469.5567835032 161.565051177078 219.2851677971917 189.4094543457031
20.33331298828125 148.9998474121094 8	0.002211533	1.097349e-07	77.83196	6.46295	   77.9783249    	73.91135406494141 59236.91926531868 -161.565051177078 224.9546402640965 210.1574859619141
11.66665458679199 321.9996643066406 8	0.000878842	6.621821e-08	85.45963	7.698082	   70.5352249    	12.100998878479 6725.457501074003 0 225.0157531738281 216.8504028320312
18.66664695739746 268.3330383300781 8	0.0004157742	3.74061e-08	71.24456	3.235333	   72.2693634    	11.70341205596924 18210.67122787778 180 226.6507328578404 214.1732177734375
7.666658878326416 209.6664428710938 9	0.00228559	-3.947161e-08	91.20441	1.741607	   89.5490417    	93.28646087646484 228660.7586336298 156.8014094863518 220.4558039165678 204.8031463623047
12.66665363311768 340.6663208007812 9	0.001095258	9.101279e-08	85.1041	10.66095	   72.0839691    	27.48652648925781 182210.2538736354 116.565051177078 217.3966549144072 195.4330749511719
-2.999996900558472 59.66660308837891 10	0.003266531	-1.402671e-07	83.93282	10.16652	   83.3888321    	12.35498237609863 327667.8657783553 -90 215.1953684914561 195.4330749511719
15.33331775665283 151.66650390625 10	0.0005520886	3.340845e-08	75.26722	5.133937	   86.9971161    	37.73859786987305 107269.5904206618 161.565051177078 216.8090812777295 194.094482421875
13.33331966400146 276.9997253417969 11	0.0002626932	3.441243e-08	92.51972	14.35382	   74.7601776    	27.48652648925781 5345.251132495916 -116.565051177078 231.9094467163086 231.5747985839844
-15.33331775665283 92.66657257080078 2	0.001252216	-1.25743e-07	96.76667	10.11992	   55.4086494    	26.892578125 62289.08269775524 153.434948822922 224.8249307186045 211.4960632324219
-9.99998950958252 143.9998474121094 4	0.0007886982	-4.536395e-08	83.42701	6.157066	   79.2412338    	17.33612442016602 197563.9626339433 -135 214.0723777666484 192.7559051513672
16.33331680297852 262.3330688476562 5	0.0117995	-2.448478e-07	85.13374	2.84265	   70.6712189    	49.41989898681641 321657.8670411046 -90 214.3899259098241 191.4173278808594
9.666656494140625 261.6663818359375 7	0.0002760852	6.403462e-08	60.90103	10.37432	   75.1575165    	38.48134613037109 178670.5085094408 161.565051177078 216.3585674401486 196.1023559570312
17.99998092651367 252.3330688476562 7	1.926204e-05	6.729918e-09	77.1896	8.642636	   70.9703064    	38.89286804199219 9138.524078437726 -71.56505117707799 227.9415065220424 223.5433044433594
21.99997711181641 281.9996948242188 8	0.0002053144	3.264331e-08	63.871	5.683737	   76.3789062    	34.36579132080078 47146.55152501268 180 216.1268355910842 202.1259918212891
8.999990463256836 329.6663208007812 8	0.0002489633	7.970026e-08	67.10757	17.49192	   72.1243515    	44.34627914428711 252260.4915188979 123.6900675259798 217.7319883941322 200.1181030273438
14.33331871032715 259.6663818359375 8	1.737042e-06	8.531664e-10	74.97629	6.050682	   83.2836380    	17.22053718566895 95871.17067711553 -135 223.2365508609348 202.7952728271484
3.999995708465576 138.3331909179688 9	0.0001422181	2.398689e-08	73.89986	12.28025	   86.1064682    	49.29963684082031 10963.03804479949 0 218.523624420166 209.4881896972656
-13.66665267944336 138.9998474121094 1	0.008935803	-1.432884e-07	95.4731	5.151319	   83.8351898    	37.06495666503906 287822.7174702941 90 216.4878612094455 189.4094543457031
2.666663885116577 135.9998626708984 2	8.189904e-07	-6.180258e-10	99.96358	16.94716	   80.6908951    	27.61910438537598 900677.592920873 116.565051177078 213.8747475912945 186.06298828125
17.33331489562988 88.33324432373047 5	0.0005794285	4.792354e-08	80.21166	7.990153	   77.7283173    	12.35506916046143 432460.9355519705 90 211.4108815511068 189.4094543457031
10.66665554046631 249.9997406005859 5	0.001576498	5.293904e-08	86.86626	4.077972	   80.9568253    	12.14077281951904 6753.272624684632 180 223.9448822021484 216.1810913085938
12.66665363311768 254.6663970947266 5	0.0009506238	4.222188e-08	87.2393	5.196572	   80.2454453    	96.30536651611328 24117.4212488086 180 222.7624681260851 208.8188934326172
4.99999475479126 331.3329772949219 7	0.0004054845	-4.984378e-08	77.1748	14.23837	   85.7921371    	50.76946258544922 214868.0516784926 -165.9637565320735 217.7797296609089 198.7795257568359
26.33330535888672 153.66650390625 7	0.0006053906	7.762127e-08	65.26631	6.095006	   70.7176743    	0 33260.57144509326 0 221.2875479239005 207.4803161621094
12.33332061767578 338.6663208007812 8	0.0001233071	3.759945e-08	73.96059	16.83913	   74.1854324    	36.20934677124023 17440.21780865906 0 224.5729863093449 218.1889801025391
16.66664886474609 259.9997253417969 9	0.002210847	-9.614282e-08	69.37054	2.880599	   79.3557053    	37.56630325317383 55250.661333424 161.565051177078 221.8382081531343 206.8110198974609
13.99998569488525 138.6665191650391 9	0.001902976	6.229576e-08	88.25242	5.450309	   83.2175140    	26.95610427856445 27972.67834514823 -153.434948822922 221.5991755894252 212.1653442382812
11.3333215713501 217.9997711181641 9	0.002730262	-1.240206e-07	98.44978	13.85289	   79.6529388    	50.87593078613281 5386.493960006492 75.96375653207353 227.2244110107422 224.2126007080078
7.999991416931152 170.6664886474609 9	0.00012581	2.589859e-08	57.26191	7.198694	   86.3905487    	27.56366348266602 413511.0043494835 63.43494882292201 218.2858486677471 196.1023559570312
5.333327770233154 144.3331756591797 9	0.001046817	9.50044e-08	72.37984	13.30165	   88.5373764    	27.5997257232666 242114.5178998639 116.565051177078 217.9280680855789 195.4330749511719
4.99999475479126 133.3331909179688 12	0.001149654	1.138877e-07	61.7839	9.430587	   86.5898972    	24.62860107421875 731861.1808738109 0 211.223343237761 182.7165374755859
-12.99998664855957 60.33327102661133 1	0.003339657	-1.153674e-07	88.28029	7.317618	   79.5650101    	48.21720123291016 725157.9199545434 180 216.8256978390401 190.7480316162109
-11.99998760223389 161.3331604003906 2	0.006855037	-1.1849e-07	92.59322	5.156484	   87.0396042    	34.56537246704102 165172.7227152711 135 219.5384430924082 195.4330749511719
10.66665554046631 155.9998321533203 4	0.000487942	4.037644e-08	90.86559	11.3122	   79.0337830    	12.35500621795654 91762.1571510506 90 216.9488195531509 202.1259918212891
9.666656494140625 156.3331756591797 5	0.0004976594	1.086176e-07	71.72546	21.38418	   79.5357742    	36.53847885131836 189574.7362101011 0 213.3796406337193 191.4173278808594
11.66665458679199 268.3330383300781 6	0.0007740465	4.970317e-08	99.42057	14.56155	   83.4627304    	17.29895401000977 169548.0543935562 135 219.7612797570607 204.8031463623047
12.33332061767578 139.3331909179688 6	0.001077389	6.426495e-08	59.90117	3.534768	   91.4261322    	27.10439491271973 75163.22634995518 153.434948822922 217.6272509438651 199.4488220214844
15.9999828338623 258.9997253417969 7	1.0275e-05	2.841247e-09	81.43529	9.692173	   87.0878067    	155.0873870849609 114785.9332256919 -141.3401917459099 220.3199397996924 208.8188934326172
10.66665554046631 312.9996643066406 7	0.001075776	9.242147e-08	86.32565	11.5478	   72.0915451    	38.44449234008789 51278.1392367931 161.565051177078 220.4434336612099 208.8188934326172
9.33332347869873 199.6664581298828 7	0.0003185174	4.337936e-08	74.2467	7.966693	   72.2391281    	12.3549747467041 111121.1400371975 90 215.3975428139291 196.7716522216797
10.66665554046631 131.3331909179688 7	8.006876e-05	-3.137087e-08	96.63674	29.47415	   69.6132736    	12.14126968383789 546278.1869066526 180 219.1755627290702 194.7637786865234
9.99998950958252 164.9998321533203 8	0.0004992371	7.525021e-08	82.34724	17.36577	   76.0453339    	27.25712203979492 113594.3654517652 153.434948822922 216.2767168680827 195.4330749511719
11.66665458679199 129.3331909179688 8	0.0001180918	-3.302439e-08	85.19366	17.82761	   69.3905869    	0 211298.7090754622 0 214.1178103890389 194.7637786865234
15.66665077209473 250.3330688476562 9	0.001095204	5.203997e-08	77.13695	4.426262	   82.7760391    	37.06495666503906 124266.1910923844 90 216.2309445320292 196.7716522216797
14.99998474121094 227.6664276123047 9	0.001327806	1.501867e-07	81.27022	9.131248	   59.5243492    	17.17112731933594 120665.9269122683 135 216.2914254324777 196.7716522216797
8.666657447814941 264.9997253417969 9	0.006428739	2.21914e-07	93.40508	5.952416	   63.8554649    	17.3763599395752 262144.1155637323 -135 215.9140802887437 197.4409484863281
-6.333326816558838 181.3331451416016 10	0.002615802	-1.0636e-07	70.06334	5.761561	   90.3904343    	99.39821624755859 8191.6514400001 -119.7448812969422 222.4278233846029 212.1653442382812
-5.999993801116943 193.3331298828125 10	0.002649736	-1.531248e-07	89.87196	15.34469	   80.9555435    	93.96733093261719 1080065.897141072 -113.1985905136482 215.2603001636635 184.7244110107422
8.333324432373047 122.999870300293 10	0.001848064	7.809869e-08	80.93382	6.503946	   83.8649216    	50.37244415283203 125008.866904671 165.9637565320735 217.767033452573 197.4409484863281
10.66665554046631 70.66659545898438 11	0.0006897014	4.415349e-08	82.4986	8.103307	   83.7911072    	27.52591705322266 218592.0304959159 63.43494882292201 221.1346866937331 203.4645690917969
-8.999990463256836 168.9998168945312 11	0.001896743	-8.352647e-08	76.18355	6.228046	   85.9294052    	50.4144401550293 176399.5118243876 165.9637565320735 220.7425818810096 203.4645690917969
-8.999990463256836 204.3331146240234 11	0.002316958	-5.449258e-08	85.21349	3.621677	   90.4726715    	17.36911773681641 242645.7078947216 45 217.2355174485532 200.1181030273438
-9.99998950958252 169.9998168945312 3	0.002045921	-1.345457e-07	98.73481	15.82942	   73.0357590    	38.51797485351562 427520.0358588881 -161.565051177078 212.8706525488745 194.7637786865234
-11.99998760223389 141.9998474121094 3	0.003180383	-9.270714e-08	96.15054	10.138	   88.6605606    	12.09951210021973 57803.98088597512 0 214.935910247093 200.1181030273438
10.66665554046631 82.33324432373047 5	0.002094492	9.526912e-08	99.00456	14.06959	   83.2291489    	119.583625793457 1519669.146500549 23.96248897457818 218.4467171751088 190.7480316162109
11.66665458679199 262.6663818359375 7	0.006546798	1.564035e-07	91.75066	6.94814	   81.1135254    	86.33149719238281 216384.6009744422 135 219.6772162395975 204.1338653564453
11.99998760223389 126.6665344238281 8	0.0001472158	1.305243e-08	99.09782	11.02676	   84.7210464    	27.15790748596191 18812.05133825307 153.434948822922 226.7463476998466 218.8582763671875
8.999990463256836 253.3330688476562 8	0.003768398	1.70937e-07	89.14507	8.903611	   71.4443817    	38.62087631225586 297047.6982030039 -161.565051177078 219.3747541175041 195.4330749511719
15.66665077209473 127.3331985473633 8	0.001071857	9.145095e-08	58.19514	6.69762	   90.5876999    	23.79151725769043 168048.5970753893 180 217.0137653501015 198.1102294921875
11.66665458679199 317.6663208007812 8	0.001858084	1.084071e-07	77.38147	6.360086	   74.1505508    	27.50740814208984 79394.9323431517 116.565051177078 217.7352204403635 200.7873992919922
12.99998664855957 331.9996643066406 8	0.002779031	1.225698e-07	92.22735	6.753812	   67.9814072    	38.19335174560547 60209.60120505992 -161.565051177078 218.6054243299696 206.1417388916016
8.333324432373047 338.9996337890625 9	0.0004004726	7.228604e-08	73.81739	12.82114	   71.2521515    	38.71324920654297 488896.0581235592 -161.565051177078 221.9072633955214 203.4645690917969
11.99998760223389 334.9996643066406 9	0.0008368768	1.202567e-07	64.4822	9.500315	   72.8039856    	61.77490615844727 5375.112197453469 90 228.2283477783203 224.2126007080078
19.99997901916504 251.9997406005859 9	0.002186028	1.106324e-07	83.53868	5.746159	   69.9693069    	27.31153106689453 201460.4783823614 -63.43494882292201 224.9205049368051 211.4960632324219
14.33331871032715 70.33325958251953 10	0.0006519869	8.728946e-08	89.18516	20.14807	   76.0117111    	49.34494018554688 34598.07355167479 165.9637565320735 221.792853135329 210.8267669677734
-11.66665458679199 90.99990844726562 10	0.004637946	-1.868912e-07	96.79352	6.478056	   61.5375061    	27.50697135925293 433038.55263674 -63.43494882292201 217.5986716228983 199.4488220214844
14.33331871032715 268.9997253417969 10	0.002277862	-8.486711e-08	91.41849	5.107689	   71.9955139    	37.06495666503906 19969.29170654888 -90 221.7585327148437 210.1574859619141
16.33331680297852 253.6663970947266 10	0.003492576	1.666346e-07	93.02866	14.3158	   79.9606476    	49.04720687866211 258342.1371223772 14.03624346792648 222.3686340487733 200.1181030273438
10.33332252502441 287.6663818359375 10	2.017738e-07	-5.228431e-10	54.38429	7.81778	   76.7242966    	27.25845336914062 262104.5590884341 153.434948822922 215.6946600687872 192.0866088867188
-13.99998569488525 163.3331604003906 1	0.00730364	-9.84023e-08	83.94577	2.042521	   92.3048859    	24.7099494934082 77275.8983877089 -90 212.4538434784988 198.7795257568359
-14.99998474121094 91.33323669433594 1	0.005137142	-2.931895e-07	90.9788	10.75947	   63.0867805    	27.44875717163086 108779.9612321601 116.565051177078 213.1529697325171 200.7873992919922
-24.66664123535156 205.9997863769531 2	0.001010805	7.351787e-08	99.79351	12.30704	   70.0841293    	16.7440357208252 289206.6395931034 -135 220.8142156929805 198.7795257568359
-19.66664695739746 205.3331146240234 3	0.0005989313	-9.396857e-08	73.39507	13.17856	   72.6261673    	11.65804862976074 319419.3835507269 180 213.9320677475408 194.7637786865234
6.999992847442627 123.6665344238281 4	0.0118858	3.659873e-07	99.95806	10.29998	   66.9664230    	24.50739097595215 632073.3247703282 180 209.639645773789 182.0472412109375
11.99998760223389 232.999755859375 7	0.001076702	8.438357e-08	77.84638	7.532772	   72.9400864    	17.27763938903809 68548.60628799289 135 221.8372715968712 203.4645690917969
13.66665267944336 265.3330688476562 8	0.001192119	-9.450974e-08	64.72848	8.083733	   87.5386200    	112.7676086425781 10675.44023388442 -130.6012946450045 223.125 214.842529296875
8.999990463256836 244.6664123535156 8	0.00317785	-1.391922e-07	99.28207	11.01279	   72.0703659    	37.06492614746094 31197.97637043511 90 225.1437895401664 216.8504028320312
13.33331966400146 249.9997406005859 8	4.852505e-06	2.488898e-09	85.53626	9.798649	   69.2351379    	12.3549747467041 128349.668474056 90 214.4102698961894 196.7716522216797
27.99997138977051 138.3331909179688 8	0.0003073901	-6.465416e-08	87.75272	20.88299	   70.9935226    	16.47035980224609 13331.17768070936 135 228.8976384943182 225.5511779785156
15.66665077209473 135.6665191650391 10	9.749951e-05	-5.551271e-09	87.11823	1.632504	   86.8051987    	38.92995071411133 56849.06452730304 -108.434948822922 216.5546615955442 202.1259918212891
19.66664695739746 265.9997253417969 10	0.0006488776	4.997534e-08	80.95399	5.55226	   71.0725479    	11.63453197479248 87955.46118902245 180 219.4980327381807 196.1023559570312
-10.33332252502441 69.66659545898438 1	0.002487244	-1.067035e-07	77.90884	6.763659	   83.1528854    	92.9249267578125 171641.0138256497 23.19859051364819 217.8727773831585 198.1102294921875
-14.33331871032715 150.66650390625 2	0.0005247514	4.029212e-08	95.72966	13.88649	   83.0164642    	11.95266437530518 242090.6789968497 0 215.5596188555707 198.1102294921875
-16.66664886474609 100.9998931884766 3	0.0001541964	-2.592463e-08	91.67152	13.39026	   70.8530807    	53.3299446105957 57952.64157463931 -153.434948822922 224.6537250172008 207.4803161621094
-14.66665172576904 160.66650390625 4	0.000226457	-6.648416e-08	67.52989	18.48087	   77.8473129    	11.95266437530518 184657.7096053462 180 215.4781060527555 190.0787353515625
14.66665172576904 119.3332061767578 7	0.01610524	1.32098e-07	99.66966	1.433059	   84.3634338    	26.8595085144043 297730.0414591757 153.434948822922 217.0774756840297 194.094482421875
13.33331966400146 243.3330841064453 7	0.0002175663	2.723641e-08	88.09641	8.082115	   67.9565964    	17.23305702209473 36077.20817482307 135 211.421699806496 201.4566955566406
11.3333215713501 222.3330993652344 7	0.0007239594	9.676309e-08	78.5815	10.13317	   64.8244858    	38.40457916259766 241056.8414069199 -161.565051177078 219.3406067746978 203.4645690917969
16.9999828338623 250.9997406005859 7	0.0009105445	5.477165e-08	82.60468	6.619486	   77.8569870    	24.7099494934082 21033.90170494471 90 227.0570878982544 220.8661499023438
15.9999828338623 257.9997253417969 8	2.02605e-06	-1.149999e-09	85.42392	12.98121	   84.1921921    	17.11674118041992 250723.1729007947 135 216.0190646522923 196.7716522216797
15.33331775665283 257.6664123535156 8	0.01018293	1.824517e-07	94.68134	6.278248	   82.0840988    	26.82535362243652 101973.2800626565 153.434948822922 220.900911207323 201.4566955566406
12.33332061767578 225.3330993652344 8	0.0004035162	4.09137e-08	94.0771	11.19128	   70.9101181    	43.83698654174805 360715.9718712817 -146.3099324740202 221.3811740237098 200.7873992919922
16.66664886474609 254.6663970947266 9	0.001294674	1.373621e-07	77.68705	9.854386	   66.1825943    	0 99935.43114742347 0 218.453172181782 202.1259918212891
16.9999828338623 255.6663970947266 9	0.0003608419	-2.902092e-08	92.98103	7.490038	   72.2133560    	72.02134704589844 118320.33146739 -9.462322208025617 224.8372721354167 208.8188934326172
14.33331871032715 258.6663818359375 10	0.01018952	1.889215e-07	91.42848	6.314925	   83.6797791    	35.85797119140625 109081.0428201619 180 217.8869794519936 194.094482421875
8.333324432373047 93.66657257080078 11	0.002894651	1.25791e-07	99.55323	12.70654	   77.1769028    	34.76109313964844 274566.5143559403 135 215.4124121335473 189.4094543457031
8.333324432373047 87.66657257080078 12	0.002643291	1.131342e-07	90.38927	9.966519	   79.8124771    	39.02367401123047 17665.82936627377 108.434948822922 227.8164778489333 222.8740234375
-14.33331871032715 148.3331756591797 2	0.002736681	-2.866418e-07	85.24288	19.75191	   70.1710739    	37.89983749389648 576926.6079312854 -161.565051177078 213.9789191039476 182.0472412109375
7.666658878326416 322.3330078125 7	0.002147706	1.653944e-07	78.26448	12.15504	   76.2458649    	66.06562805175781 255932.3287984501 -158.1985905136482 225.4123404482578 211.4960632324219
13.66665267944336 254.9997406005859 7	0.004161498	1.220677e-07	99.80505	11.24517	   84.3733292    	49.41992950439453 40044.37602699126 -90 218.813650004069 198.7795257568359
19.33331298828125 279.9996948242188 8	3.974923e-05	-2.138704e-08	56.7051	13.88513	   81.3889160    	50.77085876464844 112859.7092309925 75.96375653207353 219.4506306264592 205.4724426269531
14.66665172576904 329.6663208007812 8	2.908341e-05	2.300812e-08	59.70925	8.745706	   57.1349907    	12.35500621795654 11967.40994120597 90 227.0384945339627 218.1889801025391
15.9999828338623 303.9996948242188 8	0.0004871227	9.649874e-08	79.90035	19.9906	   72.9672775    	37.68199920654297 129416.2703383278 161.565051177078 221.0027338144731 208.1496124267578
11.66665458679199 331.6663208007812 8	0.0002267703	2.476531e-08	82.30646	7.917475	   76.8703537    	27.18335342407227 36336.94675628665 -153.434948822922 221.3371265552662 209.4881896972656
18.33331489562988 155.9998321533203 9	0.0001910267	2.479815e-08	74.68349	8.211441	   80.8279114    	26.53021049499512 103078.526013339 -153.434948822922 214.9187699330004 196.7716522216797
9.99998950958252 212.6664428710938 9	0.0006277998	1.078905e-07	72.9397	15.56374	   73.9552689    	12.3549747467041 73064.20475447667 90 223.0971139978479 200.7873992919922
14.99998474121094 168.3331604003906 9	0.0004398353	5.016614e-08	87.86106	15.59741	   80.0375290    	17.1840991973877 184534.9266924729 45 216.6577928941027 201.4566955566406
16.9999828338623 68.33325958251953 9	0.000852189	7.677928e-08	79.54734	7.063883	   67.9804840    	17.08778762817383 57779.81667718072 45 218.7822106101296 204.1338653564453
13.66665267944336 246.6664123535156 9	0.002732895	1.856067e-07	90.82337	16.24838	   75.2516861    	59.94017028808594 385477.3365585405 180 216.6535450760468 197.4409484863281
8.333324432373047 305.3330078125 10	0.0002983849	3.388588e-08	83.35261	12.1856	   81.9934616    	17.3763599395752 171183.0385196302 135 216.4679418896872 199.4488220214844
10.33332252502441 315.3330078125 10	0.005693207	1.308042e-07	75.98053	2.241477	   82.2993469    	17.33612442016602 58112.56634219073 -135 217.7064663199491 204.1338653564453
12.66665363311768 131.9998626708984 10	0.002317949	9.605894e-08	96.97236	15.24656	   90.3622971    	54.94358444213867 1422593.977360646 63.43494882292201 210.2821468378392 181.3779602050781
4.666661739349365 156.66650390625 10	0.005127071	1.456941e-07	85.59859	10.15211	   93.1931381    	44.45807266235352 186126.9251325951 -33.69006752597979 214.1683074726778 192.0866088867188
10.66665554046631 240.3330841064453 10	0.001964934	6.609932e-08	97.06411	5.88471	   75.6274948    	43.94663238525391 174101.8857288374 146.3099324740202 217.0631153195403 193.4252014160156
-6.666659832000732 99.33322906494141 10	5.331091e-06	-1.761892e-09	90.00403	10.75012	   83.2598495    	27.48461723327637 361618.3157398676 -153.434948822922 211.6753833122973 184.0551147460938
28.99996948242188 327.9996643066406 10	1.900337e-05	-1.17942e-08	84.79426	19.42315	   65.8572617    	21.61316871643066 129622.4259272154 180 218.8086929321289 204.1338653564453
10.9999885559082 241.3330841064453 10	0.004763487	2.035097e-07	95.45573	9.776144	   68.1359406    	54.49049758911133 202253.8744427634 -153.434948822922 218.2023638916015 195.4330749511719
14.66665172576904 83.33324432373047 11	0.001286672	6.77103e-08	92.04323	11.46715	   83.6413498    	26.892578125 814613.551101801 153.434948822922 213.7622798211411 185.3937072753906
0.999998927116394 162.66650390625 12	4.686369e-10	-6.977885e-12	98.87518	33.67578	   87.9477692    	62.99216461181641 3431918.888380334 -168.6900675259798 212.2009048218164 176.6929168701172
1.333331942558289 109.3332214355469 12	0.001759866	7.876213e-08	80.31009	4.628519	   76.4010544    	44.52762222290039 145528.5594234162 146.3099324740202 218.9150964988852 195.4330749511719
-14.99998474121094 159.66650390625 3	0.000962752	-7.341053e-08	85.48605	12.20204	   80.3021164    	37.89983749389648 384693.8062770371 161.565051177078 209.8782249187601 189.4094543457031
8.333324432373047 253.3330688476562 5	0.002562647	1.67609e-07	71.99847	8.03782	   76.1403885    	210.6338043212891 716009.8135365379 10.00797980144134 218.108967761161 190.7480316162109
8.999990463256836 242.3330841064453 6	0.000597858	6.403359e-08	91.21735	15.31218	   75.0249557    	38.62087631225586 562942.1231353524 161.565051177078 214.3119255709361 188.0708618164062
9.666656494140625 265.9997253417969 7	0.0008337721	2.728444e-08	96.74538	3.748751	   80.6005936    	48.71829605102539 113758.7732625655 180 218.8742050897507 199.4488220214844
10.33332252502441 161.9998321533203 7	1.296936e-06	-6.289724e-10	97.33228	10.74539	   80.4296188    	24.28303718566895 325608.2554366679 180 213.5816977726473 185.3937072753906
14.66665172576904 262.3330688476562 7	0.002082289	6.199924e-08	91.3377	5.660995	   83.8078537    	37.95143890380859 136928.5341217226 -161.565051177078 209.1178049624545 188.7401580810547
11.99998760223389 159.66650390625 8	0.01041993	1.540237e-07	98.58527	5.983417	   85.4142456    	172.6696472167969 1552373.826053191 12.0947570770121 218.9988372855487 189.4094543457031
12.66665363311768 254.9997406005859 8	0.0008757333	3.999326e-08	83.58479	4.14305	   79.8178558    	78.42066955566406 70981.57975176402 -128.6598082540901 221.4344093754606 208.8188934326172
9.666656494140625 227.3330993652344 8	3.881454e-05	4.608506e-09	99.39315	6.459609	   77.4240646    	38.58727264404297 181452.3832377699 -161.565051177078 217.3348817967657 196.1023559570312
15.33331775665283 251.9997406005859 8	0.000771307	3.938254e-08	86.60956	6.431991	   82.2342834    	17.17112731933594 11924.037112603 -135 216.9991268581814 202.7952728271484
7.666658878326416 334.6663208007812 8	0.001314169	1.577471e-07	88.38799	20.10734	   72.0044708    	44.22108459472656 89849.56634285982 146.3099324740202 222.5495124585701 202.7952728271484
8.999990463256836 322.9996643066406 9	5.292294e-05	-1.143855e-08	79.59647	10.61661	   79.0705795    	65.719970703125 510152.1511440589 158.1985905136482 221.7009773660213 199.4488220214844
13.99998569488525 162.66650390625 9	0.0008148308	4.876897e-08	58.20293	1.926122	   90.4496078    	17.22087860107422 155939.148231195 -135 213.9730141142495 194.7637786865234
10.33332252502441 265.9997253417969 10	0.005282028	1.007902e-07	92.10283	3.528135	   80.6327362    	17.32708168029785 235085.1276400009 -45 216.9965617738921 193.4252014160156
16.9999828338623 166.3331604003906 10	0.001216504	7.36235e-08	84.37271	6.435419	   71.8758163    	11.83572292327881 136651.5883560987 180 213.9994704906757 193.4252014160156
1.999997854232788 73.99992370605469 12	0.003791842	1.636297e-07	94.65579	15.74537	   84.6718979    	34.92599868774414 311538.1091383492 45 218.5457363716831 194.7637786865234
-11.99998760223389 187.6664733886719 12	0.0001153838	1.445682e-08	83.35793	12.37039	   91.9564209    	72.59791564941406 14786.37316377927 180 222.7523276589133 206.8110198974609
-11.3333215713501 57.99993896484375 4	0.00188045	-9.488148e-08	79.69855	6.991185	   79.2373505    	24.22817611694336 49812.71858277229 180 217.5377754005226 201.4566955566406
-6.999992847442627 158.66650390625 6	0.003348376	-1.355143e-07	73.04308	8.385612	   92.4186935    	24.7099494934082 110457.4452551066 -90 218.9574232690128 195.4330749511719
9.99998950958252 130.3331909179688 6	0.0002544848	8.339886e-08	56.29481	18.40702	   86.5347824    	27.28010940551758 12170.80977350291 153.434948822922 217.445320977105 208.1496124267578
10.66665554046631 312.6663513183594 7	0.0002761847	3.099807e-08	96.69514	10.84155	   69.0795212    	12.14176845550537 39153.81050582606 180 217.3812113794787 204.8031463623047
12.99998664855957 257.9997253417969 7	0.00147091	5.782647e-08	94.93059	6.760756	   77.8018036    	43.67685699462891 252977.5581683683 146.3099324740202 212.0130828373016 189.4094543457031
13.99998569488525 258.3330688476562 7	8.128204e-05	1.220255e-08	76.64927	8.955396	   86.7271042    	27.44939613342285 343831.8170373042 116.565051177078 216.806294404259 196.1023559570312
17.33331489562988 245.6664123535156 8	0.0007777484	-9.830421e-08	96.62878	18.19211	   67.0461121    	17.10252380371094 76087.84356112678 -135 221.5585127205684 204.8031463623047
11.66665458679199 224.6664276123047 8	0.000466043	5.939561e-08	76.95413	11.25853	   75.6466599    	27.50053596496582 110265.6739980426 63.43494882292201 219.5275610947027 194.094482421875
25.99997329711914 284.6663818359375 8	0.001594517	9.949198e-08	83.54794	9.91346	   77.6626816    	22.20965003967285 229831.3291065383 180 219.2217009349536 204.1338653564453
19.33331298828125 253.6663970947266 8	0.006580407	1.018007e-07	95.02776	3.291806	   82.6956024    	27.33224487304688 107593.8061318739 -63.43494882292201 211.5767002335514 192.7559051513672
16.66664886474609 142.3331909179688 8	0.0002022331	1.257439e-08	85.73053	5.052214	   88.7578354    	66.08574676513672 120962.1513066969 111.8014094863518 217.3960126793903 191.4173278808594
11.99998760223389 234.999755859375 8	4.750661e-06	3.228782e-09	90.79561	19.56676	   74.2912521    	27.1317310333252 63148.04665755224 153.434948822922 218.217457872756 199.4488220214844
12.66665363311768 340.6663208007812 9	0.001609104	1.89906e-07	72.70007	14.42304	   74.2434921    	17.25592422485352 97821.47159893738 135 209.0572762685279 194.7637786865234
13.99998569488525 330.3329772949219 9	0.001390432	1.803804e-07	71.02843	10.01664	   65.0407028    	23.97552299499512 10665.70486861982 180 224.2962608337402 217.5196838378906
16.66664886474609 251.9997406005859 9	0.001419551	6.882585e-08	88.716	10.39404	   85.9493790    	0 230417.2366063484 0 214.2956134905134 188.7401580810547
13.99998569488525 142.9998474121094 9	0.001000426	8.257375e-08	81.87634	18.26023	   94.0446396    	71.92784881591797 22669.64834561676 0 227.0078762278837 218.8582763671875
10.33332252502441 260.3330688476562 10	0.004608065	1.383133e-07	99.93953	6.698554	   69.7467880    	27.52547645568848 220085.0783101556 116.565051177078 218.9896637150115 192.0866088867188
5.333327770233154 330.9996643066406 10	0.002251321	-5.977438e-08	79.62647	2.334423	   85.6994705    	55.03707885742188 38294.5020573746 153.434948822922 222.6349846976144 207.4803161621094
14.99998474121094 134.9998626708984 10	0.000145467	1.395173e-08	86.85648	5.990333	   77.5850830    	17.19670677185059 359675.765570597 -135 214.3016543793063 192.0866088867188
-8.666657447814941 71.66659545898438 12	0.001745983	-6.531389e-08	71.20763	2.107232	   83.1920853    	17.36929512023926 47527.02441282012 -135 226.0866154261998 214.842529296875
-15.66665077209473 172.9998168945312 2	0.0008304617	-5.371335e-08	91.12075	9.547655	   77.0157089    	17.15764045715332 210158.1989045613 135 210.1574815474216 186.7322845458984
-11.3333215713501 139.6665191650391 3	0.00312079	-1.935353e-07	90.75871	19.80868	   83.9040604    	12.0545597076416 496274.7507418593 0 212.8183226960138 182.7165374755859
3.333329916000366 144.9998474121094 5	0.001403486	4.002388e-08	90.06392	3.982561	   85.9972839    	12.35498237609863 31540.25662347884 -90 217.2868904445482 196.7716522216797
7.333325862884521 109.6665496826172 6	0.0001646558	4.453779e-08	68.64457	18.6767	   84.5232086    	12.3549747467041 19079.50568399075 90 220.3402720860072 202.7952728271484
8.333324432373047 134.9998626708984 6	0.004075448	9.230312e-08	91.18908	5.553804	   85.6642990    	38.68363571166992 97891.73701499563 161.565051177078 214.0802722507053 190.7480316162109
18.99998092651367 140.9998474121094 7	0.0007571608	5.206665e-08	69.57354	3.419092	   77.3076096    	37.19281005859375 6489.524505832521 -161.565051177078 225.6850372314453 219.5275573730469
18.66664695739746 165.9998321533203 8	0.001453686	7.803096e-08	89.38067	5.776117	   68.0530930    	164.4972076416016 7814.332699681489 -102.9946167919165 225.4396362304688 216.8504028320312
12.99998664855957 314.6663513183594 8	0.0005839022	8.088399e-08	84.89028	15.28555	   71.1170502    	49.74413681030273 42824.28858686953 165.9637565320735 221.3471956253052 207.4803161621094
15.66665077209473 253.9997406005859 8	0.001557504	3.116878e-08	93.54424	2.472712	   90.0135803    	35.68774032592773 22488.58934671707 180 224.2125989128562 211.4960632324219
18.33331489562988 89.33323669433594 9	0.0002347516	4.836822e-08	97.86464	21.40024	   68.0226669    	59.53080368041992 666347.9815442751 36.86989764584402 217.6399492025375 197.4409484863281
9.99998950958252 336.9996337890625 9	0.0008609966	8.479991e-08	86.75895	11.65616	   69.7607040    	27.30192565917969 175865.5817039906 -153.434948822922 215.4294380774865 196.1023559570312
13.66665267944336 67.66659545898438 9	0.0006959696	4.854925e-08	87.45528	11.0783	   83.6779938    	17.20896530151367 214816.2229767915 45 220.2675215442729 203.4645690917969
16.66664886474609 134.9998626708984 10	0.003189815	1.46342e-07	73.80539	5.729543	   78.0479279    	48.96893692016602 6584.930949721966 165.9637565320735 230.2362213134766 224.2126007080078
20.99997901916504 88.99990844726562 10	0.00119661	7.557314e-08	75.74898	7.075798	   80.6143723    	12.35500621795654 443168.8869601115 90 217.4693924567603 194.7637786865234
15.9999828338623 127.9998626708984 11	0.0005843191	5.575093e-08	79.8148	7.435879	   71.1275482    	64.40776062011719 33022.52366495266 -158.1985905136482 216.5291357421875 195.4330749511719
0 66.66659545898438 11	0.000516539	5.242741e-08	94.81401	21.22846	   87.3945694    	34.94392013549805 673941.6862544104 135 212.6097317946176 182.0472412109375
-6.666659832000732 91.33323669433594 12	0.001710102	-4.480416e-08	98.1874	3.643099	   78.3373947    	82.40807342529297 436503.3638485327 -26.56505117707799 221.2363451004028 196.1023559570312
5.999993801116943 85.66658020019531 1	0.0002070173	5.503686e-08	81.0053	19.47395	   70.8253708    	27.4985523223877 249947.509185442 26.56505117707799 220.2773129822778 201.4566955566406
-5.999993801116943 85.33324432373047 1	0.001644555	-4.997491e-08	97.12193	7.408981	   87.0776062    	17.42740058898926 25962.24040321822 135 215.5822641473067 200.1181030273438
-7.333325862884521 75.333251953125 1	0.0002723847	-9.401575e-08	48.39212	14.32458	   87.4549179    	24.48887825012207 50407.31708595064 180 216.8323059082031 202.1259918212891
-7.333325862884521 87.66657257080078 3	0.0003392481	3.244605e-08	95.68864	22.39126	   98.0432739    	34.81527328491211 156683.6513835149 45 220.9127019467561 198.1102294921875
19.33331298828125 267.3330688476562 6	0.0001871064	2.005406e-08	88.19181	11.00641	   83.1386032    	23.31704711914062 57032.91480617148 180 217.656587080522 202.7952728271484
10.66665554046631 318.6663208007812 7	0.001631951	1.031038e-07	88.22872	8.443517	   69.1754990    	36.42429351806641 21594.86768120492 0 225.8021659851074 216.1810913085938
24.99997329711914 294.9996948242188 8	0.000356377	5.207339e-08	81.6879	15.213	   77.9809723    	50.65902709960938 296247.4276222553 104.0362434679265 220.9505081817883 199.4488220214844
10.9999885559082 329.9996643066406 8	0.01212994	3.182764e-07	96.38434	11.54671	   78.0188522    	17.31708335876465 558234.3874831836 -45 218.3199260545813 198.7795257568359
12.66665363311768 249.6664123535156 8	0.003396574	1.636432e-07	86.22409	10.1138	   76.0035019    	49.74509048461914 6705.335087313102 165.9637565320735 224.2126007080078 207.4803161621094
11.99998760223389 253.3330688476562 8	0.01336638	2.395743e-07	87.62639	4.936437	   80.0231628    	38.28167724609375 26863.04281180088 161.565051177078 220.2637794494629 204.8031463623047
21.6666431427002 143.3331909179688 8	0.000511328	3.314391e-08	86.25269	6.835835	   79.7657547    	57.41043853759766 5101.044510511724 0 229.3996047973633 226.2204742431641
9.33332347869873 244.6664123535156 9	7.861513e-05	-2.839046e-08	79.98211	14.90388	   64.6401520    	54.58155059814453 329281.789034466 153.434948822922 217.0982806044842 194.7637786865234
13.99998569488525 258.3330688476562 9	0.002295722	1.087789e-07	81.31961	7.86167	   80.1410217    	11.97164440155029 194464.3773666267 180 207.3748791838345 190.0787353515625
12.99998664855957 246.9997406005859 9	0.008482702	2.18951e-07	80.5053	5.272144	   79.4660263    	27.49352264404297 25439.09266005117 -116.565051177078 219.1400756835938 203.4645690917969
15.33331775665283 258.9997253417969 9	3.635236e-05	1.573497e-08	81.3699	31.26063	   92.4072571    	34.27523422241211 195895.173174861 135 223.6020978979162 198.7795257568359
-8.999990463256836 46.33328628540039 1	0.001884961	-7.615321e-08	93.69052	9.021145	   81.1808319    	192.7601165771484 145190.6850173295 -18.43494882292201 216.7753341532199 191.4173278808594
-13.33331966400146 90.99990844726562 4	6.191043e-05	1.431216e-08	81.76091	10.61465	   72.5061722    	12.02222156524658 252540.1649943212 180 217.3284603704221 194.7637786865234
-6.666659832000732 156.3331756591797 4	1.730509e-06	-7.63249e-10	81.36407	9.016039	   90.7347412    	34.83898544311523 137757.3855452104 135 213.3448984882619 197.4409484863281
12.33332061767578 261.6663818359375 5	0.002534207	4.440995e-08	91.99591	2.554264	   90.5803909    	50.86478042602539 85884.08652240461 104.0362434679265 223.1772892475128 207.4803161621094
9.33332347869873 131.6665344238281 6	0.001631875	9.437935e-08	83.08982	10.43987	   82.2172089    	24.38239097595215 108407.3012256238 0 211.0693904876709 194.7637786865234
11.99998760223389 263.9997253417969 7	0.01975411	2.406546e-07	92.4748	5.608464	   88.7442322    	27.49988555908203 61777.26061355523 116.565051177078 216.2247533383577 198.7795257568359
12.33332061767578 258.9997253417969 7	5.509625e-05	-1.108729e-08	77.98509	9.823174	   80.9344101    	70.91742706298828 32224.90661785544 -30.96375653207352 215.511812210083 197.4409484863281
14.99998474121094 242.6664123535156 7	0.0008315805	4.120422e-08	94.65779	6.469011	   75.5417938    	26.89214324951172 233607.3919180891 -153.434948822922 213.5647831830111 198.1102294921875
4.99999475479126 147.3331756591797 8	2.740147e-06	3.496325e-09	80.8568	23.318	   72.2641525    	98.46387481689453 996978.7193677861 0 213.6278805830842 186.7322845458984
17.99998092651367 135.3331909179688 8	0.0008525865	5.464135e-08	88.95368	7.318279	   72.7879333    	37.06489181518555 137279.9042776579 90 213.4975630987258 192.0866088867188
9.33332347869873 245.3330841064453 8	0.0002555382	3.618753e-08	64.01376	7.514639	   83.8046188    	24.38339042663574 33893.80653143724 180 220.3842529296875 204.1338653564453
9.99998950958252 344.3329772949219 8	0.001973064	1.613134e-07	86.47719	13.42612	   70.4982834    	17.31708335876465 266312.9484154129 135 215.569567995023 194.094482421875
14.66665172576904 244.9997406005859 8	0.0006335978	5.50297e-08	79.19009	9.154184	   78.9245834    	35.80178833007812 293510.9881898447 180 212.8831017955935 194.094482421875
14.66665172576904 142.6665191650391 9	0.001558193	5.877178e-08	76.6673	4.016965	   86.4668884    	37.89983749389648 274951.0981873042 18.43494882292201 222.8125849184783 204.8031463623047
15.66665077209473 155.3331756591797 9	0.002593214	5.29349e-08	90.36956	2.46199	   84.6926880    	49.41989898681641 9265.812117174637 90 224.4038282121931 212.8346557617188
18.99998092651367 66.66659545898438 9	0.0009202611	1.977611e-07	79.13356	10.82246	   49.8840828    	17.01147079467773 37674.21721055855 -135 211.911485869309 190.0787353515625
23.66664123535156 312.9996643066406 9	3.252621e-05	2.448288e-08	54.44823	12.32878	   70.8447266    	25.76034355163574 137122.8907481948 153.434948822922 221.5231538825079 203.4645690917969
9.99998950958252 233.6664276123047 10	0.000192647	-3.490829e-08	74.34215	12.29532	   78.5413742    	82.57687377929688 144722.3614956426 116.565051177078 223.8810825526157 207.4803161621094
15.66665077209473 257.9997253417969 10	0.001103806	9.224684e-08	68.62823	10.47124	   88.4741821    	26.79087448120117 60805.3677172491 153.434948822922 215.3081147567086 195.4330749511719
15.66665077209473 258.9997253417969 10	0.000556586	-3.049907e-08	82.59756	7.259345	   90.8136597    	43.35956573486328 33048.33319783703 146.3099324740202 219.6078735351562 199.4488220214844
11.66665458679199 258.9997253417969 11	0.001549419	1.303047e-07	93.28148	21.27152	   81.3357773    	43.94744873046875 6728.735470654412 -146.3099324740202 221.4015777587891 211.4960632324219
7.333325862884521 150.66650390625 11	0.001312991	8.543395e-08	88.45256	11.21299	   77.3922653    	0 1141241.078342855 0 213.1501237964858 186.06298828125
-9.666656494140625 55.99994277954102 12	0.001871035	-1.622306e-07	85.15434	11.42829	   66.0917358    	24.35928726196289 628263.0682006746 0 211.1657452090033 184.0551147460938
-13.33331966400146 135.6665191650391 2	0.001170298	-9.283725e-08	89.9698	20.34455	   89.1790237    	49.41989898681641 49433.76092883558 -90 215.6384339203706 190.7480316162109
-8.999990463256836 91.99990081787109 2	0.005645311	-1.288954e-07	99.0714	9.183518	   85.5426102    	27.54854202270508 713449.4008871259 -116.565051177078 214.6376619520296 187.4015808105469
-8.666657447814941 163.6664886474609 5	0.0007513031	-4.649909e-08	89.03011	11.03901	   86.0526276    	54.78630447387695 8148.651594624685 153.434948822922 220.0853017171224 205.4724426269531
7.333325862884521 147.9998474121094 5	0.002111955	3.97314e-08	95.49284	3.579935	   91.4864883    	34.78960418701172 66746.25878514034 45 218.4484987842793 202.1259918212891
14.99998474121094 69.99992370605469 5	0.002774075	8.219066e-08	85.2298	7.059235	   90.8680344    	12.35494232177734 144504.2544157044 -90 214.3267371501398 193.4252014160156
9.99998950958252 236.6664123535156 7	0.004085069	3.577902e-07	88.5396	19.74039	   69.0897903    	12.16755390167236 58167.6292396324 180 209.2235873909884 191.4173278808594
21.33331108093262 159.3331604003906 7	0.0006259922	-4.777363e-08	87.38135	13.8193	   88.4159927    	34.5250244140625 70362.17138997617 180 215.9498940207741 200.1181030273438
12.33332061767578 239.3330841064453 7	0.0004003391	4.347424e-08	80.47607	8.781727	   74.0033875    	12.07011795043945 67103.47983923847 180 213.4370086669922 192.0866088867188
17.66664886474609 135.6665191650391 8	0.003694813	9.64889e-08	95.31776	7.01327	   82.3591003    	11.77208042144775 154472.183963566 180 210.5828782421047 192.0866088867188
10.9999885559082 309.3330078125 8	0.006270425	1.661844e-07	89.15414	5.379283	   74.8205948    	27.52591705322266 14826.34502997069 -63.43494882292201 219.8317843350497 206.8110198974609
21.99997711181641 164.6664886474609 9	0.0002801071	-2.461262e-08	89.87637	7.423848	   74.3671341    	16.85747909545898 87882.53234096702 -135 219.2559630905373 197.4409484863281
11.99998760223389 319.3330078125 9	0.00109427	6.462074e-08	93.5913	6.380327	   66.6146469    	0 153107.010501803 0 213.6213572987339 198.1102294921875
12.33332061767578 256.6664123535156 9	0.002903462	9.805591e-08	91.97235	7.018703	   78.1502228    	17.26622009277344 16099.88811484618 45 218.6351737976074 205.4724426269531
14.33331871032715 250.9997406005859 10	0.002719851	1.209875e-07	87.46194	10.12951	   80.9622421    	27.44053268432617 93143.11102966683 116.565051177078 223.8301470075335 200.7873992919922
4.666661739349365 93.66657257080078 11	2.364345e-06	-1.996646e-09	96.86143	22.52728	   74.7886047    	193.0873718261719 1294920.440071563 116.565051177078 220.351466601408 193.4252014160156
6.666659832000732 124.999870300293 11	0.001019497	7.35232e-08	99.33632	18.26419	   82.6737213    	24.7099494934082 382925.6471684909 90 214.8306107164702 181.3779602050781
-11.66665458679199 77.99991607666016 12	0.0005938308	-6.204443e-08	90.08965	14.61705	   75.5822754    	49.9223747253418 9419.455612911217 -165.9637565320735 221.057366507394 210.8267669677734
-13.99998569488525 127.9998626708984 2	0.001948192	-1.317731e-07	85.0528	10.45264	   72.1400070    	11.97017288208008 221155.3549866528 0 219.2332327049899 193.4252014160156
-10.33332252502441 102.9998931884766 3	0.001274755	-9.835524e-08	88.38406	15.11646	   79.9975204    	61.46006393432617 263327.7515090831 53.13010235415598 216.4247944367238 198.1102294921875
-0.3333329856395721 69.33325958251953 4	0.000401554	-3.857121e-08	82.87669	13.98032	   89.8784027    	66.53340148925781 6868.982627168602 21.80140948635181 223.6771667480469 209.4881896972656
7.333325862884521 274.3330383300781 5	0.001402481	9.871913e-08	91.05205	14.3165	   78.3088303    	38.79504776000977 1372689.049008809 -18.43494882292201 217.9592409133911 190.7480316162109
13.33331966400146 256.6664123535156 6	0.0001679921	2.490417e-08	90.00015	14.36285	   77.8521194    	38.97342300415039 10690.45701998147 -108.434948822922 217.68701171875 208.1496124267578
28.99996948242188 273.6663818359375 8	1.371136e-05	4.671625e-09	92.14493	14.7494	   76.9601517    	24.92458534240723 43200.67431357094 -153.434948822922 218.5979885525174 208.1496124267578
24.33330726623535 147.6665191650391 8	1.599921e-05	4.296588e-09	92.57065	8.415287	   69.0533371    	36.08493041992188 162551.5026012727 18.43494882292201 219.9548764742338 196.7716522216797
22.6666431427002 135.6665191650391 8	0.001186722	9.535243e-08	84.43239	10.73146	   73.0739594    	11.3726110458374 22824.95237095316 180 222.0931786431207 206.1417388916016
14.99998474121094 258.9997253417969 8	0.01460898	2.238224e-07	83.57409	3.349105	   82.9633179    	54.89729690551758 197594.2622065958 -116.565051177078 212.3315555649316 192.7559051513672
18.33331489562988 299.9996948242188 8	0.001328421	9.67521e-08	86.82671	7.294259	   64.9079208    	42.93746185302734 135523.5064381133 146.3099324740202 213.1371154785156 195.4330749511719
13.33331966400146 143.6665191650391 8	0.0001807815	2.146214e-08	77.98622	8.923686	   83.8047791    	38.09946441650391 133572.3604657887 161.565051177078 219.059056854248 194.094482421875
18.33331489562988 328.6663208007812 8	0.0001890924	9.887372e-08	88.78078	25.13823	   52.5960655    	35.18341827392578 18259.25146080703 180 222.0613065447126 211.4960632324219
13.66665267944336 133.3331909179688 9	0.0004632493	2.386804e-08	85.71543	3.203598	   77.8335953    	17.22087860107422 791254.7417549033 -135 216.8312400535301 192.0866088867188
18.33331489562988 87.99990844726562 9	0.002227992	1.28641e-07	82.25104	11.00516	   80.3696594    	104.1912384033203 941780.5932401676 125.5376777919744 215.9647853703789 185.3937072753906
14.33331871032715 244.9997406005859 9	0.003104644	1.14342e-07	99.63927	9.429494	   74.6184464    	34.38010787963867 268749.9663495339 135 215.9259771214853 192.0866088867188
10.9999885559082 255.3330688476562 10	0.01769733	3.275549e-07	94.19169	6.461493	   74.5925598    	12.11433696746826 59301.45153747544 180 218.9799575805664 202.1259918212891
