1.466665172576903942e+01 2.626663818359375000e+02 6.000000000000000000e+00 1.020838999999999948e-02 2.356400000000000110e-07 8.150874000000000308e+01 6.862243000000000315e+00 8.596770480000000703e+01 1.195266437530517933e+01 7.171921949664270505e+04 1.800000000000000000e+02 2.174577147872360001e+02 2.001181030273438068e+02 
9.666656494140625000e+00 2.616663818359375000e+02 7.000000000000000000e+00 2.621102999999999975e-02 7.453121000000000423e-07 7.703583999999999321e+01 8.791710999999999387e+00 7.527978520000000628e+01 7.827808380126953125e+01 1.597286125547240081e+05 3.865980825409008759e+01 2.209795821884931115e+02 1.974409484863280966e+02 
2.833330345153808949e+01 2.986663513183593750e+02 7.000000000000000000e+00 4.013372000000000293e-03 3.866597000000000196e-07 5.763067000000000206e+01 8.695624000000000464e+00 7.448686979999999380e+01 1.647065353393555043e+01 8.473226791094269720e+04 -4.500000000000000000e+01 2.161715427943638019e+02 2.041338653564453125e+02 
1.099998855590819957e+01 2.606663818359375000e+02 8.000000000000000000e+00 8.731638999999999373e-03 6.536489000000000133e-07 6.543223999999999307e+01 1.190672999999999959e+01 7.266984560000000215e+01 0.000000000000000000e+00 1.226489636426513025e+05 0.000000000000000000e+00 2.150263913332761092e+02 1.940944824218750000e+02 
1.099998855590819957e+01 2.643330688476561932e+02 9.000000000000000000e+00 1.429449999999999991e-02 6.815570999999999852e-07 7.553529000000000337e+01 9.864926000000000528e+00 6.806878659999999570e+01 3.460639572143554688e+01 3.371574096927770734e+04 1.350000000000000000e+02 2.193401586914062875e+02 2.081496124267578125e+02 
1.299998664855957031e+01 2.663330688476561932e+02 6.000000000000000000e+00 1.766671000000000004e-06 1.343381000000000078e-09 7.385773000000000366e+01 9.741949999999999221e+00 7.778295140000000174e+01 3.452282333374022727e+01 6.694728959808662694e+03 -1.350000000000000000e+02 2.169842529296875000e+02 2.081496124267578125e+02 
6.999992847442626953e+00 2.643330688476561932e+02 7.000000000000000000e+00 2.372113999999999820e-03 3.201406000000000126e-07 5.278484999999999872e+01 6.178421000000000163e+00 6.811211400000000538e+01 2.450739097595214844e+01 5.452286976415416575e+03 0.000000000000000000e+00 2.292322845458984091e+02 2.242126007080078125e+02 
2.799997138977051137e+01 2.756663818359375000e+02 8.000000000000000000e+00 4.894884999999999861e-03 1.633891000000000003e-07 7.980055000000000121e+01 8.066594000000000264e+00 8.642026520000000289e+01 4.092568969726561789e+01 4.973933573948704725e+04 3.369006752597979215e+01 2.224006165295112112e+02 2.074803161621094034e+02 
1.299998664855957031e+01 3.259996643066406250e+02 8.000000000000000000e+00 1.646993999999999889e-02 6.644615000000000502e-07 8.378911999999999694e+01 9.399570000000000647e+00 6.413143159999999909e+01 1.725592422485351918e+01 2.410344612861506175e+04 -4.500000000000000000e+01 2.235061230129666114e+02 2.101574859619140909e+02 
1.099998855590819957e+01 3.116663513183593750e+02 9.000000000000000000e+00 2.123995000000000050e-02 7.070957999999999835e-07 7.434278999999999371e+01 9.050387999999999877e+00 7.534893040000000042e+01 5.003370666503906250e+01 1.886234793896763877e+05 -1.659637565320734893e+02 2.166974138532366112e+02 1.974409484863280966e+02 
2.066664505004883168e+01 3.119996643066406250e+02 9.000000000000000000e+00 7.077786999999999664e-05 -3.723076999999999716e-08 5.970530000000000115e+01 1.382034999999999947e+01 7.088191220000000214e+01 2.728075027465819957e+01 1.492299349224856123e+05 1.165650511770780042e+02 2.138385843737372056e+02 1.961023559570311932e+02 
1.466665172576903942e+01 2.676663818359375000e+02 9.000000000000000000e+00 4.057920999999999924e-03 2.092267999999999873e-07 8.304416999999999405e+01 1.265127000000000024e+01 8.015793610000000058e+01 3.795143890380858664e+01 6.377157072305962356e+04 -1.615650511770780042e+02 2.151213935216267998e+02 1.934252014160155966e+02 
9.999989509582519531e+00 2.676663818359375000e+02 1.000000000000000000e+01 4.169305999999999707e-02 8.412804000000000480e-07 9.211821000000000481e+01 9.067052999999999585e+00 6.984400940000000446e+01 3.901633453369141336e+01 1.623085504622938970e+04 -1.084349488229219958e+02 2.205314979553222940e+02 2.027952728271484091e+02 
1.266665363311767933e+01 2.606663818359375000e+02 7.000000000000000000e+00 1.676257999999999915e-03 8.767043999999999819e-08 8.144356000000000506e+01 8.202489999999999171e+00 8.128034209999999860e+01 2.707635688781737926e+01 1.876469550493400893e+05 1.534349488229219958e+02 2.075089991978236981e+02 1.874015808105469034e+02 
9.999989509582519531e+00 2.626663818359375000e+02 7.000000000000000000e+00 4.002875000000000183e-02 1.044115999999999898e-06 8.671837999999999624e+01 1.163612999999999964e+01 7.147589109999999835e+01 1.734418296813964844e+01 5.729797306545292959e+05 4.500000000000000000e+01 2.123468844215825015e+02 1.874015808105469034e+02 
1.233332061767577947e+01 2.719997253417968750e+02 8.000000000000000000e+00 2.426162000000000110e-02 8.583595999999999962e-07 8.231766000000000361e+01 1.436894999999999989e+01 7.608017730000000256e+01 5.186323928833007812e+01 7.130674323887046194e+05 -1.350000000000000000e+02 2.126849367242110134e+02 1.827165374755859091e+02 
2.599997329711914062e+01 2.703330383300781250e+02 8.000000000000000000e+00 2.951640000000000166e-03 -2.302859000000000094e-07 7.318358999999999526e+01 1.441290000000000049e+01 8.196366120000000421e+01 5.082761383056641336e+01 1.936311694697414932e+05 -1.534349488229219958e+02 2.213094946988829008e+02 2.068110198974609091e+02 
1.566665077209473012e+01 3.303329772949218750e+02 8.000000000000000000e+00 1.214025000000000000e-02 6.065714999999999996e-07 8.440891000000000588e+01 1.375699999999999967e+01 6.889308929999999975e+01 4.340713119506835938e+01 1.057536590648027959e+04 -1.463099324740202007e+02 2.215354347229003906e+02 2.094881896972655966e+02 
1.499998474121093928e+01 3.313329772949218750e+02 9.000000000000000000e+00 1.089035000000000003e-02 5.764304999999999946e-07 7.618725999999999487e+01 1.096618999999999922e+01 6.947669980000000578e+01 3.784706115722656250e+01 1.989203512538678115e+04 1.615650511770780042e+02 2.219816284179688068e+02 2.094881896972655966e+02 
1.799998092651366832e+01 2.796663818359375000e+02 1.000000000000000000e+01 7.048450000000000375e-03 2.524453000000000113e-07 8.529907000000000039e+01 1.227026000000000039e+01 8.444128419999999835e+01 1.174958515167235973e+01 2.309823157708139915e+05 0.000000000000000000e+00 2.146534561760680901e+02 1.874015808105469034e+02 
8.333324432373046875e+00 2.616663818359375000e+02 7.000000000000000000e+00 1.378375000000000086e-02 7.362106999999999976e-07 8.365318000000000609e+01 1.302752000000000088e+01 6.447209169999999290e+01 5.210734176635742188e+01 2.446166582122598993e+04 1.350000000000000000e+02 2.210892418755425126e+02 2.094881896972655966e+02 
2.866663742065430043e+01 2.693330383300781250e+02 8.000000000000000000e+00 3.529603999999999825e-05 -1.081302000000000037e-08 7.703055000000000518e+01 9.497851999999999961e+00 7.073995209999999645e+01 1.235506916046142933e+01 1.351539200003140140e+05 -9.000000000000000000e+01 2.057772083282470987e+02 1.900787353515625000e+02 
1.399998569488525035e+01 3.389996337890625000e+02 8.000000000000000000e+00 1.462081999999999965e-02 6.713359999999999705e-07 8.571389999999999532e+01 1.214137000000000022e+01 6.546468350000000669e+01 2.470994949340819957e+01 6.928483713750087190e+04 -9.000000000000000000e+01 2.166058464050292969e+02 1.994488220214844034e+02 
1.066665554046631037e+01 2.989996948242188068e+02 8.000000000000000000e+00 1.677025999999999864e-02 6.250297000000000027e-07 7.720772999999999797e+01 1.214100000000000001e+01 7.884393310000000099e+01 1.235497474670409979e+01 6.751770413405827640e+03 -9.000000000000000000e+01 2.278267761230468977e+02 2.248818969726561932e+02 
1.466665172576903942e+01 3.203330078125000000e+02 8.000000000000000000e+00 1.441593000000000041e-02 7.235518000000000085e-07 8.905813000000000557e+01 1.332461999999999946e+01 6.253889850000000195e+01 3.789983749389647727e+01 6.242786577633916022e+04 1.615650511770780042e+02 2.119802314271317982e+02 1.954330749511719034e+02 
1.299998664855957031e+01 2.619997253417968750e+02 8.000000000000000000e+00 6.163677000000000218e-03 4.389648000000000027e-07 9.771393999999999380e+01 1.782148000000000110e+01 6.200548169999999715e+01 3.606565856933593750e+01 1.245873651513020042e+06 1.800000000000000000e+02 2.104784822914222104e+02 1.860629882812500000e+02 
2.199997711181640980e+01 2.679997253417968750e+02 9.000000000000000000e+00 1.807701000000000099e-02 6.434028000000000497e-07 8.456029999999999802e+01 1.259268999999999927e+01 7.373622890000000041e+01 1.145371913909911932e+01 2.695481424095067778e+05 0.000000000000000000e+00 2.197043544841262133e+02 1.967716522216796875e+02 
1.199998760223389027e+01 3.103330078125000000e+02 9.000000000000000000e+00 1.612227999999999925e-02 2.804693000000000245e-07 9.380201999999999884e+01 6.873226999999999975e+00 7.977266690000000438e+01 7.359831237792968750e+01 8.736502888261764019e+04 -1.705376777919744029e+02 2.194760758620041941e+02 2.054724426269530966e+02 
1.466665172576903942e+01 3.299996643066406250e+02 9.000000000000000000e+00 5.335031999999999969e-03 4.917102999999999769e-07 7.287149999999999750e+01 1.444725999999999999e+01 6.868387599999999793e+01 3.440583038330078125e+01 3.987528887317587942e+04 -1.350000000000000000e+02 2.122099736531575900e+02 1.987795257568359091e+02 
1.233332061767577947e+01 2.653330688476561932e+02 9.000000000000000000e+00 3.224186999999999886e-02 7.581447000000000403e-07 7.892202000000000339e+01 8.242884999999999351e+00 7.653548429999999314e+01 3.823714828491210938e+01 3.191922531498168828e+05 -1.615650511770780042e+02 2.168897653146952109e+02 1.947637786865234091e+02 
7.999991416931152344e+00 3.173330078125000000e+02 9.000000000000000000e+00 3.048893000000000089e-02 6.866660000000000423e-07 7.522189000000000192e+01 7.357039999999999580e+00 8.011530299999999727e+01 2.756432723999023082e+01 3.943401188048811164e+05 1.165650511770780042e+02 2.190890592903926120e+02 1.947637786865234091e+02 
1.166665458679199041e+01 3.229996643066406250e+02 7.000000000000000000e+00 1.477940999999999977e-02 8.442364999999999510e-07 8.019449000000000183e+01 1.345063999999999993e+01 6.506493380000000570e+01 7.795108795166015625e+01 6.725366481042434316e+03 7.156505117707799002e+01 2.260866180419922102e+02 2.175196838378905966e+02 
1.299998664855957031e+01 2.616663818359375000e+02 7.000000000000000000e+00 3.535292999999999769e-02 7.237410999999999611e-07 8.999496000000000606e+01 1.171260999999999974e+01 7.955632780000000537e+01 2.704669189453125000e+01 1.177329817485818930e+05 1.534349488229219958e+02 2.125152117989279930e+02 1.940944824218750000e+02 
1.433331871032715021e+01 3.216663208007811932e+02 7.000000000000000000e+00 5.194747000000000427e-03 5.513151999999999947e-07 7.269073000000000206e+01 1.248664999999999914e+01 6.095748520000000070e+01 3.795143890380858664e+01 6.651089264951838413e+04 1.615650511770780042e+02 2.191795275878905898e+02 2.061417388916015909e+02 
1.333331966400145951e+01 2.619997253417968750e+02 8.000000000000000000e+00 2.305895999999999987e-03 1.382079999999999893e-07 6.804842999999999620e+01 6.792469999999999786e+00 8.165943149999999662e+01 5.086878967285156250e+01 1.777536871687211969e+05 -1.040362434679264965e+02 2.198596898129111992e+02 2.014566955566405966e+02 
1.399998569488525035e+01 2.633330688476561932e+02 9.000000000000000000e+00 4.187826999999999869e-03 1.581151000000000021e-07 8.271108999999999867e+01 8.692503000000000313e+00 8.231118010000000140e+01 1.235497474670409979e+01 1.720216168159572117e+05 -9.000000000000000000e+01 2.125492899103682021e+02 1.927559051513671875e+02 
1.266665363311767933e+01 3.183330078125000000e+02 9.000000000000000000e+00 1.554571000000000078e-02 5.061284000000000126e-07 8.575806000000000040e+01 7.627963000000000271e+00 6.606951139999999612e+01 3.898302459716796875e+01 5.363230134449245270e+03 -1.084349488229219958e+02 2.300688972473145100e+02 2.255511779785155966e+02 
1.266665363311767933e+01 2.663330688476561932e+02 9.000000000000000000e+00 1.196559999999999985e-02 3.897569999999999874e-07 9.261384999999999934e+01 1.119790000000000063e+01 7.224955749999999455e+01 1.724461746215819957e+01 4.420753018748932664e+04 4.500000000000000000e+01 2.201968527129201902e+02 1.967716522216796875e+02 
1.166665458679199041e+01 3.179996643066406250e+02 1.000000000000000000e+01 4.520597000000000113e-04 1.666277999999999907e-07 5.512136999999999887e+01 1.611674999999999969e+01 7.159549710000000289e+01 2.470994949340819957e+01 6.725457501074002721e+03 -9.000000000000000000e+01 2.274252014160155966e+02 2.228740234375000000e+02 
1.833331489562987926e+01 2.676663818359375000e+02 1.000000000000000000e+01 5.759057999999999842e-04 6.211819000000000178e-08 7.415129000000000303e+01 8.366493999999999431e+00 7.472649380000000008e+01 2.734176063537598012e+01 3.520908675295407738e+04 1.165650511770780042e+02 2.152887143735532050e+02 1.987795257568359091e+02 
9.999989509582519531e+00 2.616663818359375000e+02 1.000000000000000000e+01 1.484546999999999950e-02 5.916407000000000205e-07 7.669334000000000628e+01 8.419776000000000593e+00 6.928974909999999454e+01 3.464415740966796875e+01 1.176332383756870986e+05 1.350000000000000000e+02 2.162503409550108131e+02 1.967716522216796875e+02 
1.366665267944335938e+01 2.629997253417968750e+02 6.000000000000000000e+00 8.901475000000000706e-03 4.499366000000000189e-07 6.759663999999999362e+01 1.077214999999999989e+01 8.235858149999999966e+01 2.698700523376464844e+01 3.497486731605143286e+05 1.534349488229219958e+02 2.094677534030593904e+02 1.867322845458984091e+02 
1.666664886474609020e+01 2.843330383300781250e+02 8.000000000000000000e+00 4.564972999999999839e-04 1.246319000000000084e-07 6.889306000000000552e+01 1.712194999999999823e+01 6.814562229999999943e+01 2.367144012451171875e+01 7.766879629018860578e+04 1.800000000000000000e+02 2.194594972254865866e+02 2.048031463623046875e+02 
9.333323478698730469e+00 3.306663208007811932e+02 8.000000000000000000e+00 3.534860999999999819e-03 2.801916000000000034e-07 7.593738999999999351e+01 1.072625999999999991e+01 6.818511200000000372e+01 3.473030853271483664e+01 1.057486993782202044e+05 -1.350000000000000000e+02 2.172279436160355885e+02 2.034645690917969034e+02 
1.166665458679199041e+01 3.163330078125000000e+02 8.000000000000000000e+00 2.264675999999999842e-02 9.635842000000000450e-07 7.740479999999999450e+01 1.412773999999999930e+01 7.413701629999999909e+01 6.294146728515625000e+01 2.622963598738753935e+05 1.013099324740202007e+02 2.249608337402343921e+02 2.081496124267578125e+02 
1.399998569488525035e+01 3.296663208007811932e+02 9.000000000000000000e+00 1.456103000000000085e-02 7.802788000000000373e-07 7.913260999999999967e+01 1.317506000000000022e+01 6.771199799999999414e+01 6.132565307617188211e+01 4.797300887416374753e+05 -1.686900675259797993e+02 2.197599533504910028e+02 1.954330749511719034e+02 
1.566665077209473012e+01 3.163330078125000000e+02 9.000000000000000000e+00 6.558592000000000241e-03 7.095324000000000517e-07 6.725806000000000040e+01 1.632849999999999824e+01 6.972554780000000108e+01 2.379151725769042969e+01 1.838678701601669891e+05 1.800000000000000000e+02 2.169226209242567052e+02 1.927559051513671875e+02 
9.333323478698730469e+00 2.633330688476561932e+02 6.000000000000000000e+00 1.222277000000000086e-02 5.062934000000000144e-07 8.287443000000000382e+01 1.860368000000000066e+01 8.711992650000000538e+01 4.434572982788085938e+01 1.423371006375224970e+05 1.236900675259797993e+02 2.199928764706565971e+02 1.967716522216796875e+02 
1.299998664855957031e+01 3.383329772949218750e+02 8.000000000000000000e+00 1.290984000000000055e-02 7.640918000000000261e-07 7.795181999999999789e+01 1.138652000000000086e+01 6.325129319999999922e+01 2.404345321655273082e+01 4.551549909481716895e+04 1.800000000000000000e+02 2.172834670122931868e+02 2.014566955566405966e+02 
2.633330535888671875e+01 3.043330078125000000e+02 9.000000000000000000e+00 3.870517999999999875e-03 5.442066999999999678e-07 5.407627999999999702e+01 1.306437000000000026e+01 7.604373169999999504e+01 1.235494232177734020e+01 1.389573236804206099e+05 -9.000000000000000000e+01 2.130774865614629050e+02 1.947637786865234091e+02 
2.366664123535155895e+01 3.136663513183593750e+02 9.000000000000000000e+00 1.893979999999999915e-04 -9.979608000000000142e-08 5.486200000000000188e+01 1.607723000000000013e+01 6.948202510000000132e+01 2.716574859619140980e+01 1.598729148380506958e+05 6.343494882292200998e+01 2.146369911253921998e+02 2.007873992919921875e+02 
1.366665267944335938e+01 2.606663818359375000e+02 1.000000000000000000e+01 1.348529000000000047e-02 5.265755999999999682e-07 8.955312000000000694e+01 1.520068000000000019e+01 7.507324979999999925e+01 4.941992950439453125e+01 5.335831715321342017e+03 -9.000000000000000000e+01 2.257185058593750000e+02 2.201968536376953125e+02 
1.233332061767577947e+01 3.213330078125000000e+02 1.000000000000000000e+01 4.893261999999999785e-03 3.554456999999999890e-07 7.930616000000000554e+01 1.431419999999999959e+01 7.185890960000000405e+01 1.726690864562987926e+01 9.253504958614463976e+04 1.350000000000000000e+02 2.223987238787223077e+02 2.088188934326171875e+02 
1.533331775665283025e+01 2.676663818359375000e+02 6.000000000000000000e+00 1.820039000000000075e-03 1.329257000000000056e-07 6.830051000000000272e+01 6.808116000000000057e+00 7.671481319999999471e+01 5.155184936523438211e+01 7.951493976210256733e+03 -4.500000000000000000e+01 2.212007878621419081e+02 2.101574859619140909e+02 
1.166665458679199041e+01 2.663330688476561932e+02 7.000000000000000000e+00 3.565108000000000166e-02 5.476319000000000507e-07 9.569691000000000258e+01 9.634729000000000099e+00 8.065536500000000331e+01 1.235497474670409979e+01 1.049209428256706015e+05 -9.000000000000000000e+01 2.220502736018254097e+02 1.994488220214844034e+02 
2.733330535888671875e+01 2.989996948242188068e+02 7.000000000000000000e+00 2.261608000000000021e-03 -2.922429000000000129e-07 5.229943000000000097e+01 8.398994000000000071e+00 7.715563199999999711e+01 2.521827888488769887e+01 2.319856574696911048e+04 -1.534349488229219958e+02 2.219933728669819004e+02 2.108267669677734091e+02 
9.999989509582519531e+00 3.283329772949218750e+02 8.000000000000000000e+00 4.688908999999999785e-03 3.495257999999999917e-07 8.028852999999999440e+01 1.582083000000000084e+01 7.345347599999999488e+01 2.433610343933105113e+01 1.353066546522805947e+04 1.800000000000000000e+02 2.254842514038085994e+02 2.161810913085938068e+02 
1.099998855590819957e+01 2.643330688476561932e+02 6.000000000000000000e+00 3.205667000000000239e-02 4.340148999999999936e-07 9.880566000000000315e+01 1.091774000000000022e+01 8.834525299999999959e+01 1.731777954101562145e+01 7.571380440454229247e+05 -1.350000000000000000e+02 2.149592294659055085e+02 1.920866088867188068e+02 
9.999989509582519531e+00 3.223330078125000000e+02 8.000000000000000000e+00 1.294909999999999985e-02 3.526708999999999767e-07 9.053212000000000614e+01 7.791488000000000191e+00 7.097988130000000240e+01 2.725845336914062145e+01 3.245323704140104019e+04 1.534349488229219958e+02 2.200295295715332031e+02 2.041338653564453125e+02 
1.966664695739746094e+01 3.103330078125000000e+02 8.000000000000000000e+00 1.321278000000000057e-04 7.304323999999999808e-08 5.492425000000000068e+01 1.191548000000000052e+01 6.407361600000000124e+01 2.632332229614258168e+01 7.897293722821577103e+04 1.534349488229219958e+02 2.194178401759413077e+02 2.081496124267578125e+02 
2.366664123535155895e+01 2.956663513183593750e+02 9.000000000000000000e+00 1.646012999999999990e-03 3.077844999999999858e-07 5.851104999999999734e+01 1.743364000000000047e+01 7.889330289999999479e+01 5.985642242431641336e+01 1.897471535579909978e+05 1.268698976458440058e+02 2.152104096065293959e+02 1.981102294921875000e+02 
9.999989509582519531e+00 2.643330688476561932e+02 9.000000000000000000e+00 2.989545000000000136e-03 3.015066000000000060e-07 7.934987999999999886e+01 1.564495999999999931e+01 6.856089020000000289e+01 1.734488296508789062e+01 3.097961800016529742e+05 -4.500000000000000000e+01 2.210999563958447141e+02 1.974409484863280966e+02 
1.166665458679199041e+01 2.789996948242188068e+02 9.000000000000000000e+00 1.661003999999999953e-02 1.005375999999999910e-06 7.925466000000000122e+01 1.669733000000000089e+01 6.838818360000000496e+01 1.235497474670409979e+01 2.272824996753126907e+05 9.000000000000000000e+01 2.179513590434598882e+02 1.934252014160155966e+02 
1.166665458679199041e+01 2.636663818359375000e+02 8.000000000000000000e+00 2.430211999999999997e-02 8.889222000000000346e-07 7.185765000000000668e+01 1.177591999999999928e+01 7.949910739999999976e+01 1.728808784484862926e+01 4.182260878268164815e+05 -4.500000000000000000e+01 2.134479848487584093e+02 1.940944824218750000e+02 
1.099998855590819957e+01 3.213330078125000000e+02 8.000000000000000000e+00 3.025773000000000004e-02 8.850831000000000039e-07 8.865180999999999756e+01 1.174220000000000041e+01 6.940160369999999546e+01 4.941989898681641336e+01 8.087394867158314446e+04 9.000000000000000000e+01 2.202860913594564067e+02 2.034645690917969034e+02 
1.899998092651366832e+01 2.683330383300781250e+02 8.000000000000000000e+00 3.515722000000000205e-03 2.088834999999999924e-07 7.909529999999999461e+01 7.787011999999999823e+00 6.834480290000000480e+01 1.235494232177734020e+01 3.895935771164314065e+04 9.000000000000000000e+01 2.143517079671223939e+02 1.987795257568359091e+02 
8.999990463256835938e+00 3.293329772949218750e+02 9.000000000000000000e+00 3.375671999999999701e-02 5.830178999999999944e-07 9.336661999999999750e+01 9.418872000000000355e+00 7.809769439999999463e+01 4.413873672485352273e+01 2.034639385991004019e+04 3.369006752597979215e+01 2.195721791585287122e+02 2.108267669677734091e+02 
1.866664695739746094e+01 2.783330383300781250e+02 9.000000000000000000e+00 9.643574999999999500e-04 -1.299011000000000117e-07 7.003121000000000151e+01 1.476899000000000051e+01 7.930883029999999678e+01 5.472253799438477273e+01 1.950762677083552990e+04 -6.343494882292200998e+01 2.283175862630207860e+02 2.242126007080078125e+02 
1.399998569488525035e+01 3.393329772949218750e+02 9.000000000000000000e+00 5.398393999999999936e-03 4.183286000000000181e-07 7.732752999999999588e+01 1.438354999999999961e+01 7.032794189999999901e+01 1.719670677185058949e+01 8.257524194306330173e+04 1.350000000000000000e+02 2.171418607158045972e+02 1.994488220214844034e+02 
2.299997520446776988e+01 2.819996948242188068e+02 8.000000000000000000e+00 8.825506000000000201e-06 -3.949708999999999683e-09 6.759614999999999441e+01 7.289436000000000249e+00 7.755870819999999810e+01 2.590870094299316051e+01 1.265210949922423060e+04 -1.534349488229219958e+02 2.212007904052734091e+02 2.128346557617188068e+02 
1.066665554046631037e+01 3.266663208007811932e+02 8.000000000000000000e+00 1.087595000000000055e-02 5.391424999999999588e-07 8.421573999999999671e+01 1.313954999999999984e+01 6.937696839999999554e+01 1.211433696746825994e+01 2.981263718230811064e+05 1.800000000000000000e+02 2.226408248141879938e+02 2.048031463623046875e+02 
1.233332061767577947e+01 3.379996337890625000e+02 8.000000000000000000e+00 1.243877999999999998e-02 8.416259999999999952e-07 7.263428999999999292e+01 1.446799000000000035e+01 6.988085940000000562e+01 2.750032043457030895e+01 7.110448715116527455e+04 -1.165650511770780042e+02 2.181005787399579958e+02 2.021259918212890909e+02 
1.133332157135009943e+01 3.123330078125000000e+02 9.000000000000000000e+00 3.678001999999999660e-02 7.642847000000000146e-07 8.105840999999999497e+01 1.012883000000000067e+01 8.280541230000000041e+01 3.832411193847656250e+01 2.302929283740620886e+05 1.615650511770780042e+02 2.180050204092995898e+02 2.001181030273438068e+02 
7.333325862884520596e+00 3.313329772949218750e+02 1.000000000000000000e+01 2.311370999999999912e-02 7.513322000000000314e-07 7.276895000000000380e+01 9.622438000000000713e+00 7.834257510000000480e+01 3.670404815673828125e+01 3.021750065894122235e+05 1.800000000000000000e+02 2.181045626391162102e+02 2.021259918212890909e+02 
1.266665363311767933e+01 3.083330078125000000e+02 1.000000000000000000e+01 2.130640999999999959e-03 1.693613000000000066e-07 5.986628000000000327e+01 4.864620000000000388e+00 7.529242709999999761e+01 2.707547760009765980e+01 1.649074856127852981e+05 1.534349488229219958e+02 2.186079649886465006e+02 2.007873992919921875e+02 
1.266665363311767933e+01 2.619997253417968750e+02 6.000000000000000000e+00 4.093948000000000031e-02 5.307399999999999998e-07 8.978148000000000195e+01 8.717888000000000304e+00 8.857796480000000372e+01 1.235500621795653942e+01 1.446951074038755032e+05 9.000000000000000000e+01 2.090296021920663065e+02 1.894094543457030966e+02 
3.999995708465576172e+00 3.276663208007811932e+02 7.000000000000000000e+00 1.109063000000000063e-02 -4.127322000000000038e-07 7.723493999999999460e+01 1.124071999999999960e+01 8.219617460000000619e+01 4.941992950439453125e+01 4.999704534020504798e+05 9.000000000000000000e+01 2.191901643517898890e+02 2.014566955566405966e+02 
1.166665458679199041e+01 3.013330078125000000e+02 7.000000000000000000e+00 3.117193000000000047e-02 7.182576000000000034e-07 8.922186000000000661e+01 1.088094000000000072e+01 7.525660709999999654e+01 6.126482009887695312e+01 1.748697263850240051e+04 1.268698976458440058e+02 2.234918248103215035e+02 2.128346557617188068e+02 
1.233332061767577947e+01 3.379996337890625000e+02 8.000000000000000000e+00 2.162110000000000073e-02 6.944093999999999765e-07 7.979492999999999370e+01 1.023559999999999981e+01 7.418593599999999810e+01 2.707547760009765980e+01 1.635825637776161893e+05 -1.534349488229219958e+02 2.209264882822506024e+02 2.027952728271484091e+02 
1.366665267944335938e+01 2.676663818359375000e+02 6.000000000000000000e+00 1.566642999999999855e-02 2.295862000000000127e-07 9.819839000000000340e+01 8.524323000000000761e+00 8.877873990000000504e+01 3.445426559448242188e+01 1.668074309377232858e+05 1.350000000000000000e+02 2.207537030029297114e+02 1.994488220214844034e+02 
1.066665554046631037e+01 3.099996643066406250e+02 7.000000000000000000e+00 5.779005999999999726e-03 2.951551000000000169e-07 7.881982000000000710e+01 1.013347000000000087e+01 7.395558169999999620e+01 1.214176845550536932e+01 1.484323435100726056e+04 1.800000000000000000e+02 2.282891928932882877e+02 2.188582763671875000e+02 
1.266665363311767933e+01 2.733330383300781250e+02 7.000000000000000000e+00 1.079524999999999929e-02 4.989418999999999502e-07 7.607398999999999489e+01 1.378814999999999991e+01 8.111943050000000710e+01 4.968242645263671875e+01 1.031781055865070957e+05 1.659637565320734893e+02 2.155987330845424026e+02 1.981102294921875000e+02 
1.233332061767577947e+01 2.636663818359375000e+02 9.000000000000000000e+00 1.696659999999999835e-02 4.679169999999999938e-07 8.393492999999999427e+01 1.089868000000000059e+01 8.096894070000000454e+01 4.980519866943358664e+01 3.395996375929118949e+05 1.659637565320734893e+02 2.146546957144153112e+02 1.954330749511719034e+02 
9.999989509582519531e+00 2.653330688476561932e+02 9.000000000000000000e+00 2.255547000000000107e-02 7.210089999999999945e-07 9.351733000000000118e+01 1.133540999999999954e+01 6.526648710000000619e+01 1.734488296508789062e+01 2.691773399034328177e+05 1.350000000000000000e+02 2.208123305430964081e+02 1.974409484863280966e+02 
1.399998569488525035e+01 2.613330688476561932e+02 7.000000000000000000e+00 3.326761000000000301e-02 4.861212000000000265e-07 9.514247000000000298e+01 1.068990999999999936e+01 8.712998199999999827e+01 2.747199058532714844e+01 1.000078453442792961e+05 -1.165650511770780042e+02 2.202325469970703011e+02 2.007873992919921875e+02 
1.233332061767577947e+01 2.623330688476561932e+02 8.000000000000000000e+00 1.233594000000000010e-02 4.202813999999999983e-07 7.261033999999999367e+01 7.949836999999999598e+00 8.024116519999999753e+01 1.208526802062987926e+01 7.919947445583761146e+04 1.800000000000000000e+02 2.142980129435910897e+02 2.001181030273438068e+02 
2.699997138977051137e+01 2.746663818359375000e+02 8.000000000000000000e+00 1.593961000000000076e-03 1.700389000000000126e-07 6.471613000000000682e+01 1.288995000000000068e+01 8.414671330000000182e+01 4.132360458374022727e+01 9.418492741756592295e+04 -1.463099324740202007e+02 2.208574514017477100e+02 2.088188934326171875e+02 
1.633331680297851918e+01 3.159996643066406250e+02 8.000000000000000000e+00 4.278062000000000011e-03 5.288956999999999970e-07 8.800084999999999980e+01 2.074368000000000123e+01 5.935843659999999744e+01 7.507276153564453125e+01 1.225773644136076036e+05 1.615650511770780042e+02 2.186207790579846915e+02 2.001181030273438068e+02 
1.333331966400145951e+01 3.279996643066406250e+02 8.000000000000000000e+00 2.450103000000000003e-02 8.699103000000000151e-07 8.775175000000000125e+01 1.218495000000000061e+01 6.681010440000000017e+01 3.606565856933593750e+01 6.686205039118230343e+04 1.800000000000000000e+02 2.244000015258789062e+02 2.101574859619140909e+02 
8.333324432373046875e+00 3.363329772949218750e+02 9.000000000000000000e+00 8.580216999999999358e-03 4.985600000000000386e-07 8.028623000000000332e+01 1.497010000000000041e+01 7.356668849999999793e+01 6.106886672973632812e+01 3.747857614537210902e+05 1.800000000000000000e+02 2.170298428189927051e+02 2.007873992919921875e+02 
1.266665363311767933e+01 3.329996643066406250e+02 9.000000000000000000e+00 1.717797999999999894e-02 8.192577999999999524e-07 7.222019000000000233e+01 1.025248999999999988e+01 6.993191530000000000e+01 2.707547760009765980e+01 8.978922950851455971e+04 1.534349488229219958e+02 2.207462702509182861e+02 2.068110198974609091e+02 
1.199998760223389027e+01 2.689997253417968750e+02 1.000000000000000000e+01 4.041581999999999814e-02 7.827875000000000206e-07 8.618392000000000053e+01 9.566183999999999799e+00 7.792456819999999595e+01 5.192344665527343750e+01 2.083538014147981012e+05 -1.350000000000000000e+02 2.161379232098979060e+02 1.967716522216796875e+02 
1.133332157135009943e+01 2.849996948242188068e+02 1.000000000000000000e+01 1.289577000000000084e-02 4.889566000000000070e-07 6.866831999999999425e+01 8.531815999999999178e+00 8.155255130000000463e+01 3.638376617431641336e+01 3.392519712544474751e+05 1.800000000000000000e+02 2.168344595772879870e+02 1.940944824218750000e+02 
2.499997329711914062e+01 3.023330078125000000e+02 6.000000000000000000e+00 2.807370999999999912e-03 -2.620369000000000136e-07 7.816218999999999539e+01 1.161264000000000074e+01 6.523217769999999405e+01 3.706502151489257812e+01 8.708826116477965115e+03 9.000000000000000000e+01 2.255511823381696104e+02 2.175196838378905966e+02 
2.033331298828125000e+01 2.639997253417968750e+02 7.000000000000000000e+00 1.203193999999999965e-02 6.595306000000000361e-07 7.672793000000000063e+01 1.159692000000000078e+01 6.800437159999999892e+01 6.892424774169921875e+01 5.155571974162792685e+03 -3.096375653207352130e+01 2.320767707824707031e+02 2.315747985839844034e+02 
1.099998855590819957e+01 2.606663818359375000e+02 8.000000000000000000e+00 3.619599999999999901e-02 6.902142000000000264e-07 8.484865000000000634e+01 9.400624000000000535e+00 8.079079439999999579e+01 3.460570144653320312e+01 8.364671561810678395e+04 1.350000000000000000e+02 2.159112280568768938e+02 2.001181030273438068e+02 
2.266664314270019887e+01 2.669997253417968750e+02 8.000000000000000000e+00 9.424546000000000008e-04 8.137944999999999488e-08 6.846017000000000507e+01 8.107283999999999935e+00 8.254581450000000586e+01 8.948781585693359375e+01 6.344620749862913726e+03 -7.405460409907715302e+01 2.280944885253906023e+02 2.242126007080078125e+02 
2.099997901916503906e+01 2.929996948242188068e+02 8.000000000000000000e+00 7.095871000000000123e-03 3.441556000000000063e-07 9.030419999999999447e+01 1.397381999999999991e+01 7.191333009999999604e+01 1.156113910675049006e+01 2.398565058792750933e+05 0.000000000000000000e+00 2.151789553229183980e+02 1.961023559570311932e+02 
1.999997901916503906e+01 2.646663818359375000e+02 9.000000000000000000e+00 1.763970000000000121e-02 4.902017000000000080e-07 8.291567000000000576e+01 9.932316999999999396e+00 7.860429379999999355e+01 3.692090988159179688e+01 5.426233456231351738e+04 1.843494882292200998e+01 2.154640056065150873e+02 2.001181030273438068e+02 
1.233332061767577947e+01 3.379996337890625000e+02 9.000000000000000000e+00 1.490131999999999915e-02 1.309428000000000044e-06 6.672854999999999848e+01 1.354246000000000016e+01 6.312359239999999971e+01 5.423519134521483664e+01 1.059481418547140056e+05 -1.534349488229219958e+02 2.126397904021831096e+02 1.981102294921875000e+02 
1.866664695739746094e+01 2.646663818359375000e+02 1.000000000000000000e+01 7.354081000000000159e-03 3.173146999999999767e-07 8.375217000000000667e+01 1.131587000000000032e+01 7.556228640000000496e+01 0.000000000000000000e+00 1.001226337230763020e+05 0.000000000000000000e+00 2.170676980947519041e+02 1.987795257568359091e+02 
1.966664695739746094e+01 2.689997253417968750e+02 6.000000000000000000e+00 5.314436000000000290e-04 1.164106000000000008e-07 8.559216000000000690e+01 1.638350000000000151e+01 5.861540600000000012e+01 2.628162574768066051e+01 1.033843598644949998e+04 1.534349488229219958e+02 2.293996086120604900e+02 2.242126007080078125e+02 
1.333331966400145951e+01 2.669997253417968750e+02 6.000000000000000000e+00 2.127526000000000070e-02 3.742141000000000104e-07 9.624690999999999974e+01 9.621098999999999180e+00 8.163851169999999513e+01 5.176670074462891336e+01 2.711214235845254734e+05 -1.350000000000000000e+02 2.187692497516501078e+02 1.974409484863280966e+02 
2.866663742065430043e+01 2.886663513183593750e+02 8.000000000000000000e+00 8.569317000000000340e-04 -4.643892999999999932e-07 3.919404999999999717e+01 1.329958000000000062e+01 6.917581180000000529e+01 4.336217117309570312e+01 7.220852286617729078e+03 1.800000000000000000e+02 2.236548589070638116e+02 2.175196838378905966e+02 
1.133332157135009943e+01 3.169996643066406250e+02 8.000000000000000000e+00 2.102971000000000007e-02 7.369762999999999975e-07 8.144485000000000241e+01 9.053383999999999432e+00 6.715373990000000504e+01 6.294744491577147727e+01 1.226114688093928999e+05 7.869006752597978505e+01 2.170342658745063886e+02 2.054724426269530966e+02 
1.133332157135009943e+01 3.393329772949218750e+02 9.000000000000000000e+00 2.877315999999999901e-02 8.404308999999999980e-07 8.754323999999999728e+01 1.186328999999999922e+01 7.118697360000000174e+01 3.638376617431641336e+01 2.641124593003045884e+05 1.800000000000000000e+02 2.143029906603755137e+02 1.954330749511719034e+02 
1.133332157135009943e+01 3.336663208007811932e+02 9.000000000000000000e+00 8.066032000000000757e-03 4.232768000000000014e-07 6.438120000000000687e+01 9.466537000000000646e+00 8.261823269999999297e+01 3.836445617675781250e+01 9.028198713464532921e+04 1.615650511770780042e+02 2.168404065032503922e+02 1.994488220214844034e+02 
1.266665363311767933e+01 2.733330383300781250e+02 9.000000000000000000e+00 1.190391000000000062e-03 1.340667000000000023e-07 5.983749999999999858e+01 7.492111000000000409e+00 7.772466280000000438e+01 4.375892639160156250e+01 2.132133851863826858e+05 3.369006752597979215e+01 2.156170465241438023e+02 1.907480316162109091e+02 
2.466664123535155895e+01 2.999996948242188068e+02 1.000000000000000000e+01 3.027487000000000147e-03 2.218843999999999986e-07 7.521107000000000653e+01 1.244660000000000011e+01 7.747900389999999504e+01 1.125674057006835938e+01 9.980770169244569843e+04 0.000000000000000000e+00 2.214601394653319915e+02 2.108267669677734091e+02 
8.999990463256835938e+00 3.203330078125000000e+02 7.000000000000000000e+00 1.294978999999999922e-02 4.718558999999999947e-07 8.096616000000000213e+01 8.007139000000000451e+00 6.916883850000000677e+01 2.734514045715332031e+01 1.045086378535221011e+05 1.534349488229219958e+02 2.167895495922535076e+02 2.021259918212890909e+02 
1.399998569488525035e+01 2.616663818359375000e+02 7.000000000000000000e+00 4.450303000000000071e-04 -5.332518999999999709e-08 6.177438000000000073e+01 7.238658000000000037e+00 8.516455840000000421e+01 5.086500930786132812e+01 1.333566700416292042e+04 -7.596375653207353196e+01 2.260866180419922102e+02 2.195275573730469034e+02 
2.499997329711914062e+01 2.799996948242188068e+02 8.000000000000000000e+00 2.866243000000000089e-03 2.879693999999999978e-07 7.585877999999999588e+01 2.006272999999999840e+01 8.044744869999999537e+01 3.870620727539061789e+01 1.905234733476712136e+05 1.084349488229219958e+02 2.186745418972438983e+02 2.021259918212890909e+02 
1.333331966400145951e+01 3.259996643066406250e+02 8.000000000000000000e+00 2.042864999999999959e-02 7.874553999999999747e-07 7.741607999999999379e+01 9.231624999999999304e+00 6.811055760000000703e+01 4.808784866333007812e+01 1.068859120929037090e+04 1.800000000000000000e+02 2.269734287261962891e+02 2.168504028320311932e+02 
1.799998092651366832e+01 2.996663513183593750e+02 8.000000000000000000e+00 2.093244000000000181e-03 2.816236999999999782e-07 7.262474000000000274e+01 1.699696000000000140e+01 7.122493740000000173e+01 4.941996002197266336e+01 1.789202933926185069e+05 -9.000000000000000000e+01 2.216966501500484981e+02 1.994488220214844034e+02 
1.299998664855957031e+01 3.289996643066406250e+02 9.000000000000000000e+00 2.193567000000000086e-02 8.393356000000000239e-07 8.242164999999999964e+01 1.276866000000000057e+01 7.101239780000000223e+01 3.606565856933593750e+01 7.358378603457771533e+04 1.800000000000000000e+02 2.161567654696378042e+02 2.014566955566405966e+02 
1.399998569488525035e+01 3.319996643066406250e+02 9.000000000000000000e+00 3.129255000000000231e-02 1.180988000000000093e-06 8.939057999999999993e+01 1.439498999999999995e+01 6.506303409999999587e+01 2.695785140991210938e+01 3.599025357433374302e+04 1.534349488229219958e+02 2.171726464165581945e+02 2.034645690917969034e+02 
1.399998569488525035e+01 2.816663818359375000e+02 9.000000000000000000e+00 1.358792999999999980e-02 6.575849999999999687e-07 7.180947000000000457e+01 1.205497000000000085e+01 7.684798429999999314e+01 3.805126571655272727e+01 2.772590501983378199e+05 -1.615650511770780042e+02 2.074481376501229875e+02 1.927559051513671875e+02 
2.399997520446776988e+01 2.969996948242188068e+02 9.000000000000000000e+00 1.832248999999999987e-03 1.535804999999999901e-07 6.490318000000000609e+01 8.114909000000000816e+00 7.912607570000000123e+01 3.386028671264647727e+01 1.130499115488069947e+04 1.800000000000000000e+02 2.227252892388237910e+02 2.168504028320311932e+02 
1.266665363311767933e+01 3.059996948242188068e+02 1.000000000000000000e+01 6.185971999999999651e-03 3.560535999999999981e-07 8.303893999999999664e+01 1.595428000000000068e+01 7.744092559999999992e+01 6.506520080566406250e+01 2.330247631441628910e+05 1.581985905136482131e+02 2.142232336285470922e+02 1.907480316162109091e+02 
9.999989509582519531e+00 3.129996643066406250e+02 1.000000000000000000e+01 2.910791999999999893e-02 6.330948000000000079e-07 7.491400000000000148e+01 7.437880999999999965e+00 8.275041960000000074e+01 4.431791305541992188e+01 2.569500828451781854e+04 1.236900675259797993e+02 2.120244526110197114e+02 1.954330749511719034e+02 
2.899996948242187855e+01 3.259996643066406250e+02 1.000000000000000000e+01 1.813602000000000096e-03 3.096394999999999981e-07 6.931804999999999950e+01 1.225769000000000020e+01 5.965236279999999880e+01 2.492458534240723012e+01 1.286735762123554014e+05 -1.534349488229219958e+02 2.173570550936404970e+02 2.027952728271484091e+02 
9.999989509582519531e+00 2.639997253417968750e+02 7.000000000000000000e+00 2.781778999999999849e-02 4.879936000000000003e-07 9.212649000000000399e+01 9.888764000000000109e+00 8.241176609999999414e+01 2.435965919494628906e+01 1.528996116394092096e+05 1.800000000000000000e+02 2.205048444629769904e+02 1.961023559570311932e+02 
1.166665458679199041e+01 2.623330688476561932e+02 7.000000000000000000e+00 4.218010999999999983e-02 7.460941999999999682e-07 9.220645000000000380e+01 1.208060000000000045e+01 8.202628330000000290e+01 7.822724914550781250e+01 5.912566746793115744e+05 -3.865980825409008759e+01 2.177235160134054865e+02 1.887401580810546875e+02 
8.666657447814941406e+00 3.313329772949218750e+02 8.000000000000000000e+00 2.722389999999999879e-02 6.669425000000000311e-07 8.616348000000000695e+01 1.040080999999999989e+01 7.611127469999999562e+01 4.885570526123046875e+01 8.283530431968779885e+04 1.800000000000000000e+02 2.127578417668576947e+02 1.927559051513671875e+02 
2.733330535888671875e+01 2.839996948242188068e+02 9.000000000000000000e+00 2.806419000000000209e-04 3.564548000000000004e-08 7.290286999999999296e+01 6.998707999999999707e+00 7.498641969999999901e+01 4.947792053222656250e+01 1.306511228919582936e+05 1.350000000000000000e+02 2.177198482049959978e+02 1.947637786865234091e+02 
2.366664123535155895e+01 3.143330078125000000e+02 9.000000000000000000e+00 6.804267999999999818e-04 -2.618835999999999959e-07 4.429596999999999696e+01 7.337593000000000032e+00 6.197778319999999752e+01 1.674434661865234020e+01 1.133069998065481923e+04 1.350000000000000000e+02 2.233945753309461963e+02 2.121653442382811932e+02 
1.433331871032715021e+01 3.036663513183593750e+02 9.000000000000000000e+00 3.590794999999999924e-03 3.062869999999999950e-07 6.626339000000000112e+01 1.498243000000000080e+01 8.509096529999999348e+01 5.498637008666992188e+01 3.880849806212388794e+05 -1.165650511770780042e+02 2.170360546373341037e+02 1.900787353515625000e+02 
2.766663742065430043e+01 3.066663513183593750e+02 9.000000000000000000e+00 1.480540999999999975e-02 4.916527000000000387e-07 7.887827000000000055e+01 8.946709999999999496e+00 7.523918910000000437e+01 1.235500621795653942e+01 9.733792491320084082e+03 9.000000000000000000e+01 2.251328773498534872e+02 2.155118103027344034e+02 
9.999989509582519531e+00 3.189996643066406250e+02 9.000000000000000000e+00 1.218702999999999974e-02 4.081002999999999846e-07 8.029892999999999859e+01 9.432608999999999355e+00 7.732054899999999975e+01 5.013748168945311789e+01 1.946923062720338057e+05 1.659637565320734893e+02 2.127695767084757108e+02 1.920866088867188068e+02 
1.133332157135009943e+01 2.626663818359375000e+02 1.000000000000000000e+01 2.576596999999999915e-02 5.278086999999999556e-07 8.819240000000000634e+01 1.047907999999999973e+01 8.227876279999999554e+01 0.000000000000000000e+00 4.107636481231541838e+05 0.000000000000000000e+00 2.080574419865843083e+02 1.874015808105469034e+02 
9.333323478698730469e+00 3.216663208007811932e+02 6.000000000000000000e+00 3.069216000000000045e-03 6.374993999999999784e-07 7.230317999999999756e+01 1.323756000000000022e+01 4.888102719999999834e+01 2.732345008850098012e+01 5.557039327996171778e+04 1.534349488229219958e+02 2.190051864996189011e+02 2.048031463623046875e+02 
1.033332252502441051e+01 3.086663513183593750e+02 7.000000000000000000e+00 2.746523000000000020e-02 6.709315000000000280e-07 8.048462999999999568e+01 9.650738000000000483e+00 7.946874239999999645e+01 2.428253746032714844e+01 3.377259403967698745e+04 1.800000000000000000e+02 2.267826782226561875e+02 2.201968536376953125e+02 
1.133332157135009943e+01 3.199996643066406250e+02 7.000000000000000000e+00 1.634064000000000003e-02 7.146024000000000303e-07 8.666705000000000325e+01 9.878838999999999260e+00 6.060830310000000054e+01 2.718335342407226918e+01 1.077608363071862914e+04 1.534349488229219958e+02 2.269734287261962891e+02 2.201968536376953125e+02 
2.566663932800292969e+01 2.806663818359375000e+02 8.000000000000000000e+00 1.209913999999999955e-02 5.498221999999999694e-07 8.403471000000000402e+01 1.282267000000000046e+01 7.068502039999999909e+01 1.113615512847900035e+01 1.362746938632307865e+05 1.800000000000000000e+02 2.154753057306463120e+02 1.981102294921875000e+02 
1.533331775665283025e+01 3.329996643066406250e+02 8.000000000000000000e+00 9.613398000000000429e-03 1.052459000000000014e-06 6.116328000000000031e+01 1.309183999999999948e+01 6.552484889999999496e+01 2.685994338989258168e+01 3.845007979801364127e+04 1.534349488229219958e+02 2.187197944378031025e+02 2.068110198974609091e+02 
1.199998760223389027e+01 3.379996337890625000e+02 9.000000000000000000e+00 1.672302000000000163e-02 8.947647999999999946e-07 7.835287999999999897e+01 1.097499999999999964e+01 6.257461550000000017e+01 2.470994949340819957e+01 2.377819813304813870e+05 -9.000000000000000000e+01 2.206392652436165065e+02 1.981102294921875000e+02 
1.433331871032715021e+01 3.289996643066406250e+02 9.000000000000000000e+00 1.936012999999999970e-02 1.142273999999999975e-06 8.032039000000000328e+01 1.485640000000000072e+01 6.352607350000000253e+01 1.719670677185058949e+01 1.730503490412805113e+05 1.350000000000000000e+02 2.174990915151743138e+02 2.034645690917969034e+02 
2.699997138977051137e+01 2.963330383300781250e+02 9.000000000000000000e+00 5.649753999999999887e-03 5.980357000000000457e-07 7.241039000000000669e+01 2.002665000000000006e+01 7.326862339999999563e+01 3.305153656005858664e+01 8.561178810447501746e+03 1.350000000000000000e+02 2.220134996686662987e+02 2.101574859619140909e+02 
1.833331489562987926e+01 2.739997253417968750e+02 9.000000000000000000e+00 6.185453999999999952e-03 2.793676000000000220e-07 7.808169999999999789e+01 1.289206000000000074e+01 8.550887299999999414e+01 3.410028457641602273e+01 7.821896728209859248e+03 -4.500000000000000000e+01 2.277821528116861884e+02 2.175196838378905966e+02 
1.699998283386230113e+01 2.939996948242188068e+02 1.000000000000000000e+01 1.029843000000000078e-02 3.122439000000000078e-07 9.082957000000000392e+01 1.518124000000000073e+01 8.781504060000000322e+01 1.181539154052734020e+01 1.181506740610252018e+05 1.800000000000000000e+02 2.156605433146158930e+02 1.974409484863280966e+02 
8.666657447814941406e+00 3.269996643066406250e+02 1.000000000000000000e+01 2.974237000000000061e-02 6.823231999999999989e-07 8.792995000000000516e+01 1.409379000000000026e+01 8.485252380000000016e+01 5.509665679931641336e+01 2.606754821212670067e+05 1.165650511770780042e+02 2.173558490276336954e+02 1.974409484863280966e+02 
2.833330345153808949e+01 2.843330383300781250e+02 7.000000000000000000e+00 1.288499000000000068e-02 8.171766000000000172e-07 5.955756000000000228e+01 8.625825999999999993e+00 7.295890810000000215e+01 2.174932098388671875e+01 4.230923224634257349e+04 1.800000000000000000e+02 2.183419590541294895e+02 2.061417388916015909e+02 
1.266665363311767933e+01 3.109996643066406250e+02 8.000000000000000000e+00 1.299961999999999993e-02 5.620630000000000217e-07 8.573439000000000476e+01 1.320992999999999995e+01 7.097628020000000504e+01 4.375892639160156250e+01 3.750497578908609285e+04 1.463099324740202007e+02 2.232086633954729109e+02 2.101574859619140909e+02 
1.166665458679199041e+01 3.046663513183593750e+02 8.000000000000000000e+00 1.599153999999999853e-02 6.307664000000000464e-07 7.799317999999999529e+01 1.475971000000000011e+01 8.238933559999999545e+01 2.715746498107910156e+01 2.246293972143449937e+05 1.534349488229219958e+02 2.155679200680669965e+02 1.974409484863280966e+02 
1.133332157135009943e+01 3.379996337890625000e+02 8.000000000000000000e+00 8.480753000000000597e-03 1.002920999999999905e-06 6.359020999999999901e+01 1.540305000000000035e+01 6.598519129999999677e+01 5.186323928833007812e+01 4.174164999281802739e+04 4.500000000000000000e+01 2.184048776934224065e+02 2.074803161621094034e+02 
6.999992847442626953e+00 3.176663208007811932e+02 8.000000000000000000e+00 1.268238000000000004e-02 2.452904000000000164e-07 8.150245999999999924e+01 7.259938000000000002e+00 9.200612639999999942e+01 6.297551345825195312e+01 5.453284088195600816e+03 1.013099324740202007e+02 2.213681106567383097e+02 2.175196838378905966e+02 
2.933330345153808949e+01 2.966663513183593750e+02 8.000000000000000000e+00 8.373855000000000144e-05 1.163486999999999955e-08 8.039155999999999835e+01 8.194603000000000748e+00 8.322370150000000422e+01 1.235500621795653942e+01 2.396400232745624089e+04 -9.000000000000000000e+01 2.194606315612793139e+02 2.088188934326171875e+02 
9.333323478698730469e+00 3.339996643066406250e+02 9.000000000000000000e+00 1.199302000000000007e-02 3.957853000000000229e-07 9.063039999999999452e+01 1.300364000000000075e+01 7.742921450000000050e+01 1.217982959747313920e+01 2.776506902546366910e+05 1.800000000000000000e+02 2.134582299953553957e+02 1.927559051513671875e+02 
1.533331775665283025e+01 3.023330078125000000e+02 9.000000000000000000e+00 2.493284000000000125e-02 5.599221999999999870e-07 8.245802000000000476e+01 9.683158999999999850e+00 8.230477910000000463e+01 2.685907363891601918e+01 9.272174977387598119e+03 -1.534349488229219958e+02 2.234476950509207995e+02 2.114960632324219034e+02 
1.399998569488525035e+01 3.296663208007811932e+02 9.000000000000000000e+00 2.921719000000000052e-02 7.122047000000000405e-07 9.116236999999999568e+01 1.229956999999999923e+01 7.562995150000000422e+01 2.695610427856444957e+01 2.132176460480714013e+04 1.534349488229219958e+02 2.132529525756835938e+02 2.014566955566405966e+02 
2.066664505004883168e+01 2.669997253417968750e+02 6.000000000000000000e+00 2.408968000000000047e-03 1.352769000000000088e-07 8.875368000000000279e+01 1.317290999999999990e+01 7.959160610000000702e+01 2.623584175109862926e+01 1.607686688621756912e+05 1.534349488229219958e+02 2.131933868408202954e+02 1.914173278808594034e+02 
1.099998855590819957e+01 3.183330078125000000e+02 7.000000000000000000e+00 2.536176999999999876e-02 5.853639999999999998e-07 9.346237000000000705e+01 8.984555999999999543e+00 6.972337339999999983e+01 2.425651550292969105e+01 8.630115906072422513e+04 1.800000000000000000e+02 2.183144705295563028e+02 2.054724426269530966e+02 
2.666663932800292969e+01 2.933330383300781250e+02 8.000000000000000000e+00 3.631116000000000205e-03 2.866406999999999761e-07 8.155481000000000336e+01 1.666818999999999917e+01 7.492474369999999340e+01 0.000000000000000000e+00 1.631741868032329076e+05 0.000000000000000000e+00 2.166742655818623859e+02 1.961023559570311932e+02 
1.066665554046631037e+01 3.269996643066406250e+02 8.000000000000000000e+00 1.178755000000000080e-02 6.719966999999999759e-07 7.980316999999999439e+01 1.457141000000000020e+01 7.011198430000000315e+01 1.731847381591796875e+01 4.602311926110456116e+05 -1.350000000000000000e+02 2.176767042053760122e+02 1.940944824218750000e+02 
2.033331298828125000e+01 2.646663818359375000e+02 8.000000000000000000e+00 1.820153999999999869e-02 3.386237000000000254e-07 7.821130999999999744e+01 5.329526999999999681e+00 8.504752349999999694e+01 6.050158309936522727e+01 1.159895530608792978e+04 -5.313010235415598004e+01 2.277077891031900947e+02 2.215354309082030966e+02 
2.199997711181640980e+01 2.876663818359375000e+02 8.000000000000000000e+00 1.067168999999999930e-02 3.992846000000000230e-07 7.748417999999999495e+01 9.408628000000000213e+00 7.743810270000000173e+01 6.805042266845703125e+01 4.101191338268871186e+05 3.096375653207352130e+01 2.157259016807034868e+02 1.961023559570311932e+02 
2.733330535888671875e+01 2.826663818359375000e+02 9.000000000000000000e+00 3.142203999999999831e-02 9.141316999999999666e-07 8.804815999999999576e+01 1.828146999999999878e+01 8.297032930000000306e+01 1.097399806976318004e+01 1.415812766081347945e+05 1.800000000000000000e+02 2.209815375229408119e+02 2.048031463623046875e+02 
1.166665458679199041e+01 3.066663513183593750e+02 9.000000000000000000e+00 2.586661000000000168e-02 4.679385000000000049e-07 9.203364999999999441e+01 1.157830000000000048e+01 8.681971740000000182e+01 1.210000801086425959e+01 7.937576704839915328e+04 1.800000000000000000e+02 2.205825453936043061e+02 2.034645690917969034e+02 
1.966664695739746094e+01 2.763330383300781250e+02 1.000000000000000000e+01 2.399072000000000010e-02 4.940133000000000208e-07 8.342179000000000144e+01 8.961301999999999879e+00 8.340250399999999331e+01 2.636608505249023082e+01 2.068181407768584177e+04 -1.534349488229219958e+02 2.181889781951904013e+02 2.014566955566405966e+02 
2.533330726623535156e+01 3.046663513183593750e+02 1.000000000000000000e+01 1.427403000000000005e-02 9.613373000000000039e-07 7.411463999999999430e+01 1.822211000000000070e+01 7.378499600000000669e+01 3.322353744506835938e+01 1.289390213265921047e+05 1.350000000000000000e+02 2.197206258040208127e+02 2.048031463623046875e+02 
1.033332252502441051e+01 2.793330383300781250e+02 1.000000000000000000e+01 3.342362000000000111e-02 5.920341999999999771e-07 7.990345999999999549e+01 7.790975999999999679e+00 8.514257050000000504e+01 1.235497474670409979e+01 8.514610216982167913e+04 -9.000000000000000000e+01 2.139713788713727922e+02 1.947637786865234091e+02 
1.766664886474609020e+01 2.603330688476561932e+02 6.000000000000000000e+00 2.460307000000000119e-03 1.467779999999999926e-07 8.481447000000000003e+01 1.573115999999999914e+01 8.634495540000000346e+01 1.705812072753905895e+01 4.317680899645452882e+04 1.350000000000000000e+02 2.186148908210523132e+02 2.014566955566405966e+02 
1.499998474121093928e+01 2.619997253417968750e+02 7.000000000000000000e+00 5.192910999999999708e-03 1.576717999999999997e-07 8.938205999999999563e+01 1.129621000000000031e+01 8.938799290000000042e+01 5.491343307495117188e+01 4.203861656654722756e+05 -1.165650511770780042e+02 2.132822485601863889e+02 1.880708618164061932e+02 
1.533331775665283025e+01 3.043330078125000000e+02 7.000000000000000000e+00 8.477558000000000055e-04 2.672209000000000155e-07 4.764486000000000132e+01 9.626466000000000633e+00 6.667071529999999768e+01 1.191448116302490057e+01 9.276312179260832636e+03 1.800000000000000000e+02 2.188582676478795008e+02 2.101574859619140909e+02 
5.999993801116943359e+00 3.023330078125000000e+02 8.000000000000000000e+00 3.335893000000000148e-04 -2.889078999999999966e-08 7.047502000000000066e+01 4.337841000000000058e+00 8.147911829999999611e+01 2.759258651733398082e+01 5.464279828268390702e+03 1.165650511770780042e+02 2.255511817932128906e+02 2.195275573730469034e+02 
1.433331871032715021e+01 3.216663208007811932e+02 9.000000000000000000e+00 1.658812000000000134e-02 8.799373000000000294e-07 8.451447000000000287e+01 1.601156999999999897e+01 6.734228520000000628e+01 3.895808792114257812e+01 2.926619958090500950e+04 -7.156505117707799002e+01 2.098836801702325943e+02 1.974409484863280966e+02 
1.899998092651366832e+01 3.056663513183593750e+02 9.000000000000000000e+00 1.002594999999999978e-04 1.498966000000000136e-08 8.392681000000000324e+01 1.031174000000000035e+01 8.025609590000000537e+01 1.235494232177734020e+01 1.597566874285782978e+05 -9.000000000000000000e+01 2.164422896470481135e+02 1.974409484863280966e+02 
2.466664123535155895e+01 3.109996643066406250e+02 9.000000000000000000e+00 1.220247999999999949e-03 2.954611999999999855e-07 6.109326000000000079e+01 1.594250000000000078e+01 6.724321750000000009e+01 2.714118957519530895e+01 1.474088045616832096e+05 1.165650511770780042e+02 2.157954096390029122e+02 1.974409484863280966e+02 
1.099998855590819957e+01 3.076663513183593750e+02 8.000000000000000000e+00 1.116161000000000063e-02 3.286448000000000048e-07 8.527515999999999963e+01 9.531544000000000239e+00 7.905854030000000421e+01 3.638476181030272727e+01 4.855692471914969065e+04 1.800000000000000000e+02 2.139873148600260038e+02 1.981102294921875000e+02 
1.233332061767577947e+01 3.173330078125000000e+02 9.000000000000000000e+00 1.437356000000000050e-02 6.715521000000000488e-07 7.909905999999999437e+01 1.037532999999999994e+01 6.672389979999999809e+01 1.727694702148437855e+01 3.489163648620309687e+04 -4.500000000000000000e+01 2.190642048762395007e+02 2.001181030273438068e+02 
2.899996948242187855e+01 2.773330383300781250e+02 9.000000000000000000e+00 3.746639999999999866e-03 8.173080000000000021e-07 5.316651000000000238e+01 1.383061000000000007e+01 6.380790329999999955e+01 2.486337280273437855e+01 4.569671015992059984e+04 1.534349488229219958e+02 2.205843353271484091e+02 2.068110198974609091e+02 
9.333323478698730469e+00 3.266663208007811932e+02 9.000000000000000000e+00 4.149535000000000029e-02 9.714503000000000627e-07 8.739231999999999800e+01 1.105217000000000027e+01 7.307164000000000215e+01 2.440628814697265980e+01 1.911005134816518112e+05 1.800000000000000000e+02 2.182981525177650894e+02 2.007873992919921875e+02 
2.766663742065430043e+01 2.723330383300781250e+02 8.000000000000000000e+00 1.655900999999999988e-03 -1.769027000000000029e-07 7.385179999999999723e+01 1.333402000000000065e+01 7.416133879999999579e+01 2.188429832458496094e+01 6.819491576551381149e+04 0.000000000000000000e+00 2.207346741812569917e+02 2.074803161621094034e+02 
1.766664886474609020e+01 2.966663513183593750e+02 8.000000000000000000e+00 6.356915999999999782e-03 3.707777000000000101e-07 7.661578000000000088e+01 1.015527999999999942e+01 7.012416840000000207e+01 3.738432312011718750e+01 7.196419819213912706e+04 1.615650511770780042e+02 2.135039375998757123e+02 1.927559051513671875e+02 
2.033331298828125000e+01 3.059996948242188068e+02 8.000000000000000000e+00 1.506410000000000041e-02 5.068609000000000094e-07 8.756770000000000209e+01 1.232110999999999912e+01 7.488668819999999471e+01 1.019186019897460938e+02 1.994965152590188954e+05 -1.350000000000000000e+02 2.189316753756615128e+02 2.034645690917969034e+02 
1.866664695739746094e+01 3.269996643066406250e+02 8.000000000000000000e+00 5.997708000000000032e-03 7.775731000000000159e-07 9.220664999999999623e+01 2.133433000000000135e+01 5.295950320000000033e+01 2.340969276428223012e+01 1.979841764865469013e+05 1.800000000000000000e+02 2.212580307408383078e+02 2.007873992919921875e+02 
1.333331966400145951e+01 3.213330078125000000e+02 1.000000000000000000e+01 3.282592000000000149e-02 7.732093999999999674e-07 9.332944000000000528e+01 1.296805999999999948e+01 7.517198179999999752e+01 7.051035308837890625e+01 7.350194838855466514e+04 3.096375653207352130e+01 2.165340037952769876e+02 2.001181030273438068e+02 
1.999997901916503906e+01 2.816663818359375000e+02 1.000000000000000000e+01 8.957085000000000047e-04 4.609620000000000218e-07 4.307050000000000267e+01 2.413259000000000043e+01 8.270986179999999877e+01 1.585650024414061932e+02 1.936968587308100177e+04 -1.534349488229219958e+02 2.252388468424479129e+02 2.161810913085938068e+02 
