1.433331871032715021e+01 2.619997253417968750e+02 6.000000000000000000e+00 9.629083999999999560e-03 2.217129999999999949e-07 8.146286000000000627e+01 5.772969999999999935e+00 8.317958830000000603e+01 1.718341827392578125e+01 1.423655923906496027e+05 1.350000000000000000e+02 2.131974400315328921e+02 1.920866088867188068e+02 
6.666659832000732422e+00 2.689997253417968750e+02 6.000000000000000000e+00 2.904157999999999783e-04 -9.661703000000000049e-08 5.548946000000000112e+01 1.151585000000000036e+01 7.082334899999999323e+01 1.018235244750976989e+02 6.821609155962301884e+03 1.040362434679264965e+02 2.244803131103516023e+02 2.141732177734375000e+02 
1.299998664855957031e+01 2.623330688476561932e+02 7.000000000000000000e+00 3.698907999999999992e-05 7.848371999999999665e-09 8.402025999999999328e+01 7.727854999999999919e+00 7.256984710000000405e+01 2.410813140869140980e+01 1.592814496415418980e+05 1.800000000000000000e+02 2.097075367134158057e+02 1.900787353515625000e+02 
2.799997138977051137e+01 2.986663513183593750e+02 7.000000000000000000e+00 7.507230999999999627e-03 3.954311000000000077e-07 6.388387000000000171e+01 6.914858999999999867e+00 7.658556369999999447e+01 2.510184288024901988e+01 1.419251675642310001e+05 -1.534349488229219958e+02 2.162726306100176998e+02 2.041338653564453125e+02 
1.899998092651366832e+01 2.806663818359375000e+02 8.000000000000000000e+00 9.346986999999999310e-03 2.694838000000000218e-07 8.481342999999999677e+01 9.833092999999999861e+00 8.359005740000000628e+01 0.000000000000000000e+00 7.532892901498090941e+04 0.000000000000000000e+00 2.198968245407631059e+02 2.048031463623046875e+02 
1.066665554046631037e+01 2.613330688476561932e+02 8.000000000000000000e+00 4.223244999999999603e-03 5.258306999999999891e-07 5.915919999999999845e+01 1.085830999999999946e+01 6.808074190000000669e+01 2.720852088928223012e+01 9.179002310635751928e+04 1.534349488229219958e+02 2.168405512641458017e+02 1.974409484863280966e+02 
2.033331298828125000e+01 2.889996948242188068e+02 8.000000000000000000e+00 7.012855000000000130e-03 7.286869000000000265e-07 6.076294000000000040e+01 1.436613000000000007e+01 7.395736689999999669e+01 6.274217987060546875e+01 3.182065789381284849e+05 1.581985905136482131e+02 2.171891044585811130e+02 2.001181030273438068e+02 
1.333331966400145951e+01 2.656663818359375000e+02 9.000000000000000000e+00 7.836592999999999662e-05 -1.535290999999999967e-08 6.684069999999999823e+01 5.839483999999999675e+00 7.770843510000000265e+01 3.606565856933593750e+01 2.873211964057317819e+05 1.800000000000000000e+02 2.109139361714208007e+02 1.894094543457030966e+02 
1.266665363311767933e+01 3.023330078125000000e+02 9.000000000000000000e+00 1.477124999999999966e-02 6.318317000000000394e-07 8.042359999999999332e+01 1.372091999999999956e+01 7.555744169999999826e+01 6.129167175292968750e+01 2.278756152380288040e+04 -1.268698976458440058e+02 2.259842538272633021e+02 2.161810913085938068e+02 
1.166665458679199041e+01 2.633330688476561932e+02 9.000000000000000000e+00 7.743172000000000423e-03 3.477226999999999933e-07 7.889829000000000292e+01 8.782939999999999969e+00 7.164720920000000604e+01 2.417053031921387074e+01 1.411833442461710074e+05 1.800000000000000000e+02 2.113367090134393891e+02 1.860629882812500000e+02 
1.433331871032715021e+01 3.389996337890625000e+02 9.000000000000000000e+00 1.849873999999999963e-02 9.091566000000000242e-07 8.249066000000000543e+01 1.466760000000000019e+01 6.794266509999999926e+01 5.388047027587891336e+01 1.451341072515315900e+05 1.534349488229219958e+02 2.207801782450544863e+02 2.034645690917969034e+02 
1.199998760223389027e+01 2.653330688476561932e+02 6.000000000000000000e+00 4.032835999999999713e-03 2.111053000000000130e-07 7.577508000000000266e+01 8.933899000000000257e+00 7.744421389999999406e+01 2.414023399353026988e+01 1.558102273472663946e+05 1.800000000000000000e+02 2.155810481104356882e+02 1.961023559570311932e+02 
2.499997329711914062e+01 2.746663818359375000e+02 6.000000000000000000e+00 8.713042000000000053e-04 1.123575000000000054e-07 6.265592000000000183e+01 8.208285999999999305e+00 7.505406949999999711e+01 3.359202194213867188e+01 1.369243679151188917e+04 1.800000000000000000e+02 2.278024347478693130e+02 2.228740234375000000e+02 
1.166665458679199041e+01 2.653330688476561932e+02 7.000000000000000000e+00 1.471922999999999981e-03 -1.403988999999999934e-07 7.046742999999999313e+01 6.683657000000000181e+00 6.707391359999999736e+01 2.720940971374512074e+01 4.169837107818410732e+05 -1.534349488229219958e+02 2.121675135950887920e+02 1.907480316162109091e+02 
2.433330726623535156e+01 2.669997253417968750e+02 8.000000000000000000e+00 1.614285000000000080e-04 3.390457000000000010e-08 5.507755000000000223e+01 7.776029000000000302e+00 8.719954679999999314e+01 2.251438903808594105e+01 5.010294711601001836e+03 0.000000000000000000e+00 2.258858299255371094e+02 2.201968536376953125e+02 
2.933330345153808949e+01 2.759997253417968750e+02 8.000000000000000000e+00 1.729570999999999886e-02 3.700446999999999995e-07 8.742024999999999579e+01 1.164658000000000015e+01 9.006747439999999472e+01 1.077023887634276988e+01 4.195176216354434291e+04 0.000000000000000000e+00 2.127007904052734091e+02 1.994488220214844034e+02 
1.166665458679199041e+01 3.256663208007811932e+02 8.000000000000000000e+00 2.099072000000000091e-02 7.271632000000000219e-07 8.355487999999999715e+01 1.021429999999999971e+01 6.850598909999999364e+01 6.293844223022460938e+01 8.200255307155236369e+04 7.869006752597978505e+01 2.207893386590675959e+02 2.021259918212890909e+02 
1.099998855590819957e+01 3.083330078125000000e+02 9.000000000000000000e+00 9.482776999999999526e-03 6.872785000000000089e-07 6.129460999999999871e+01 1.130749999999999922e+01 7.633896640000000389e+01 3.460639572143554688e+01 1.455898454798634048e+05 1.350000000000000000e+02 2.194903780619303006e+02 1.981102294921875000e+02 
2.166664314270019887e+01 3.109996643066406250e+02 9.000000000000000000e+00 4.576947999999999737e-04 -1.216937000000000013e-07 5.957730000000000103e+01 1.305058999999999969e+01 7.161432650000000422e+01 3.663195419311522727e+01 1.188049191743650008e+05 1.615650511770780042e+02 2.149648639309791065e+02 1.994488220214844034e+02 
1.333331966400145951e+01 2.663330688476561932e+02 9.000000000000000000e+00 3.988532000000000362e-03 2.484817999999999771e-07 8.169865000000000066e+01 1.161556000000000033e+01 7.205342100000000016e+01 2.470998001098633168e+01 1.095456076059914049e+05 -9.000000000000000000e+01 2.146629553073790078e+02 1.961023559570311932e+02 
8.999990463256835938e+00 2.669997253417968750e+02 1.000000000000000000e+01 4.849040999999999768e-02 1.003017000000000014e-06 8.942015000000000668e+01 9.117098999999999620e+00 6.941900630000000660e+01 1.220314407348632990e+01 8.549221080196491675e+04 1.800000000000000000e+02 2.137164115300253968e+02 1.914173278808594034e+02 
1.066665554046631037e+01 2.609997253417968750e+02 7.000000000000000000e+00 2.722836000000000006e-02 9.928572000000000187e-07 8.145257999999999754e+01 1.236087999999999987e+01 7.015406799999999521e+01 3.898735046386718750e+01 7.093731269846884534e+05 7.156505117707799002e+01 2.112695734872563946e+02 1.847244110107421875e+02 
1.033332252502441051e+01 2.689997253417968750e+02 8.000000000000000000e+00 8.075524000000000591e-03 4.294469999999999941e-07 8.706892999999999461e+01 1.630814000000000163e+01 7.416522980000000587e+01 1.235497474670409979e+01 5.780151006755882408e+05 -9.000000000000000000e+01 2.149113267559870906e+02 1.887401580810546875e+02 
2.599997329711914062e+01 2.686663818359375000e+02 8.000000000000000000e+00 1.074345999999999895e-03 1.117084000000000052e-07 8.113248000000000104e+01 1.734490999999999872e+01 8.174528499999999553e+01 2.709095573425292969e+01 4.203011405259551975e+04 1.165650511770780042e+02 2.230905514885396883e+02 2.114960632324219034e+02 
1.533331775665283025e+01 3.296663208007811932e+02 8.000000000000000000e+00 2.766226000000000101e-02 8.661295000000000267e-07 9.028534000000000503e+01 1.334624999999999950e+01 7.010786439999999686e+01 1.715797805786133168e+01 1.590144796791103145e+05 1.350000000000000000e+02 2.148425206502278968e+02 1.934252014160155966e+02 
1.533331775665283025e+01 3.296663208007811932e+02 9.000000000000000000e+00 1.157814000000000065e-02 5.568336000000000265e-07 8.112939000000000078e+01 1.053622000000000014e+01 6.682215119999999331e+01 2.382993316650390980e+01 2.383525896294125050e+04 1.800000000000000000e+02 2.158092761569552920e+02 2.007873992919921875e+02 
1.233332061767577947e+01 2.986663513183593750e+02 9.000000000000000000e+00 3.368368999999999964e-03 5.467447999999999792e-07 4.803491000000000355e+01 9.650619999999999976e+00 7.328404999999999347e+01 2.750697135925292969e+01 2.416039513041845930e+04 -6.343494882292200998e+01 2.167388449774848027e+02 2.048031463623046875e+02 
1.399998569488525035e+01 3.033330078125000000e+02 9.000000000000000000e+00 1.037254999999999948e-02 7.519922000000000387e-07 7.735701000000000249e+01 1.908759999999999835e+01 7.332106779999999446e+01 7.292891693115234375e+01 1.706279626962392067e+05 9.462322208025616632e+00 2.153288022279739096e+02 1.954330749511719034e+02 
1.666664886474609020e+01 2.786663818359375000e+02 1.000000000000000000e+01 1.745284999999999892e-02 4.341422999999999739e-07 8.477500000000000568e+01 1.012284999999999968e+01 8.192177580000000603e+01 1.708795738220214844e+01 3.327629833590819035e+05 4.500000000000000000e+01 2.146388231360394059e+02 1.887401580810546875e+02 
8.999990463256835938e+00 2.606663818359375000e+02 7.000000000000000000e+00 1.880439000000000069e-02 8.472345000000000153e-07 7.821420000000000528e+01 1.214024999999999999e+01 6.944729610000000264e+01 5.089836120605468750e+01 3.663414137532518362e+04 1.040362434679264965e+02 2.235433095296224053e+02 2.088188934326171875e+02 
2.833330345153808949e+01 2.693330383300781250e+02 8.000000000000000000e+00 3.709721000000000025e-03 2.190733999999999876e-07 7.575968000000000302e+01 1.010349000000000075e+01 7.696556850000000338e+01 1.090815162658691051e+01 2.300685784011610085e+05 1.800000000000000000e+02 2.151595529656661085e+02 1.934252014160155966e+02 
1.299998664855957031e+01 3.383329772949218750e+02 8.000000000000000000e+00 1.701895999999999964e-02 7.428637999999999898e-07 9.295476999999999634e+01 1.310158000000000023e+01 6.209841920000000215e+01 8.638583374023437500e+01 1.043487874452539982e+05 -1.350000000000000000e+02 2.162840718978490884e+02 2.007873992919921875e+02 
1.066665554046631037e+01 3.009996948242188068e+02 8.000000000000000000e+00 3.915499000000000063e-02 8.265276000000000061e-07 8.784792000000000201e+01 1.238852999999999938e+01 8.053549189999999669e+01 3.844355010986328125e+01 3.211517599320918089e+05 1.615650511770780042e+02 2.124634435317096006e+02 1.894094543457030966e+02 
1.499998474121093928e+01 3.183330078125000000e+02 8.000000000000000000e+00 1.284043999999999984e-02 6.054553000000000204e-07 8.918277999999999395e+01 1.381605000000000061e+01 6.660689539999999909e+01 4.773698806762695312e+01 1.287026854148621060e+05 1.800000000000000000e+02 2.108336724350133125e+02 1.967716522216796875e+02 
1.233332061767577947e+01 2.613330688476561932e+02 8.000000000000000000e+00 5.491234000000000219e-03 5.319744000000000443e-07 9.807213000000000136e+01 1.936568000000000112e+01 5.597925570000000306e+01 3.819241333007811789e+01 1.080963889152161079e+06 1.615650511770780042e+02 2.143426277785384002e+02 1.940944824218750000e+02 
2.199997711181640980e+01 2.689997253417968750e+02 9.000000000000000000e+00 1.506173000000000060e-02 6.664254000000000086e-07 8.183729999999999905e+01 1.203400000000000070e+01 6.927791600000000471e+01 4.353080368041992188e+01 2.012711671478167118e+05 5.630993247402020785e+01 2.171003202607359981e+02 1.900787353515625000e+02 
1.266665363311767933e+01 3.066663513183593750e+02 9.000000000000000000e+00 2.985677000000000123e-02 5.586945000000000005e-07 8.381972000000000378e+01 7.755419999999999980e+00 8.035931399999999769e+01 3.456502532958983664e+01 1.514591285161334963e+05 -1.350000000000000000e+02 2.175493010124274065e+02 1.974409484863280966e+02 
1.399998569488525035e+01 3.289996643066406250e+02 9.000000000000000000e+00 1.292685000000000015e-02 8.375537000000000071e-07 7.579831000000000074e+01 1.466615999999999964e+01 6.835979460000000074e+01 1.198825454711914062e+01 1.265723826212011045e+05 1.800000000000000000e+02 2.133137186150802052e+02 1.974409484863280966e+02 
1.166665458679199041e+01 2.639997253417968750e+02 9.000000000000000000e+00 3.691967000000000165e-02 7.481895000000000174e-07 9.173859000000000208e+01 8.714273999999999631e+00 7.053069309999999348e+01 3.630000686645507812e+01 2.958685775806375896e+05 1.800000000000000000e+02 2.198652484547008044e+02 1.927559051513671875e+02 
8.333324432373046875e+00 3.159996643066406250e+02 9.000000000000000000e+00 4.573088000000000153e-02 8.057881000000000075e-07 7.883947999999999467e+01 7.734315999999999747e+00 8.193950649999999314e+01 1.738438987731933949e+01 9.243173438848661317e+04 -1.350000000000000000e+02 2.197244110107421875e+02 2.001181030273438068e+02 
9.999989509582519531e+00 3.206663208007811932e+02 1.000000000000000000e+01 1.972138999999999837e-02 7.101144999999999627e-07 7.893121999999999616e+01 1.292624999999999957e+01 7.816690830000000290e+01 2.732434463500976918e+01 5.449338970692849252e+05 -1.534349488229219958e+02 2.162674636272874977e+02 1.920866088867188068e+02 
1.333331966400145951e+01 3.223330078125000000e+02 7.000000000000000000e+00 1.025608000000000075e-02 7.805788999999999991e-07 8.734720000000000084e+01 1.408292999999999928e+01 5.598573679999999797e+01 6.124343872070311789e+01 9.216938300044556672e+04 1.686900675259797993e+02 2.208273437057715967e+02 2.061417388916015909e+02 
1.399998569488525035e+01 2.616663818359375000e+02 7.000000000000000000e+00 1.847735000000000002e-02 5.502499000000000017e-07 8.377109000000000094e+01 1.210243000000000002e+01 7.989762120000000323e+01 1.235500621795653942e+01 2.517820012973358971e+05 9.000000000000000000e+01 2.159615476093595134e+02 1.934252014160155966e+02 
1.499998474121093928e+01 3.199996643066406250e+02 7.000000000000000000e+00 4.719927999999999971e-03 6.027971000000000396e-07 7.251582999999999402e+01 1.440074000000000076e+01 5.976726910000000004e+01 4.934469985961914062e+01 5.837660791624266858e+04 -1.659637565320734893e+02 2.183867211775346107e+02 2.001181030273438068e+02 
1.199998760223389027e+01 2.616663818359375000e+02 8.000000000000000000e+00 1.420052999999999940e-02 5.042876000000000005e-07 7.563675999999999533e+01 9.167097999999999303e+00 7.699605560000000537e+01 3.454453277587891336e+01 9.409758426833286649e+03 4.500000000000000000e+01 2.266985386439731940e+02 2.222047271728515909e+02 
1.399998569488525035e+01 2.629997253417968750e+02 9.000000000000000000e+00 3.706095999999999870e-03 1.621153999999999880e-07 7.219137000000000626e+01 7.639967000000000397e+00 8.602830509999999720e+01 7.292891693115234375e+01 2.213081435930709122e+05 1.705376777919744029e+02 2.184873368596456089e+02 1.954330749511719034e+02 
1.199998760223389027e+01 3.173330078125000000e+02 9.000000000000000000e+00 2.309875999999999943e-02 7.093472999999999822e-07 8.127196999999999605e+01 8.244529999999999248e+00 6.875682829999999512e+01 6.171167755126953125e+01 5.512386682497984293e+04 -1.686900675259797993e+02 2.225638587765577086e+02 2.128346557617188068e+02 
1.433331871032715021e+01 3.389996337890625000e+02 9.000000000000000000e+00 1.633617999999999876e-02 7.529261000000000468e-07 8.432604999999999507e+01 1.216543000000000063e+01 6.524758149999999546e+01 4.417153549194335938e+01 1.132073491320267931e+05 -5.630993247402020785e+01 2.200393709070542059e+02 1.967716522216796875e+02 
1.366665267944335938e+01 2.666663818359375000e+02 9.000000000000000000e+00 5.011932000000000192e-03 1.839111999999999958e-07 9.196469000000000449e+01 9.849595000000000766e+00 7.585408780000000206e+01 0.000000000000000000e+00 2.803978646816734181e+04 0.000000000000000000e+00 2.214716920398531101e+02 2.068110198974609091e+02 
1.133332157135009943e+01 3.183330078125000000e+02 1.000000000000000000e+01 6.164886999999999971e-03 3.660877999999999782e-07 8.499054999999999893e+01 1.341118999999999950e+01 6.958177949999999612e+01 4.391108322143554688e+01 1.911996214402485930e+05 1.463099324740202007e+02 2.201025854836047131e+02 2.014566955566405966e+02 
1.933331298828125000e+01 2.676663818359375000e+02 1.000000000000000000e+01 5.533933999999999902e-03 2.985687000000000019e-07 7.826599000000000217e+01 1.171973000000000020e+01 7.677511599999999703e+01 1.235500621795653942e+01 9.594094836538864183e+04 9.000000000000000000e+01 2.099856357058962999e+02 1.907480316162109091e+02 
1.133332157135009943e+01 2.606663818359375000e+02 1.000000000000000000e+01 1.469149999999999970e-02 5.547889000000000399e-07 7.372977000000000203e+01 8.437927999999999429e+00 7.422064969999999562e+01 1.729825973510741832e+01 1.643984260136889061e+05 4.500000000000000000e+01 2.154075781400086100e+02 1.900787353515625000e+02 
1.366665267944335938e+01 2.616663818359375000e+02 6.000000000000000000e+00 6.604442000000000298e-03 2.879546999999999838e-07 6.999164000000000385e+01 8.445527000000000228e+00 8.315708920000000148e+01 3.805126571655272727e+01 4.055547647962741903e+05 1.615650511770780042e+02 2.160820310492264866e+02 1.900787353515625000e+02 
8.333324432373046875e+00 3.189996643066406250e+02 7.000000000000000000e+00 6.763301999999999682e-03 2.217576999999999900e-07 7.404022999999999399e+01 5.432980999999999838e+00 8.017034150000000636e+01 3.477510833740233664e+01 1.495103877360628940e+04 -1.350000000000000000e+02 2.195275601473722134e+02 2.074803161621094034e+02 
1.699998283386230113e+01 2.833330383300781250e+02 8.000000000000000000e+00 4.111892000000000238e-04 7.786049000000000107e-08 7.575146999999999764e+01 1.320876999999999946e+01 6.825488280000000429e+01 9.434989166259765625e+01 2.402930909587187925e+05 -1.401944289077347889e+02 2.167114166093003007e+02 1.934252014160155966e+02 
8.333324432373046875e+00 3.289996643066406250e+02 8.000000000000000000e+00 5.891900999999999736e-03 2.811360999999999759e-07 7.967691000000000656e+01 9.530699999999999505e+00 7.393344120000000430e+01 6.238533782958983664e+01 1.847826541393932130e+05 -1.686900675259797993e+02 2.143356314266428910e+02 1.981102294921875000e+02 
1.499998474121093928e+01 2.653330688476561932e+02 8.000000000000000000e+00 5.030446000000000049e-03 -2.506705000000000211e-07 5.610101000000000226e+01 5.401862999999999637e+00 9.004579160000000115e+01 3.706495666503906250e+01 1.858781233433576926e+04 -9.000000000000000000e+01 2.176631044660296084e+02 2.054724426269530966e+02 
1.299998664855957031e+01 3.256663208007811932e+02 8.000000000000000000e+00 2.464621999999999993e-02 1.021830999999999907e-06 8.994787999999999784e+01 1.474337000000000053e+01 6.480525969999999347e+01 4.968147277832031250e+01 3.276519249276418122e+05 1.659637565320734893e+02 2.224369290098852048e+02 1.987795257568359091e+02 
1.499998474121093928e+01 3.163330078125000000e+02 8.000000000000000000e+00 4.648730000000000223e-03 8.184133999999999796e-07 6.642978999999999701e+01 2.002254999999999896e+01 6.396788409999999914e+01 4.354639053344727273e+01 1.406543509445690142e+05 -1.463099324740202007e+02 2.132703173655384035e+02 1.954330749511719034e+02 
6.333326816558837891e+00 3.376663208007811932e+02 9.000000000000000000e+00 4.815635999999999875e-03 2.889358000000000031e-07 8.129775999999999669e+01 1.038294999999999924e+01 6.875717160000000661e+01 2.470996475219726918e+01 1.092055534680068013e+04 -9.000000000000000000e+01 2.274753952026366903e+02 2.222047271728515909e+02 
1.699998283386230113e+01 3.316663208007811932e+02 9.000000000000000000e+00 3.815836999999999875e-03 3.945295000000000124e-07 8.410141000000000133e+01 1.810270999999999830e+01 6.520092769999999405e+01 6.040408325195311789e+01 4.335292044886489020e+04 -1.686900675259797993e+02 2.253078039920690969e+02 2.128346557617188068e+02 
1.199998760223389027e+01 3.283329772949218750e+02 9.000000000000000000e+00 1.397259999999999995e-02 5.758304999999999496e-07 7.776185999999999865e+01 1.130176999999999943e+01 7.479229739999999538e+01 1.727694702148437855e+01 1.505631523762829020e+05 1.350000000000000000e+02 2.103307797568184867e+02 1.900787353515625000e+02 
1.599998283386229936e+01 3.146663513183593750e+02 9.000000000000000000e+00 6.062266000000000182e-03 7.219969000000000109e-07 6.645886000000000138e+01 1.883146999999999949e+01 7.239418030000000215e+01 0.000000000000000000e+00 2.218098031862755015e+05 0.000000000000000000e+00 2.165954270135788988e+02 1.954330749511719034e+02 
9.666656494140625000e+00 2.626663818359375000e+02 6.000000000000000000e+00 1.331160999999999976e-02 4.527959999999999737e-07 9.180042000000000257e+01 1.869218000000000046e+01 8.574155430000000422e+01 2.470994949340819957e+01 2.044189907390385051e+05 9.000000000000000000e+01 2.207686303751358139e+02 2.001181030273438068e+02 
1.199998760223389027e+01 2.669997253417968750e+02 6.000000000000000000e+00 2.375073999999999935e-02 6.977125999999999739e-07 8.158794000000000324e+01 1.090928000000000075e+01 7.633473970000000008e+01 5.086878967285156250e+01 8.061006570250461664e+03 7.596375653207353196e+01 2.213123321533203125e+02 2.001181030273438068e+02 
1.333331966400145951e+01 3.373329772949218750e+02 8.000000000000000000e+00 2.075837999999999989e-02 1.030497000000000046e-06 8.662977999999999668e+01 1.484558999999999962e+01 6.345144270000000120e+01 2.470994949340819957e+01 5.078111394836624095e+04 9.000000000000000000e+01 2.207252390008223983e+02 2.088188934326171875e+02 
1.133332157135009943e+01 3.313329772949218750e+02 8.000000000000000000e+00 9.322386000000000214e-03 4.928858999999999653e-07 7.525606999999999402e+01 8.935309999999999420e+00 6.748034669999999835e+01 3.836445617675781250e+01 2.424120272089745049e+04 1.615650511770780042e+02 2.168875774807399921e+02 2.034645690917969034e+02 
2.533330726623535156e+01 3.029996948242188068e+02 9.000000000000000000e+00 2.801571000000000096e-03 4.132762999999999775e-07 5.423794000000000182e+01 1.332480999999999938e+01 7.870285800000000620e+01 2.227229499816894887e+01 1.761016803610450879e+05 0.000000000000000000e+00 2.172510263147489127e+02 1.974409484863280966e+02 
1.099998855590819957e+01 3.356663208007811932e+02 9.000000000000000000e+00 1.618955999999999867e-02 7.092097999999999983e-07 7.307621000000000322e+01 6.692368000000000094e+00 6.402186580000000049e+01 3.844355010986328125e+01 3.372848854094791022e+04 1.615650511770780042e+02 2.188850402832030966e+02 2.034645690917969034e+02 
2.499997329711914062e+01 3.143330078125000000e+02 9.000000000000000000e+00 5.024447000000000245e-04 -1.810421999999999984e-07 5.318860000000000099e+01 1.415025999999999939e+01 6.998477939999999364e+01 4.640264892578125000e+01 1.505224389032972977e+05 1.659637565320734893e+02 2.186425465985763026e+02 2.001181030273438068e+02 
1.299998664855957031e+01 2.619997253417968750e+02 1.000000000000000000e+01 1.919627999999999959e-02 6.614108999999999739e-07 9.419219999999999970e+01 1.531781999999999933e+01 7.186333469999999579e+01 1.210952072143554972e+02 6.692953700757692786e+03 -5.710593137499643035e+00 2.234094451904296932e+02 2.161810913085938068e+02 
1.199998760223389027e+01 3.203330078125000000e+02 1.000000000000000000e+01 3.199911000000000161e-03 3.550507999999999833e-07 7.458700000000000330e+01 1.632763999999999882e+01 6.997027590000000430e+01 1.208526802062987926e+01 5.778294905000956351e+04 1.800000000000000000e+02 2.204925867125045045e+02 2.041338653564453125e+02 
1.299998664855957031e+01 2.689997253417968750e+02 6.000000000000000000e+00 1.224970000000000052e-02 3.078125000000000175e-07 8.905607999999999436e+01 7.687984000000000151e+00 7.552463529999999992e+01 2.707723617553710938e+01 7.358143455356877530e+04 -1.534349488229219958e+02 2.107537592107599096e+02 1.934252014160155966e+02 
1.133332157135009943e+01 2.649997253417968750e+02 7.000000000000000000e+00 4.139605999999999841e-02 6.571073999999999777e-07 9.549161999999999750e+01 1.040930000000000000e+01 7.958348850000000141e+01 1.211433696746825994e+01 2.963675575136145926e+04 1.800000000000000000e+02 2.201055831909179972e+02 2.101574859619140909e+02 
1.266665363311767933e+01 2.666663818359375000e+02 7.000000000000000000e+00 2.299893000000000076e-02 4.267614999999999797e-07 8.810331999999999653e+01 9.631396000000000512e+00 8.574060819999999694e+01 6.895326995849609375e+01 5.762568285587950231e+04 1.350000000000000000e+02 2.191228719312090902e+02 2.041338653564453125e+02 
7.999991416931152344e+00 2.639997253417968750e+02 7.000000000000000000e+00 3.477935000000000141e-03 -1.810360000000000072e-07 8.565994000000000597e+01 1.111646000000000001e+01 7.572902679999999975e+01 1.738438987731933949e+01 2.136108036017187987e+05 1.350000000000000000e+02 2.186067515573683977e+02 1.981102294921875000e+02 
2.733330535888671875e+01 2.979996948242188068e+02 7.000000000000000000e+00 2.791333000000000009e-03 -3.182353000000000200e-07 5.308145999999999987e+01 8.295296999999999699e+00 7.784807589999999777e+01 1.094260787963867010e+01 2.438954942945914081e+04 1.800000000000000000e+02 2.196279518127441008e+02 2.088188934326171875e+02 
1.033332252502441051e+01 3.263330078125000000e+02 8.000000000000000000e+00 1.094981000000000079e-02 5.377128999999999471e-07 8.293478000000000350e+01 1.395428000000000068e+01 7.235142519999999422e+01 5.449049758911132812e+01 4.188753274211061944e+04 1.534349488229219958e+02 2.225069865565145903e+02 2.094881896972655966e+02 
2.966663551330566051e+01 3.269996643066406250e+02 9.000000000000000000e+00 1.754625000000000108e-03 4.747010000000000100e-07 5.654484000000000066e+01 1.537725999999999971e+01 6.375138090000000091e+01 2.147143363952637074e+01 2.150261528637307856e+04 1.800000000000000000e+02 2.246959779527452099e+02 2.181889801025390909e+02 
1.166665458679199041e+01 2.629997253417968750e+02 1.000000000000000000e+01 1.127631999999999940e-02 3.857140999999999744e-07 8.648749999999999716e+01 9.437414000000000414e+00 7.196643829999999298e+01 3.898765563964843750e+01 6.325666190342279879e+04 1.084349488229219958e+02 2.193851571590342076e+02 2.074803161621094034e+02 
9.999989509582519531e+00 2.623330688476561932e+02 6.000000000000000000e+00 1.991365000000000149e-02 4.683757999999999740e-07 9.252949999999999875e+01 1.408070000000000022e+01 8.511124420000000157e+01 7.799713134765625000e+01 7.463978881806358695e+05 1.084349488229219958e+02 2.209752668021382078e+02 1.987795257568359091e+02 
1.033332252502441051e+01 3.209996643066406250e+02 8.000000000000000000e+00 2.461763999999999966e-02 5.632065000000000345e-07 8.964597000000000548e+01 8.348411000000000470e+00 7.172730260000000158e+01 2.727966308593750000e+01 7.433908232157348539e+04 -1.534349488229219958e+02 2.180429507168857128e+02 2.034645690917969034e+02 
2.033331298828125000e+01 3.089996643066406250e+02 8.000000000000000000e+00 7.830924000000000175e-05 5.724183000000000270e-08 5.351207999999999743e+01 1.364310000000000045e+01 6.563972470000000214e+01 2.316976928710937855e+01 1.416515485276035033e+05 1.800000000000000000e+02 2.216145330255681927e+02 2.041338653564453125e+02 
1.366665267944335938e+01 3.299996643066406250e+02 8.000000000000000000e+00 2.182993999999999907e-02 1.029127999999999949e-06 7.665035000000000309e+01 1.196218000000000004e+01 6.721305850000000248e+01 2.746451568603515980e+01 1.067698977461694994e+04 1.165650511770780042e+02 2.253838596343994141e+02 2.181889801025390909e+02 
2.033331298828125000e+01 2.663330688476561932e+02 8.000000000000000000e+00 2.947242000000000091e-03 1.825271999999999882e-07 7.540927999999999543e+01 1.051951999999999998e+01 7.953582000000000107e+01 1.911979980468750000e+02 6.053004082174765790e+04 -1.049314171781375933e+02 2.190576314723238056e+02 2.041338653564453125e+02 
2.533330726623535156e+01 2.946663513183593750e+02 9.000000000000000000e+00 2.430936000000000132e-04 1.460592000000000086e-07 4.755568999999999846e+01 1.752671000000000134e+01 7.464978030000000331e+01 1.119675064086914062e+01 1.478546385554955923e+05 1.800000000000000000e+02 2.144263236422499119e+02 1.981102294921875000e+02 
1.066665554046631037e+01 2.649997253417968750e+02 9.000000000000000000e+00 7.286749999999999824e-03 6.080868000000000264e-07 6.853082000000000562e+01 1.175845999999999947e+01 6.742113489999999842e+01 1.212825870513916016e+01 2.940562521886177128e+05 1.800000000000000000e+02 2.095342416325840134e+02 1.887401580810546875e+02 
1.166665458679199041e+01 2.789996948242188068e+02 9.000000000000000000e+00 2.728784000000000071e-02 1.071027000000000105e-06 8.588736000000000104e+01 1.600088999999999828e+01 7.088491059999999777e+01 7.511737060546875000e+01 3.159130656507228268e+05 -8.053767779197438870e+01 2.160700301799367935e+02 1.961023559570311932e+02 
2.233330917358398082e+01 2.769997253417968750e+02 6.000000000000000000e+00 7.448337999999999660e-03 2.832587999999999980e-07 7.097526999999999475e+01 7.511290999999999940e+00 8.313192750000000331e+01 3.369651412963867188e+01 1.398726999743439046e+04 -4.500000000000000000e+01 2.261596291281960021e+02 2.228740234375000000e+02 
1.099998855590819957e+01 2.633330688476561932e+02 8.000000000000000000e+00 2.792696000000000067e-02 9.697877000000000780e-07 7.626175999999999533e+01 1.281967000000000034e+01 7.750035859999999843e+01 3.899185943603516336e+01 3.893975135777990217e+05 7.156505117707799002e+01 2.182005571411555138e+02 1.894094543457030966e+02 
1.199998760223389027e+01 3.206663208007811932e+02 8.000000000000000000e+00 2.560778000000000013e-02 1.022961999999999998e-06 8.161482999999999777e+01 1.289065000000000083e+01 6.864337159999999471e+01 1.235497474670409979e+01 4.568406623002691049e+04 -9.000000000000000000e+01 2.214173238417681944e+02 2.034645690917969034e+02 
1.933331298828125000e+01 2.683330383300781250e+02 8.000000000000000000e+00 3.314081999999999879e-03 2.343899999999999965e-07 8.088951000000000136e+01 9.737149000000000498e+00 6.630052949999999612e+01 1.165661430358887074e+01 4.794280731672811817e+04 1.800000000000000000e+02 2.093434774037953900e+02 1.920866088867188068e+02 
9.333323478698730469e+00 3.299996643066406250e+02 9.000000000000000000e+00 2.507749000000000089e-02 4.875303000000000017e-07 9.339067000000000007e+01 8.715308999999999529e+00 7.544950869999999554e+01 2.732434463500976918e+01 7.997173835276739555e+04 1.534349488229219958e+02 2.220005353507349071e+02 2.101574859619140909e+02 
1.666664886474609020e+01 2.773330383300781250e+02 9.000000000000000000e+00 5.278218999999999793e-03 3.106033999999999873e-07 7.678588000000000591e+01 1.308079000000000036e+01 7.864657590000000198e+01 2.738905334472655895e+01 1.275970349214746966e+05 1.165650511770780042e+02 2.220736271179829089e+02 2.021259918212890909e+02 
1.466665172576903942e+01 3.386663208007811932e+02 9.000000000000000000e+00 7.386735000000000176e-03 4.667806000000000075e-07 7.921460999999999331e+01 1.494313999999999965e+01 7.325286869999999340e+01 0.000000000000000000e+00 1.407722392652652052e+05 0.000000000000000000e+00 2.133587141216926000e+02 1.967716522216796875e+02 
1.766664886474609020e+01 3.076663513183593750e+02 7.000000000000000000e+00 1.051990000000000043e-03 3.006005999999999845e-07 5.973854999999999649e+01 1.896902000000000044e+01 6.984117890000000273e+01 2.736114883422851918e+01 6.281834266609227052e+04 1.165650511770780042e+02 2.160974423090617051e+02 2.014566955566405966e+02 
2.433330726623535156e+01 2.736663818359375000e+02 7.000000000000000000e+00 8.190327999999999758e-04 -5.672833000000000277e-08 8.007666000000000395e+01 8.132443000000000310e+00 8.073590849999999364e+01 1.670467758178710938e+01 2.126609125757966103e+04 1.350000000000000000e+02 2.181102357752183138e+02 2.041338653564453125e+02 
2.033331298828125000e+01 2.653330688476561932e+02 8.000000000000000000e+00 5.928125999999999708e-03 2.476645999999999928e-07 6.961141000000000645e+01 7.460219000000000378e+00 8.384193419999999719e+01 2.623584175109862926e+01 1.314318112152332906e+05 2.656505117707799002e+01 2.147244102627622908e+02 2.001181030273438068e+02 
1.399998569488525035e+01 3.293329772949218750e+02 8.000000000000000000e+00 3.335528000000000104e-02 1.579651000000000015e-06 8.333065999999999462e+01 1.558079999999999998e+01 6.362781520000000057e+01 3.442965316772460938e+01 1.293207355298759066e+05 1.350000000000000000e+02 2.230879148502939984e+02 2.068110198974609091e+02 
2.366664123535155895e+01 2.813330383300781250e+02 8.000000000000000000e+00 1.271640000000000097e-03 8.683322999999999463e-08 7.050982000000000482e+01 6.215342999999999840e+00 7.965522769999999753e+01 1.134479713439941051e+01 5.416385390502431255e+04 1.800000000000000000e+02 2.196520800923192098e+02 2.007873992919921875e+02 
1.133332157135009943e+01 3.256663208007811932e+02 8.000000000000000000e+00 1.416325000000000049e-02 5.770363999999999485e-07 8.877119999999999322e+01 1.321523999999999965e+01 6.962482450000000256e+01 2.713084983825683949e+01 2.530417953639019106e+05 2.656505117707799002e+01 2.236501106099879905e+02 2.061417388916015909e+02 
1.399998569488525035e+01 3.269996643066406250e+02 8.000000000000000000e+00 1.827499999999999958e-02 8.355850000000000009e-07 9.024372999999999934e+01 1.609556999999999860e+01 6.698630520000000388e+01 1.720981979370116832e+01 6.000929080647556111e+04 1.350000000000000000e+02 2.121207363552516938e+02 1.974409484863280966e+02 
1.166665458679199041e+01 3.373329772949218750e+02 8.000000000000000000e+00 2.040840000000000015e-02 1.071108000000000012e-06 7.683086000000000126e+01 1.354775000000000063e+01 6.732633210000000190e+01 0.000000000000000000e+00 1.076425472454575065e+05 0.000000000000000000e+00 2.228321859359741097e+02 2.048031463623046875e+02 
7.999991416931152344e+00 3.386663208007811932e+02 8.000000000000000000e+00 7.568306000000000447e-05 2.624824000000000158e-08 7.440721999999999525e+01 1.537331999999999965e+01 7.224713900000000422e+01 1.739142799377441051e+01 1.495907825892603068e+04 -4.500000000000000000e+01 2.259162500554865005e+02 2.175196838378905966e+02 
1.199998760223389027e+01 3.103330078125000000e+02 9.000000000000000000e+00 1.841425999999999827e-02 7.886107999999999560e-07 6.361847999999999814e+01 9.070368999999999460e+00 7.955684660000000008e+01 3.625479125976561789e+01 1.343482337516784028e+05 1.800000000000000000e+02 2.151437010192871071e+02 1.967716522216796875e+02 
9.999989509582519531e+00 3.213330078125000000e+02 9.000000000000000000e+00 4.059199000000000140e-02 6.031437000000000144e-07 9.110886999999999603e+01 9.649321000000000481e+00 8.433518220000000554e+01 2.753143501281737926e+01 2.245819078455225099e+05 1.165650511770780042e+02 2.221805348223950887e+02 2.034645690917969034e+02 
7.999991416931152344e+00 3.293329772949218750e+02 1.000000000000000000e+01 2.646478999999999845e-02 7.556033000000000226e-07 7.909122000000000696e+01 1.038827999999999996e+01 7.713818360000000496e+01 3.865285110473632812e+01 2.624166014754776261e+05 1.615650511770780042e+02 2.211435694719226035e+02 2.041338653564453125e+02 
1.333331966400145951e+01 3.069996948242188068e+02 1.000000000000000000e+01 6.061715999999999979e-03 2.343690999999999913e-07 7.196953000000000600e+01 5.731980000000000075e+00 7.834717559999999992e+01 1.202222156524658025e+01 2.057142304280571116e+05 1.800000000000000000e+02 2.203055028543844003e+02 1.974409484863280966e+02 
1.233332061767577947e+01 2.613330688476561932e+02 6.000000000000000000e+00 3.057139999999999858e-02 4.622738999999999821e-07 9.238997000000000526e+01 1.009553000000000011e+01 8.773339839999999867e+01 2.413924217224121094e+01 4.656497822493903222e+05 1.800000000000000000e+02 2.172708719566851130e+02 1.967716522216796875e+02 
9.333323478698730469e+00 2.703330383300781250e+02 7.000000000000000000e+00 9.881743999999999598e-03 8.760126999999999679e-07 9.343908999999999310e+01 1.517023000000000010e+01 5.025202939999999785e+01 2.433411026000976918e+01 4.830436860697402153e+05 1.800000000000000000e+02 2.161961018965691892e+02 1.920866088867188068e+02 
5.999993801116943359e+00 3.273329772949218750e+02 7.000000000000000000e+00 2.391496000000000116e-04 -2.846411000000000129e-08 8.297777999999999565e+01 1.118206999999999951e+01 8.093933110000000397e+01 6.157662582397460938e+01 5.445095350032966817e+05 1.268698976458440058e+02 2.215756926572412056e+02 1.967716522216796875e+02 
1.199998760223389027e+01 2.986663513183593750e+02 7.000000000000000000e+00 2.202368000000000034e-02 8.439414999999999606e-07 8.206450999999999851e+01 1.184209000000000067e+01 6.927596280000000206e+01 3.828073883056641336e+01 2.578315199616279860e+05 -1.843494882292200998e+01 2.189837609926858875e+02 2.048031463623046875e+02 
1.666664886474609020e+01 2.806663818359375000e+02 8.000000000000000000e+00 8.684387000000000009e-03 3.366403000000000052e-07 7.321877000000000635e+01 7.916004000000000040e+00 7.899562070000000347e+01 2.367240905761719105e+01 9.467719153355577146e+04 1.800000000000000000e+02 2.167295515272352020e+02 1.974409484863280966e+02 
1.166665458679199041e+01 3.369996337890625000e+02 8.000000000000000000e+00 2.445218999999999865e-02 5.515350000000000481e-07 8.312318000000000495e+01 7.402787000000000006e+00 7.529125209999999413e+01 2.715746498107910156e+01 8.747264269255760883e+04 -1.534349488229219958e+02 2.254996990497295997e+02 2.128346557617188068e+02 
1.233332061767577947e+01 2.616663818359375000e+02 9.000000000000000000e+00 2.826214000000000157e-02 6.348321000000000218e-07 9.172522999999999627e+01 1.273517000000000010e+01 7.975972749999999678e+01 1.727694702148437855e+01 3.353359934823143703e+04 -1.350000000000000000e+02 2.246677178955077920e+02 2.081496124267578125e+02 
1.699998283386230113e+01 2.733330383300781250e+02 1.000000000000000000e+01 8.463661000000000144e-04 4.876891000000000256e-08 9.007841000000000520e+01 9.637221000000000259e+00 8.253065490000000182e+01 1.181442451477050959e+01 3.942354955564702686e+04 1.800000000000000000e+02 2.184790028889973996e+02 2.034645690917969034e+02 
1.133332157135009943e+01 2.809996948242188068e+02 1.000000000000000000e+01 4.174876000000000281e-02 6.301036000000000466e-07 9.038625999999999294e+01 8.732592999999999606e+00 8.132164000000000215e+01 5.501329421997070312e+01 6.733470220082656851e+03 1.165650511770780042e+02 2.192598480224608863e+02 2.101574859619140909e+02 
1.399998569488525035e+01 2.663330688476561932e+02 6.000000000000000000e+00 1.651098999999999969e-02 2.382295999999999881e-07 9.643632999999999811e+01 7.758244999999999614e+00 8.780527499999999463e+01 6.074005508422852273e+01 1.427132263679394964e+05 -1.431301023541560085e+02 2.154242418235708101e+02 1.974409484863280966e+02 
1.099998855590819957e+01 3.089996643066406250e+02 7.000000000000000000e+00 3.042730000000000001e-03 2.050715000000000109e-07 7.993161999999999523e+01 1.068933000000000000e+01 7.194194790000000239e+01 4.851200485229492188e+01 2.967850125881442000e+04 1.800000000000000000e+02 2.226610606800425955e+02 2.088188934326171875e+02 
1.333331966400145951e+01 2.703330383300781250e+02 7.000000000000000000e+00 1.307321999999999998e-02 6.090554000000000183e-07 7.057908999999999367e+01 1.355799999999999983e+01 8.380759430000000521e+01 4.815432357788085938e+01 8.827739160812484624e+04 1.800000000000000000e+02 2.201664301554361884e+02 2.027952728271484091e+02 
1.266665363311767933e+01 3.126663513183593750e+02 9.000000000000000000e+00 1.052257000000000019e-02 6.416235000000000411e-07 7.243586999999999421e+01 1.476838000000000051e+01 7.652086640000000273e+01 4.980424499511718750e+01 8.040248272077193178e+03 -1.403624346792648048e+01 2.283398971557616903e+02 2.228740234375000000e+02 
1.299998664855957031e+01 2.616663818359375000e+02 9.000000000000000000e+00 1.702738999999999989e-02 3.559332999999999914e-07 9.634045000000000414e+01 1.183317000000000085e+01 8.337495420000000479e+01 1.235497474670409979e+01 5.301541016384526156e+05 9.000000000000000000e+01 2.190729156262947015e+02 1.981102294921875000e+02 
1.066665554046631037e+01 2.653330688476561932e+02 9.000000000000000000e+00 4.117819999999999814e-02 9.188083999999999730e-07 9.231440000000000623e+01 1.222505999999999915e+01 7.355923459999999636e+01 1.235497474670409979e+01 2.685890782221421832e+05 9.000000000000000000e+01 2.183302349301438881e+02 1.934252014160155966e+02 
8.666657447814941406e+00 2.649997253417968750e+02 6.000000000000000000e+00 6.735457999999999723e-02 7.464948999999999964e-07 9.919310000000000116e+01 1.171648000000000067e+01 8.811608119999999644e+01 2.754865264892578125e+01 4.435614962331437273e+05 6.343494882292200998e+01 2.201334025998363018e+02 1.981102294921875000e+02 
1.333331966400145951e+01 2.606663818359375000e+02 7.000000000000000000e+00 3.031607000000000052e-02 4.037071000000000218e-07 9.568773000000000195e+01 8.125149000000000399e+00 8.438344569999999578e+01 6.132469177246093750e+01 1.443420003970550024e+05 1.686900675259797993e+02 2.149850558528193858e+02 1.974409484863280966e+02 
1.166665458679199041e+01 2.613330688476561932e+02 8.000000000000000000e+00 7.916433000000000497e-03 3.713662000000000025e-07 6.980540000000000589e+01 8.335622000000000753e+00 7.768159479999999917e+01 3.460570144653320312e+01 1.089992296962174005e+05 -4.500000000000000000e+01 2.211470802212938906e+02 2.041338653564453125e+02 
2.466664123535155895e+01 2.706663818359375000e+02 8.000000000000000000e+00 2.323797999999999836e-02 7.116928000000000345e-07 8.024004999999999654e+01 1.392830999999999975e+01 8.347146610000000067e+01 5.065902709960938211e+01 1.720379813879498979e+05 1.040362434679264965e+02 2.233978107839390930e+02 2.061417388916015909e+02 
1.633331680297851918e+01 3.123330078125000000e+02 8.000000000000000000e+00 7.990043999999999966e-03 7.041042999999999927e-07 8.578601000000000454e+01 2.157351999999999848e+01 6.615532679999999743e+01 2.371323966979980113e+01 1.120884736136272986e+05 1.800000000000000000e+02 2.205511824663946925e+02 2.034645690917969034e+02 
1.433331871032715021e+01 3.266663208007811932e+02 8.000000000000000000e+00 1.036070000000000046e-02 6.690224000000000152e-07 8.464267999999999859e+01 1.336105000000000054e+01 6.135966109999999674e+01 3.591098403930664062e+01 5.592652506192937290e+04 1.800000000000000000e+02 2.219019513811383888e+02 2.021259918212890909e+02 
2.366664123535155895e+01 2.686663818359375000e+02 8.000000000000000000e+00 1.416286999999999928e-02 5.030447999999999783e-07 9.335043000000000291e+01 1.573204999999999920e+01 7.594777679999999975e+01 1.131706237792968928e+01 4.530069569524838153e+04 1.800000000000000000e+02 2.185793982611762090e+02 2.014566955566405966e+02 
8.666657447814941406e+00 3.339996643066406250e+02 9.000000000000000000e+00 9.544459999999999403e-03 4.837627999999999781e-07 8.548574000000000694e+01 1.611652000000000129e+01 7.488338469999999347e+01 4.435898590087891336e+01 3.638633749841926037e+05 1.236900675259797993e+02 2.206238996021783123e+02 1.994488220214844034e+02 
1.333331966400145951e+01 3.329996643066406250e+02 9.000000000000000000e+00 1.412869999999999925e-02 7.224860000000000017e-07 7.345847999999999445e+01 1.037217000000000056e+01 6.886581420000000264e+01 1.202222156524658025e+01 5.077136535539915349e+04 1.800000000000000000e+02 2.192633666992188068e+02 2.061417388916015909e+02 
1.066665554046631037e+01 2.679997253417968750e+02 1.000000000000000000e+01 3.414322000000000190e-02 8.796472000000000260e-07 8.362779999999999347e+01 1.164744999999999919e+01 7.660711670000000595e+01 2.725667953491210938e+01 4.600280343227789854e+05 -1.534349488229219958e+02 2.209191367856917907e+02 1.981102294921875000e+02 
1.033332252502441051e+01 2.826663818359375000e+02 1.000000000000000000e+01 1.435978000000000081e-02 5.219640000000000012e-07 7.265582000000000562e+01 8.736826000000000647e+00 7.789160160000000133e+01 2.753099632263183949e+01 1.514138886718779104e+05 1.165650511770780042e+02 2.214936045237949997e+02 2.021259918212890909e+02 
2.633330535888671875e+01 3.023330078125000000e+02 6.000000000000000000e+00 1.289008999999999977e-04 3.180463999999999699e-08 8.041245999999999583e+01 1.017775999999999925e+01 6.225393300000000352e+01 3.867006301879882812e+01 8.116013420857269375e+04 1.084349488229219958e+02 2.227219057950107128e+02 2.101574859619140909e+02 
1.933331298828125000e+01 2.659997253417968750e+02 7.000000000000000000e+00 2.911756999999999887e-02 6.827673999999999573e-07 9.135886000000000706e+01 1.131466999999999956e+01 7.470536040000000355e+01 3.390737915039061789e+01 1.087926274467775947e+05 1.350000000000000000e+02 2.166033955528623096e+02 1.974409484863280966e+02 
1.999997901916503906e+01 2.676663818359375000e+02 8.000000000000000000e+00 1.081284000000000065e-02 2.610131999999999936e-07 8.313794000000000040e+01 6.495313999999999588e+00 8.044354250000000661e+01 2.321932792663573863e+01 3.485166707540566858e+04 1.800000000000000000e+02 2.161811037416811132e+02 2.048031463623046875e+02 
2.066664505004883168e+01 2.929996948242188068e+02 8.000000000000000000e+00 1.601707999999999951e-02 4.661765000000000186e-07 9.430295999999999879e+01 1.384754000000000040e+01 7.734358980000000372e+01 0.000000000000000000e+00 3.337424095704354113e+05 0.000000000000000000e+00 2.202792265085072927e+02 2.027952728271484091e+02 
2.066664505004883168e+01 2.653330688476561932e+02 9.000000000000000000e+00 7.898010999999999920e-03 2.522777999999999934e-07 7.920203999999999667e+01 7.966463000000000072e+00 8.188539120000000082e+01 4.245628738403320312e+01 2.079587040992603870e+05 1.463099324740202007e+02 2.156646739818432081e+02 1.974409484863280966e+02 
2.266664314270019887e+01 2.726663818359375000e+02 9.000000000000000000e+00 7.370866000000000223e-03 2.728612999999999738e-07 7.470127999999999702e+01 8.009344999999999715e+00 8.170973970000000008e+01 1.235494232177734020e+01 1.899354303811287900e+04 9.000000000000000000e+01 2.226955362955729072e+02 2.114960632324219034e+02 
1.233332061767577947e+01 3.363329772949218750e+02 9.000000000000000000e+00 3.274345000000000033e-02 1.435941999999999981e-06 7.741078000000000259e+01 1.555058000000000007e+01 7.134114839999999447e+01 5.495804595947266336e+01 3.098452845675863791e+05 1.165650511770780042e+02 2.132576616956042130e+02 1.874015808105469034e+02 
1.899998092651366832e+01 2.646663818359375000e+02 1.000000000000000000e+01 9.656091000000000327e-03 3.491135000000000245e-07 8.811833000000000027e+01 1.099601999999999968e+01 7.422386930000000405e+01 2.331609153747558949e+01 1.038630260600937036e+05 1.800000000000000000e+02 2.171348443984985011e+02 1.947637786865234091e+02 
2.066664505004883168e+01 2.686663818359375000e+02 6.000000000000000000e+00 4.913124999999999958e-04 -9.919162000000000369e-08 8.289808999999999628e+01 1.558005999999999958e+01 6.256618879999999905e+01 1.691186904907226918e+01 1.040428412144790054e+05 1.350000000000000000e+02 2.128924869490259084e+02 1.967716522216796875e+02 
1.099998855590819957e+01 2.673330688476561932e+02 6.000000000000000000e+00 2.998763999999999944e-02 6.573011000000000094e-07 9.308948999999999785e+01 1.202795000000000059e+01 7.713449860000000058e+01 3.629901123046875000e+01 5.905036213911212981e+05 1.800000000000000000e+02 2.173378469737153011e+02 1.887401580810546875e+02 
2.833330345153808949e+01 2.859996948242188068e+02 8.000000000000000000e+00 5.567591999999999463e-04 -4.650084000000000255e-07 3.448751000000000033e+01 1.333801000000000059e+01 6.811992650000000538e+01 0.000000000000000000e+00 6.038522079190932345e+03 0.000000000000000000e+00 2.280944885253906023e+02 2.242126007080078125e+02 
2.266664314270019887e+01 2.673330688476561932e+02 8.000000000000000000e+00 5.091636000000000079e-03 2.041517000000000108e-07 8.161992999999999654e+01 9.093591999999999231e+00 7.946445470000000455e+01 1.140003299713134943e+01 8.864514768571631066e+03 0.000000000000000000e+00 2.235433088030133888e+02 2.161810913085938068e+02 
1.499998474121093928e+01 3.083330078125000000e+02 8.000000000000000000e+00 3.101706999999999988e-03 3.683455000000000210e-07 6.372811999999999699e+01 1.161716000000000015e+01 6.977105709999999306e+01 1.235494232177734020e+01 3.051589731169584047e+04 9.000000000000000000e+01 2.219719284721043095e+02 2.101574859619140909e+02 
1.266665363311767933e+01 3.173330078125000000e+02 8.000000000000000000e+00 1.465305000000000080e-02 6.548340000000000521e-07 8.145046999999999571e+01 1.063481999999999950e+01 6.660169980000000578e+01 1.726759910583496094e+01 2.182677801410158863e+05 -1.350000000000000000e+02 2.200408209116181126e+02 2.007873992919921875e+02 
1.533331775665283025e+01 3.169996643066406250e+02 9.000000000000000000e+00 7.197377999999999935e-03 5.429902999999999967e-07 7.797078000000000486e+01 1.083067999999999920e+01 6.066439439999999905e+01 1.715730285644530895e+01 4.899723115409228194e+04 1.350000000000000000e+02 2.170131930789432033e+02 2.054724426269530966e+02 
1.133332157135009943e+01 3.376663208007811932e+02 9.000000000000000000e+00 2.605512999999999926e-02 7.617080999999999993e-07 7.997287000000000035e+01 1.076249999999999929e+01 7.650948329999999942e+01 2.715923118591308949e+01 2.127519423418531951e+05 1.534349488229219958e+02 2.115680766045292955e+02 1.920866088867188068e+02 
1.166665458679199041e+01 3.316663208007811932e+02 9.000000000000000000e+00 5.779971000000000067e-03 2.558892000000000068e-07 7.139130000000000109e+01 8.613758999999999943e+00 8.322646330000000603e+01 2.713084983825683949e+01 1.318464662494261866e+05 1.534349488229219958e+02 2.144600688389369054e+02 1.954330749511719034e+02 
1.499998474121093928e+01 2.773330383300781250e+02 9.000000000000000000e+00 6.410246999999999994e-03 2.272798999999999889e-07 7.476103000000000520e+01 7.241240999999999595e+00 8.294359590000000537e+01 2.386754226684569957e+01 2.015679182530264952e+05 1.800000000000000000e+02 2.110117086109362106e+02 1.900787353515625000e+02 
2.533330726623535156e+01 3.006663513183593750e+02 1.000000000000000000e+01 2.343486000000000093e-03 2.202767000000000047e-07 6.977397000000000560e+01 1.250801000000000052e+01 7.710262299999999414e+01 2.470994949340819957e+01 1.740239036600422987e+05 9.000000000000000000e+01 2.218174928937640118e+02 2.108267669677734091e+02 
9.666656494140625000e+00 3.193330078125000000e+02 7.000000000000000000e+00 1.032304000000000034e-02 4.485869999999999921e-07 7.947445999999999344e+01 9.039554000000000755e+00 6.954900360000000603e+01 3.848134613037108664e+01 1.164140896227974008e+05 1.615650511770780042e+02 2.199089016581690998e+02 2.021259918212890909e+02 
1.033332252502441051e+01 2.626663818359375000e+02 7.000000000000000000e+00 2.557022000000000114e-02 8.502542999999999614e-07 7.957940999999999576e+01 1.366599000000000075e+01 7.891402440000000240e+01 1.097859420776367045e+02 4.697923660547768814e+05 6.340191745909908860e+00 2.203584051022583878e+02 2.001181030273438068e+02 
2.599997329711914062e+01 2.766663818359375000e+02 8.000000000000000000e+00 6.970810000000000027e-03 5.462494000000000050e-07 7.944303999999999633e+01 2.130286999999999864e+01 7.705495449999999380e+01 1.660152435302734020e+01 8.888372335211036261e+04 4.500000000000000000e+01 2.220559938218858917e+02 2.054724426269530966e+02 
1.399998569488525035e+01 3.239996643066406250e+02 8.000000000000000000e+00 1.059418999999999986e-02 7.972454999999999506e-07 6.865265999999999735e+01 9.056487000000000620e+00 6.095356369999999657e+01 4.795198059082031250e+01 3.464742560836194025e+04 1.800000000000000000e+02 2.158464596088116139e+02 2.061417388916015909e+02 
1.633331680297851918e+01 2.986663513183593750e+02 8.000000000000000000e+00 8.842776000000000108e-03 3.590795999999999883e-07 8.524429999999999552e+01 1.362440999999999924e+01 7.947750089999999545e+01 5.126296234130858664e+01 5.532743111427841359e+04 1.350000000000000000e+02 2.223003380185081994e+02 2.088188934326171875e+02 
1.299998664855957031e+01 3.266663208007811932e+02 9.000000000000000000e+00 1.666940999999999909e-02 7.979240999999999842e-07 7.979285000000000139e+01 1.258435000000000059e+01 6.828130339999999876e+01 2.704669189453125000e+01 7.627502612882533867e+04 1.534349488229219958e+02 2.173435569897033020e+02 2.034645690917969034e+02 
1.433331871032715021e+01 3.316663208007811932e+02 9.000000000000000000e+00 3.484947000000000045e-02 1.039399999999999950e-06 9.653682999999999481e+01 1.408278999999999925e+01 6.599639890000000264e+01 4.788161087036132812e+01 1.730824477350323868e+05 1.800000000000000000e+02 2.186111464280349139e+02 1.981102294921875000e+02 
1.466665172576903942e+01 2.603330688476561932e+02 9.000000000000000000e+00 2.396745000000000125e-02 5.470458999999999685e-07 9.492531999999999925e+01 1.552242000000000033e+01 8.488466640000000041e+01 3.440583038330078125e+01 4.962792779531524866e+05 -1.350000000000000000e+02 2.091839660399737966e+02 1.887401580810546875e+02 
1.333331966400145951e+01 2.803330383300781250e+02 9.000000000000000000e+00 2.523465000000000083e-02 8.116682000000000497e-07 7.750394000000000005e+01 1.333510000000000062e+01 8.179508970000000545e+01 2.704669189453125000e+01 6.483915617313020630e+05 -1.534349488229219958e+02 2.112573266098179943e+02 1.920866088867188068e+02 
2.399997520446776988e+01 2.963330383300781250e+02 9.000000000000000000e+00 2.082530999999999879e-03 1.276501999999999925e-07 7.483472999999999331e+01 9.539877999999999858e+00 8.262265010000000132e+01 1.672458076477051137e+01 3.384439318142415868e+04 1.350000000000000000e+02 2.242869663944950958e+02 2.141732177734375000e+02 
1.333331966400145951e+01 3.036663513183593750e+02 1.000000000000000000e+01 1.290965999999999989e-02 5.638939999999999538e-07 8.369261000000000195e+01 1.895445000000000135e+01 8.392615510000000256e+01 6.074005508422852273e+01 2.431365491323301103e+05 -1.431301023541560085e+02 2.184721393794804101e+02 2.001181030273438068e+02 
1.099998855590819957e+01 3.119996643066406250e+02 1.000000000000000000e+01 3.674322000000000005e-02 7.292678999999999706e-07 7.888983000000000345e+01 7.798593999999999582e+00 8.021453089999999975e+01 3.840457916259766336e+01 1.927345373099262069e+05 -1.615650511770780042e+02 2.104897871751051923e+02 1.927559051513671875e+02 
2.833330345153808949e+01 3.253330078125000000e+02 1.000000000000000000e+01 3.079193000000000034e-03 3.709685999999999963e-07 6.309344999999999715e+01 1.022658000000000023e+01 6.701558690000000240e+01 1.084081649780273082e+01 1.581735097934824880e+05 1.800000000000000000e+02 2.193845051772721888e+02 2.027952728271484091e+02 
9.999989509582519531e+00 2.623330688476561932e+02 7.000000000000000000e+00 2.109426999999999830e-02 4.035387000000000214e-07 8.770928999999999576e+01 1.049154000000000053e+01 8.854915619999999876e+01 2.725756645202637074e+01 1.095921447738877032e+05 1.534349488229219958e+02 2.133634698184920069e+02 1.894094543457030966e+02 
9.999989509582519531e+00 2.633330688476561932e+02 7.000000000000000000e+00 4.620048999999999684e-02 1.011786000000000031e-06 9.335277000000000669e+01 1.285453000000000046e+01 7.338267519999999422e+01 2.470998001098633168e+01 5.057730498123724828e+05 9.000000000000000000e+01 2.215783837058326924e+02 1.927559051513671875e+02 
2.866663742065430043e+01 2.726663818359375000e+02 8.000000000000000000e+00 1.539243000000000035e-02 5.939274000000000168e-07 6.265740999999999872e+01 8.088157000000000707e+00 8.464361569999999801e+01 1.084170627593993963e+01 6.143839760941589338e+04 0.000000000000000000e+00 2.176115504246131991e+02 2.041338653564453125e+02 
7.999991416931152344e+00 3.283329772949218750e+02 8.000000000000000000e+00 1.567862000000000075e-02 4.652048000000000047e-07 8.231919999999999504e+01 9.095795000000000741e+00 7.594034580000000290e+01 3.871324920654296875e+01 1.986489036683950108e+05 -1.615650511770780042e+02 2.208294700727070961e+02 1.981102294921875000e+02 
2.833330345153808949e+01 2.826663818359375000e+02 9.000000000000000000e+00 2.626252999999999943e-04 3.718210000000000047e-08 7.073959000000000685e+01 8.677016999999999314e+00 7.880535129999999810e+01 0.000000000000000000e+00 8.462301883899043605e+04 0.000000000000000000e+00 2.137238477434430877e+02 2.014566955566405966e+02 
2.433330726623535156e+01 3.136663513183593750e+02 9.000000000000000000e+00 8.352443999999999884e-04 -3.399057999999999890e-07 4.077523000000000053e+01 9.023236000000000701e+00 6.731623079999999959e+01 0.000000000000000000e+00 3.006113220705787899e+04 0.000000000000000000e+00 2.131971791585287122e+02 2.014566955566405966e+02 
1.199998760223389027e+01 3.023330078125000000e+02 9.000000000000000000e+00 2.130891000000000035e-02 8.272867000000000383e-07 7.306645000000000323e+01 1.386790000000000056e+01 8.246163180000000636e+01 4.845631408691406250e+01 4.633705219666687190e+05 1.800000000000000000e+02 2.135175174878991129e+02 1.927559051513671875e+02 
2.966663551330566051e+01 3.066663513183593750e+02 9.000000000000000000e+00 1.052540000000000073e-02 5.749512000000000086e-07 7.292425000000000068e+01 1.207531999999999961e+01 7.437005619999999340e+01 0.000000000000000000e+00 1.910330607175875048e+04 0.000000000000000000e+00 2.192347421646117880e+02 2.088188934326171875e+02 
2.666663932800292969e+01 3.063330078125000000e+02 9.000000000000000000e+00 7.922359999999999819e-03 5.752669999999999591e-07 6.093395000000000294e+01 8.872716999999999743e+00 7.290911099999999578e+01 1.653708457946776988e+01 4.413990020724971691e+04 4.500000000000000000e+01 2.236362656487359004e+02 2.128346557617188068e+02 
1.033332252502441051e+01 3.163330078125000000e+02 9.000000000000000000e+00 1.361137999999999931e-02 6.417793000000000219e-07 7.050303999999999860e+01 1.118459999999999965e+01 7.717588809999999455e+01 3.848134613037108664e+01 2.957943924902611761e+05 -1.615650511770780042e+02 2.168931809516801934e+02 1.987795257568359091e+02 
1.099998855590819957e+01 2.619997253417968750e+02 1.000000000000000000e+01 5.468133000000000021e-02 8.270463999999999485e-07 8.849903999999999371e+01 1.183614000000000033e+01 8.785398859999999388e+01 3.840457916259766336e+01 6.076896365745241055e+05 -1.615650511770780042e+02 2.148069044227345898e+02 1.907480316162109091e+02 
9.999989509582519531e+00 3.199996643066406250e+02 6.000000000000000000e+00 2.482111999999999860e-03 5.669655000000000353e-07 7.285487000000000535e+01 1.311081000000000074e+01 4.775091549999999785e+01 2.433411026000976918e+01 8.118304223433873267e+04 1.800000000000000000e+02 2.208772987365722997e+02 1.994488220214844034e+02 
1.133332157135009943e+01 3.076663513183593750e+02 7.000000000000000000e+00 1.699068000000000106e-02 6.312346999999999713e-07 7.559714999999999918e+01 8.560800999999999661e+00 7.154872890000000041e+01 3.836539840698242188e+01 3.502579801369660709e+04 1.615650511770780042e+02 2.263749242929312118e+02 2.161810913085938068e+02 
1.233332061767577947e+01 3.183330078125000000e+02 7.000000000000000000e+00 1.016122000000000032e-02 7.347857000000000493e-07 8.650543999999999301e+01 1.021132000000000062e+01 5.168001939999999905e+01 2.710439491271973012e+01 9.399307728027897247e+04 1.534349488229219958e+02 2.181507328578404099e+02 2.034645690917969034e+02 
2.533330726623535156e+01 2.793330383300781250e+02 8.000000000000000000e+00 7.415711000000000178e-03 5.654035999999999503e-07 6.211659000000000219e+01 1.371306000000000047e+01 8.217199709999999868e+01 4.616496658325195312e+01 2.554524648486468068e+05 1.659637565320734893e+02 2.139133105231719867e+02 1.947637786865234091e+02 
1.366665267944335938e+01 2.963330383300781250e+02 8.000000000000000000e+00 1.819944999999999896e-02 5.407058000000000400e-07 8.274487000000000592e+01 9.470321999999999463e+00 7.460729220000000339e+01 1.235500621795653942e+01 1.333948898926420043e+04 9.000000000000000000e+01 2.186574783325195028e+02 2.121653442382811932e+02 
2.366664123535155895e+01 2.693330383300781250e+02 8.000000000000000000e+00 3.000268999999999853e-03 1.679816999999999986e-07 8.856789000000000556e+01 1.573155000000000037e+01 8.257681270000000495e+01 2.263132858276366832e+01 2.264457063483315142e+04 1.800000000000000000e+02 2.203827650282117929e+02 2.061417388916015909e+02 
1.466665172576903942e+01 3.313329772949218750e+02 8.000000000000000000e+00 2.530017000000000030e-02 1.020593000000000039e-06 7.759797000000000367e+01 1.358106000000000080e+01 7.343021389999999826e+01 2.390532493591308949e+01 2.124799385349567092e+04 1.800000000000000000e+02 2.158046255111694052e+02 2.034645690917969034e+02 
2.699997138977051137e+01 2.736663818359375000e+02 9.000000000000000000e+00 1.747461000000000066e-03 1.105384999999999942e-07 8.202316000000000429e+01 9.143541000000000807e+00 7.536888120000000413e+01 1.235500621795653942e+01 9.803291713787888511e+03 9.000000000000000000e+01 2.242125988006592081e+02 2.161810913085938068e+02 
1.099998855590819957e+01 3.396663208007811932e+02 9.000000000000000000e+00 1.528347000000000039e-02 9.557863000000000887e-07 7.933432999999999424e+01 1.288001000000000040e+01 6.149001690000000053e+01 4.394663238525391336e+01 6.202795703212126682e+04 1.463099324740202007e+02 2.172723385354746881e+02 2.014566955566405966e+02 
1.466665172576903942e+01 3.276663208007811932e+02 9.000000000000000000e+00 1.654370999999999967e-02 1.121185999999999992e-06 7.688854999999999507e+01 1.498492000000000068e+01 6.378186039999999934e+01 1.235500621795653942e+01 1.620897372085867100e+05 -9.000000000000000000e+01 2.194562429209223922e+02 2.001181030273438068e+02 
2.833330345153808949e+01 2.979996948242188068e+02 9.000000000000000000e+00 5.647977000000000206e-03 5.456716999999999614e-07 7.794195000000000562e+01 1.896059999999999945e+01 6.955586239999999520e+01 2.498459815979003906e+01 1.487088851676450868e+05 1.534349488229219958e+02 2.195166776083349021e+02 2.021259918212890909e+02 
1.766664886474609020e+01 2.753330383300781250e+02 9.000000000000000000e+00 3.339810999999999822e-03 1.574245000000000078e-07 7.579733000000000231e+01 1.052093999999999951e+01 8.883486940000000232e+01 1.705812072753905895e+01 6.676114727844379377e+04 4.500000000000000000e+01 2.071784787645526933e+02 1.920866088867188068e+02 
1.699998283386230113e+01 2.936663513183593750e+02 1.000000000000000000e+01 5.970152999999999745e-03 2.766592000000000002e-07 7.881595000000000084e+01 1.416629999999999967e+01 8.722011569999999381e+01 4.941996002197266336e+01 1.380049981629012909e+05 9.000000000000000000e+01 2.155309331984747132e+02 1.927559051513671875e+02 
1.099998855590819957e+01 3.253330078125000000e+02 1.000000000000000000e+01 1.840189000000000061e-02 5.833475999999999686e-07 9.156641000000000474e+01 1.593723999999999918e+01 7.887477869999999314e+01 2.720940971374512074e+01 3.895629222834543907e+05 -1.534349488229219958e+02 2.180731835282797988e+02 2.007873992919921875e+02 
2.833330345153808949e+01 2.823330383300781250e+02 7.000000000000000000e+00 1.951343999999999995e-02 7.586566999999999856e-07 6.732301999999999964e+01 7.988122999999999863e+00 7.515945429999999305e+01 1.644820785522460938e+01 7.865576613706091302e+04 4.500000000000000000e+01 2.195481546255259104e+02 2.074803161621094034e+02 
1.366665267944335938e+01 3.086663513183593750e+02 8.000000000000000000e+00 7.873638999999999985e-03 5.453503999999999650e-07 7.384833000000000425e+01 1.331985000000000063e+01 7.100112149999999644e+01 3.805126571655272727e+01 6.670671263731236104e+04 1.615650511770780042e+02 2.187110244750975880e+02 2.021259918212890909e+02 
1.233332061767577947e+01 3.029996948242188068e+02 8.000000000000000000e+00 1.743837000000000165e-02 7.076662000000000162e-07 8.145650000000000546e+01 1.450930999999999926e+01 7.614080049999999744e+01 4.828042602539061789e+01 2.870114480616666842e+05 1.800000000000000000e+02 2.158808603732385052e+02 1.987795257568359091e+02 
1.199998760223389027e+01 3.383329772949218750e+02 8.000000000000000000e+00 1.070033999999999916e-02 1.318334000000000031e-06 6.122408999999999679e+01 1.436463000000000001e+01 6.282107539999999801e+01 1.728808784484862926e+01 5.107246829013970273e+04 -1.350000000000000000e+02 2.138561959517629134e+02 1.947637786865234091e+02 
8.666657447814941406e+00 3.159996643066406250e+02 8.000000000000000000e+00 2.587412000000000045e-02 6.013074000000000207e-07 7.546599000000000501e+01 1.097195999999999927e+01 9.165364069999999685e+01 3.865285110473632812e+01 1.846644885550953913e+05 1.615650511770780042e+02 2.196801187851849875e+02 2.061417388916015909e+02 
2.866663742065430043e+01 2.963330383300781250e+02 8.000000000000000000e+00 1.741149999999999957e-04 1.742249999999999934e-08 7.973300000000000409e+01 7.439325000000000188e+00 8.508242799999999306e+01 1.235506916046142933e+01 7.350126817313212086e+04 -9.000000000000000000e+01 2.180353703733350130e+02 2.021259918212890909e+02 
9.666656494140625000e+00 3.326663208007811932e+02 9.000000000000000000e+00 1.783339000000000105e-02 5.081070999999999772e-07 9.029816999999999894e+01 1.169951000000000008e+01 7.529902649999999653e+01 3.855343627929688211e+01 2.058326384309672867e+05 -1.615650511770780042e+02 2.152564242513556110e+02 1.961023559570311932e+02 
1.533331775665283025e+01 3.016663513183593750e+02 9.000000000000000000e+00 2.466153999999999916e-02 5.305774999999999612e-07 8.120789999999999509e+01 9.676455000000000695e+00 8.551979830000000504e+01 5.083125305175781250e+01 1.153486506598790002e+05 1.040362434679264965e+02 2.146963532546471072e+02 1.947637786865234091e+02 
1.399998569488525035e+01 3.283329772949218750e+02 9.000000000000000000e+00 2.350489999999999871e-02 7.741077000000000093e-07 9.014776999999999418e+01 1.335623000000000005e+01 7.036666110000000174e+01 2.394034385681151988e+01 4.129779828579515743e+04 1.800000000000000000e+02 2.144539012293662097e+02 1.974409484863280966e+02 
1.266665363311767933e+01 2.626663818359375000e+02 1.000000000000000000e+01 2.196976000000000137e-02 5.823888999999999959e-07 8.859747000000000128e+01 1.221466999999999992e+01 7.805640409999999463e+01 6.628294372558593750e+01 6.567929736536976998e+04 1.118014094863518011e+02 2.146649540492466883e+02 2.001181030273438068e+02 
2.099997901916503906e+01 2.656663818359375000e+02 6.000000000000000000e+00 4.208362999999999687e-03 1.723048999999999880e-07 9.489981000000000222e+01 1.201328999999999958e+01 7.676235200000000702e+01 1.692785835266112926e+01 2.143092643126960029e+05 -1.350000000000000000e+02 2.196798540674998037e+02 1.961023559570311932e+02 
1.133332157135009943e+01 2.976663513183593750e+02 7.000000000000000000e+00 8.091697000000000126e-03 6.217134000000000249e-07 7.293407999999999447e+01 1.381573000000000029e+01 6.890724950000000604e+01 2.718423843383789062e+01 2.827243436898041909e+04 1.534349488229219958e+02 2.077671545119513041e+02 1.934252014160155966e+02 
1.133332157135009943e+01 3.173330078125000000e+02 7.000000000000000000e+00 3.351078999999999863e-02 7.279633999999999605e-07 9.404385000000000616e+01 1.068650000000000055e+01 7.219976040000000239e+01 1.211532974243164062e+01 1.172046101075337938e+05 1.800000000000000000e+02 2.238202567264951881e+02 2.114960632324219034e+02 
1.866664695739746094e+01 2.663330688476561932e+02 7.000000000000000000e+00 7.339520999999999892e-03 2.889086000000000146e-07 8.291195999999999344e+01 1.301947999999999972e+01 8.414408109999999397e+01 1.701147079467773082e+01 5.201013509665080164e+03 -1.350000000000000000e+02 2.273917350769042969e+02 2.248818969726561932e+02 
2.433330726623535156e+01 2.866663818359375000e+02 7.000000000000000000e+00 3.004772000000000172e-03 -1.612396000000000114e-07 9.585250999999999522e+01 1.163801999999999914e+01 6.941888430000000199e+01 0.000000000000000000e+00 1.725950493696051999e+05 0.000000000000000000e+00 2.103029789579086923e+02 1.907480316162109091e+02 
2.733330535888671875e+01 2.936663513183593750e+02 8.000000000000000000e+00 1.636513000000000030e-03 1.464555000000000107e-07 8.648985999999999308e+01 1.407916999999999952e+01 7.079199979999999925e+01 5.927312469482421875e+01 2.427461453114690958e+05 1.268698976458440058e+02 2.165476999714146871e+02 1.954330749511719034e+02 
1.099998855590819957e+01 3.263330078125000000e+02 8.000000000000000000e+00 9.449277000000000717e-03 6.154471000000000371e-07 7.945108000000000459e+01 1.413302000000000014e+01 6.754297640000000058e+01 7.161569213867187500e+01 2.330911087652904098e+05 1.209637565320735035e+02 2.192335364722102895e+02 1.974409484863280966e+02 
1.933331298828125000e+01 2.666663818359375000e+02 8.000000000000000000e+00 1.787758000000000055e-02 3.651228000000000221e-07 8.458536999999999750e+01 6.921509000000000356e+00 8.040485379999999793e+01 2.331609153747558949e+01 1.192442283415812999e+05 1.800000000000000000e+02 2.150607681274414062e+02 1.981102294921875000e+02 
2.266664314270019887e+01 2.899996948242188068e+02 8.000000000000000000e+00 1.636302000000000069e-03 1.749751000000000088e-07 5.948714999999999975e+01 7.315903999999999741e+00 7.558020019999999306e+01 6.975289916992187500e+01 1.911593301341648912e+05 -1.705376777919744029e+02 2.153877051145036035e+02 1.981102294921875000e+02 
1.566665077209473012e+01 3.156663513183593750e+02 8.000000000000000000e+00 1.411321999999999924e-02 7.729375000000000217e-07 7.758217999999999392e+01 1.355024000000000051e+01 6.941279600000000016e+01 1.715797805786133168e+01 2.142449416064964898e+05 -1.350000000000000000e+02 2.161397884981132052e+02 1.954330749511719034e+02 
2.666663932800292969e+01 2.823330383300781250e+02 9.000000000000000000e+00 2.620099000000000039e-02 8.580865999999999778e-07 8.841728000000000520e+01 1.827224000000000004e+01 8.024994660000000124e+01 1.104196739196776988e+01 7.362818814179094625e+04 1.800000000000000000e+02 2.206876660664875942e+02 2.041338653564453125e+02 
1.166665458679199041e+01 3.059996948242188068e+02 9.000000000000000000e+00 2.217647000000000021e-02 3.893487000000000247e-07 8.993940000000000623e+01 1.072992999999999952e+01 9.008338929999999323e+01 1.210000801086425959e+01 7.939388546793445130e+04 1.800000000000000000e+02 2.163852934756521051e+02 2.007873992919921875e+02 
1.333331966400145951e+01 3.283329772949218750e+02 9.000000000000000000e+00 1.325197000000000007e-02 4.478878999999999749e-07 8.029845000000000255e+01 1.248431000000000068e+01 8.364810180000000628e+01 6.123782730102539062e+01 1.736657349679211984e+04 -1.268698976458440058e+02 2.199394308236929021e+02 2.074803161621094034e+02 
1.933331298828125000e+01 2.766663818359375000e+02 1.000000000000000000e+01 2.861230000000000023e-02 6.743525999999999553e-07 8.228042999999999552e+01 1.147969999999999935e+01 8.340608220000000017e+01 3.397371673583983664e+01 2.654432265421905904e+05 -1.350000000000000000e+02 2.147706945651914907e+02 1.947637786865234091e+02 
2.633330535888671875e+01 3.036663513183593750e+02 1.000000000000000000e+01 1.274122999999999922e-02 7.894801000000000444e-07 8.173048000000000002e+01 1.935671999999999926e+01 7.298308559999999545e+01 1.235494232177734020e+01 1.378970612714191084e+05 9.000000000000000000e+01 2.179320169176374122e+02 2.027952728271484091e+02 
1.633331680297851918e+01 2.943330383300781250e+02 1.000000000000000000e+01 2.396662999999999918e-02 4.255458999999999989e-07 9.196505999999999403e+01 1.150910999999999973e+01 8.863173679999999877e+01 2.741594696044921875e+01 1.199223099411232979e+05 -1.165650511770780042e+02 2.139746484442071903e+02 1.900787353515625000e+02 
1.033332252502441051e+01 2.789996948242188068e+02 1.000000000000000000e+01 5.035209999999999686e-02 6.994317000000000360e-07 8.313009999999999877e+01 7.769161999999999679e+00 8.624241639999999620e+01 2.753186988830566051e+01 1.676327652214218979e+05 1.165650511770780042e+02 2.152041538607689972e+02 1.927559051513671875e+02 
1.299998664855957031e+01 2.603330688476561932e+02 7.000000000000000000e+00 5.092797000000000296e-02 7.129045000000000029e-07 9.527401999999999305e+01 1.142882999999999960e+01 8.476741789999999810e+01 1.235497474670409979e+01 6.847067851611578371e+05 -9.000000000000000000e+01 2.145340191721915915e+02 1.934252014160155966e+02 
1.566665077209473012e+01 3.036663513183593750e+02 7.000000000000000000e+00 3.814816999999999861e-03 3.781346000000000222e-07 6.799653000000000702e+01 1.094608000000000025e+01 6.770974730000000363e+01 1.713078689575194957e+01 5.686440114503398945e+04 1.350000000000000000e+02 2.187337493896484091e+02 2.054724426269530966e+02 
9.666656494140625000e+00 3.389996337890625000e+02 8.000000000000000000e+00 6.292510000000000291e-03 4.677453999999999792e-07 7.487878999999999508e+01 1.215216000000000030e+01 6.780418400000000645e+01 3.471419525146483664e+01 3.858181890873375814e+05 -1.350000000000000000e+02 2.148237333598889904e+02 1.914173278808594034e+02 
8.666657447814941406e+00 3.009996948242188068e+02 8.000000000000000000e+00 9.695062000000000818e-03 2.865811999999999748e-07 7.321662999999999499e+01 6.194295999999999580e+00 8.303465269999999521e+01 3.706492614746093750e+01 1.478986385042794864e+05 9.000000000000000000e+01 2.148916435591671075e+02 1.947637786865234091e+02 
1.299998664855957031e+01 3.206663208007811932e+02 9.000000000000000000e+00 2.671689000000000008e-02 8.836437999999999574e-07 8.330007999999999413e+01 1.414140000000000086e+01 7.604214480000000265e+01 2.701720619201660156e+01 2.570564234733686899e+05 1.534349488229219958e+02 2.176172912915548068e+02 1.947637786865234091e+02 
1.166665458679199041e+01 3.386663208007811932e+02 9.000000000000000000e+00 4.320859999999999979e-02 1.450322999999999904e-06 7.732847999999999900e+01 1.397729999999999961e+01 7.471132660000000669e+01 2.420001411437987926e+01 1.129563557263336988e+05 1.800000000000000000e+02 2.024287588936942086e+02 1.887401580810546875e+02 
1.933331298828125000e+01 3.073330078125000000e+02 9.000000000000000000e+00 6.834693000000000192e-03 2.051497999999999965e-07 8.374787999999999499e+01 8.746510999999999925e+00 8.418705749999999455e+01 2.640810966491698863e+01 1.024405410004266014e+05 -1.534349488229219958e+02 2.136140741275835921e+02 1.994488220214844034e+02 
2.566663932800292969e+01 3.099996643066406250e+02 9.000000000000000000e+00 1.286196999999999991e-03 2.483525999999999788e-07 6.755646000000000129e+01 1.468482000000000021e+01 6.530141450000000702e+01 1.116618442535400035e+01 1.536051042203106044e+05 1.800000000000000000e+02 2.177625738574612910e+02 1.981102294921875000e+02 
1.566665077209473012e+01 2.623330688476561932e+02 8.000000000000000000e+00 1.077124999999999957e-02 2.877043999999999885e-07 8.655384999999999707e+01 7.587428000000000061e+00 7.671236419999999612e+01 1.372793579101561932e+02 3.176151047596801072e+04 -6.343494882292200998e+01 2.207267068227131972e+02 1.954330749511719034e+02 
1.099998855590819957e+01 3.059996948242188068e+02 8.000000000000000000e+00 1.169417000000000026e-02 2.919693999999999807e-07 8.290869999999999607e+01 8.706988000000000838e+00 8.513829800000000603e+01 3.638376617431641336e+01 1.267705333203058981e+05 1.800000000000000000e+02 2.157610163587204966e+02 1.981102294921875000e+02 
1.199998760223389027e+01 3.169996643066406250e+02 9.000000000000000000e+00 1.949330000000000160e-02 6.477197999999999949e-07 8.464574000000000353e+01 1.005222999999999978e+01 6.953012080000000594e+01 2.713084983825683949e+01 6.853941201739363896e+04 1.534349488229219958e+02 2.124540683521944118e+02 1.981102294921875000e+02 
2.899996948242187855e+01 2.756663818359375000e+02 9.000000000000000000e+00 1.405263999999999992e-02 8.489577000000000211e-07 6.909304000000000201e+01 1.228220999999999918e+01 7.157292940000000669e+01 2.161139678955078125e+01 3.122843124178370999e+04 0.000000000000000000e+00 2.192958814180813931e+02 2.068110198974609091e+02 
8.999990463256835938e+00 3.249996643066406250e+02 9.000000000000000000e+00 4.248431999999999903e-02 1.090374000000000099e-06 8.414951999999999543e+01 1.259079000000000015e+01 7.567036439999999686e+01 4.434572982788085938e+01 4.163323512990541058e+05 1.236900675259797993e+02 2.203232976559318956e+02 1.920866088867188068e+02 
2.966663551330566051e+01 3.069996948242188068e+02 1.000000000000000000e+01 2.821014000000000160e-04 9.362535000000000529e-08 6.423376000000000374e+01 1.245083999999999946e+01 6.332348249999999723e+01 2.474137687683105113e+01 1.073554480514118950e+04 2.656505117707799002e+01 2.248075273301865877e+02 2.155118103027344034e+02 
1.199998760223389027e+01 3.389996337890625000e+02 7.000000000000000000e+00 4.996161999999999825e-02 9.974041999999999601e-07 9.123179000000000372e+01 1.122089000000000070e+01 7.388236999999999455e+01 2.713173103332519887e+01 9.006926970748759049e+04 1.534349488229219958e+02 2.166905651946566138e+02 1.967716522216796875e+02 
1.199998760223389027e+01 2.669997253417968750e+02 7.000000000000000000e+00 6.937821999999999739e-03 2.582794000000000013e-07 8.764291000000000054e+01 9.289365000000000094e+00 7.343888090000000091e+01 2.414023399353026988e+01 2.526568864088268019e+05 1.800000000000000000e+02 2.073948740857713062e+02 1.860629882812500000e+02 
2.766663742065430043e+01 2.726663818359375000e+02 8.000000000000000000e+00 2.893745999999999992e-04 -6.268790000000000642e-08 6.504089000000000453e+01 1.039990000000000059e+01 7.230947109999999611e+01 1.094260787963867010e+01 3.287584831829564064e+04 1.800000000000000000e+02 2.173957423457393077e+02 2.048031463623046875e+02 
1.799998092651366832e+01 2.943330383300781250e+02 8.000000000000000000e+00 8.987622000000000666e-03 4.588675000000000159e-07 7.761153000000000191e+01 1.175453000000000081e+01 7.348741149999999323e+01 1.175054931640625000e+01 1.957800368218373915e+05 1.800000000000000000e+02 2.053341208902994879e+02 1.860629882812500000e+02 
1.833331489562987926e+01 3.039996948242188068e+02 8.000000000000000000e+00 1.442213999999999996e-02 3.947300999999999805e-07 9.061854999999999905e+01 9.389138000000000872e+00 7.357829279999999983e+01 1.235494232177734020e+01 4.521664011902008206e+05 -9.000000000000000000e+01 2.198284524263497133e+02 1.974409484863280966e+02 
1.766664886474609020e+01 3.249996643066406250e+02 9.000000000000000000e+00 9.453212000000000767e-03 1.164601000000000067e-06 8.628968999999999312e+01 1.951414000000000115e+01 5.170911790000000252e+01 5.310043334960938211e+01 4.580193568530183984e+04 1.534349488229219958e+02 2.183610796247209862e+02 2.027952728271484091e+02 
1.466665172576903942e+01 3.229996643066406250e+02 1.000000000000000000e+01 1.398924000000000001e-02 7.962430999999999575e-07 8.256015999999999622e+01 1.496545000000000059e+01 6.661914059999999438e+01 7.574666595458984375e+01 6.780639443698679679e+04 1.843494882292200998e+01 2.257611574659161136e+02 2.114960632324219034e+02 
1.799998092651366832e+01 2.783330383300781250e+02 1.000000000000000000e+01 1.283532000000000076e-02 7.586284000000000303e-07 7.308420999999999879e+01 1.865722999999999843e+01 8.213375849999999900e+01 8.219453430175781250e+01 5.076736319580827258e+05 -1.165650511770780042e+02 2.130738018987111104e+02 1.887401580810546875e+02 
