-12.99998664855957 137.3331909179688 3	0.07654911	-1.482333e-06	77.96109	12.97394	   86.2027206    	38.97814559936523 409556.6551050279 71.56505117707799 209.4181984296811 180.7086639404297
14.33331871032715 263.6663818359375 6	0.006477613	2.056966e-07	75.16804	6.696517	   85.1746216    	11.95168590545654 226107.7263673767 180 220.7401593376609 197.4409484863281
7.999991416931152 243.6664123535156 6	0.003247302	2.11168e-07	57.74209	4.840354	   80.3646774    	12.23501873016357 61229.12423199744 180 219.7952782524956 203.4645690917969
7.666658878326416 238.3330841064453 6	0.001654638	1.219504e-07	77.4483	9.298243	   75.0258102    	55.12754058837891 23142.41884966917 116.565051177078 218.5826784021714 200.7873992919922
27.33330535888672 299.6663513183594 7	0.001701423	1.953581e-07	57.07166	7.187063	   75.1571579    	25.27437400817871 192931.448335143 -153.434948822922 219.6546407772016 206.1417388916016
9.666656494140625 263.3330688476562 8	0.01019254	6.070856e-07	68.93727	9.637296	   70.0601273    	27.30370330810547 6768.790975027629 153.434948822922 223.1417358398438 221.5354309082031
14.66665172576904 260.3330688476562 8	0.0007955441	6.43602e-08	85.63912	12.35762	   80.7096786    	23.90532493591309 167555.5155526615 180 208.0486820765904 192.7559051513672
11.66665458679199 257.9997253417969 8	0.003618128	3.47577e-07	75.95535	15.83721	   71.4456635    	54.39182662963867 121106.0771057367 -153.434948822922 226.3022769504123 215.5118103027344
11.66665458679199 342.3329772949219 9	0.02274112	8.975606e-07	85.12457	13.04531	   67.8380814    	84.69783782958984 49805.98033388859 0 214.4445631697371 200.7873992919922
7.666658878326416 137.9998626708984 9	0.0008291097	-1.130543e-07	79.93706	19.26379	   79.1469269    	54.89169692993164 504661.5271145678 -153.434948822922 213.1160734027544 190.7480316162109
8.333324432373047 205.9997863769531 10	0.01662668	4.399618e-07	87.92785	10.81961	   78.9740372    	38.68410873413086 190239.3176502862 161.565051177078 214.4696296691895 191.4173278808594
13.33331966400146 247.9997406005859 10	0.0237299	1.017354e-06	72.05426	12.33112	   74.7672348    	49.74509048461914 304817.0524908316 -14.03624346792648 216.6214263648318 192.7559051513672
6.333326816558838 112.3332138061523 12	0.02823436	7.003928e-07	97.25012	14.96503	   76.2057495    	27.58138656616211 548052.0449974177 63.43494882292201 212.7380822784272 178.7007904052734
-14.66665172576904 56.33327484130859 1	0.05153998	-1.540901e-06	89.78459	15.58688	   69.1361465    	26.92499542236328 89087.74719764879 153.434948822922 204.9130331010961 181.3779602050781
-9.99998950958252 81.66658020019531 1	0.02386826	-2.026822e-06	93.29943	22.95032	   53.1244621    	88.59719848632812 2591158.752196301 -164.0546040990771 213.9164529827223 176.0236206054688
-10.66665554046631 70.66659545898438 1	0.03687894	-8.486889e-07	70.25885	8.24079	   84.9730759    	34.68082809448242 8104.80105943793 135 221.758534749349 216.8504028320312
-13.66665267944336 82.66658020019531 3	0.04192298	-7.95065e-07	90.16528	9.501106	   74.6479034    	17.22122192382812 647970.9664697662 -135 217.2359948177887 183.3858337402344
15.66665077209473 260.9997253417969 8	0.0005011235	3.573275e-08	89.00764	9.612822	   81.8683243    	35.68774032592773 181308.4363410881 180 216.757573371386 195.4330749511719
10.9999885559082 327.3329772949219 8	0.008892448	4.375282e-07	83.62814	10.78721	   67.5176239    	27.52019309997559 45857.64866514788 116.565051177078 219.1535451552447 208.8188934326172
8.999990463256836 316.3330078125 9	0.01990137	4.798613e-07	76.07427	7.122452	   81.4599228    	44.13873672485352 52933.62313413651 146.3099324740202 218.5665275378105 203.4645690917969
20.33331298828125 313.3330078125 9	0.0001767567	-6.922741e-08	63.03391	14.9139	   68.8294907    	12.35500621795654 11588.15196279014 -90 220.4943152533637 214.1732177734375
14.66665172576904 123.6665344238281 10	0.01822119	6.898063e-07	83.91268	16.64894	   80.3259201    	35.85699081420898 158027.2227842884 180 215.826772994354 193.4252014160156
6.999992847442627 145.3331756591797 10	0.01405154	4.617126e-07	68.32609	8.303538	   86.0783005    	61.31428146362305 34077.85633344195 180 221.7228375244141 204.1338653564453
10.33332252502441 267.9997253417969 10	0.03576224	7.070337e-07	89.56802	7.614058	   70.6170425    	17.32777976989746 8110.535636448461 135 224.9934412638346 218.1889801025391
8.999990463256836 131.9998626708984 11	0.03027811	7.465165e-07	83.88067	12.97151	   82.8684311    	38.62087631225586 509864.7247410187 18.43494882292201 210.226902251548 179.3700714111328
-4.99999475479126 177.9998168945312 12	0.01054789	-5.838274e-07	68.80476	12.50541	   79.2903824    	191.4318542480469 32838.04653404599 -135 216.3205388387044 189.4094543457031
-12.66665363311768 127.6665344238281 1	0.02088809	-6.259687e-07	88.11507	13.78066	   77.8975449    	72.22940826416016 705613.4875401699 180 215.7188225588717 181.3779602050781
-11.66665458679199 154.66650390625 2	0.05009209	-1.277265e-06	91.25475	16.6404	   76.0248566    	109.9150238037109 646611.6875722059 -63.43494882292201 211.6073804446912 179.3700714111328
-13.99998569488525 44.66661834716797 2	7.141667e-05	-2.679468e-08	57.35246	13.30181	   85.9708786    	11.98800945281982 16001.44628490201 0 219.973752339681 197.4409484863281
7.333325862884521 231.3330993652344 7	0.01485529	4.462086e-07	74.75453	8.545046	   82.2445602    	17.39817810058594 464200.8584949439 135 213.2075656208475 190.0787353515625
14.66665172576904 276.3330383300781 8	0.002143827	3.364969e-07	62.96378	11.41195	   64.9113693    	170.6335296630859 11967.22987277958 -120.2564371635293 227.2615966796875 221.5354309082031
24.99997329711914 270.6663818359375 8	0.004031043	-2.268068e-07	82.59998	13.047	   78.1283722    	41.77411651611328 17451.42982964408 -33.69006752597979 223.782341003418 211.4960632324219
12.66665363311768 244.9997406005859 8	0.007587128	2.026792e-07	82.84425	5.351614	   77.6002121    	12.03760623931885 37505.38908357725 180 220.1968525477818 204.8031463623047
8.999990463256836 246.9997406005859 8	0.01240084	3.890415e-07	71.25518	4.864277	   75.0757828    	77.20852661132812 103155.0555150775 161.565051177078 218.5236234162983 205.4724426269531
9.666656494140625 168.3331604003906 9	0.02583292	6.623268e-07	84.81421	12.7016	   81.8763962    	17.34488296508789 170651.6053685834 45 212.5265598599873 190.0787353515625
14.33331871032715 332.9996643066406 9	0.01973921	6.651891e-07	83.29486	9.752265	   69.3157272    	17.19670677185059 50559.04741036538 135 221.2712410374692 204.1338653564453
14.66665172576904 256.3330688476562 9	0.0004587309	-4.424394e-08	82.9229	10.24427	   78.3166428    	43.54639053344727 221796.379043536 -146.3099324740202 209.0393245491439 188.7401580810547
11.99998760223389 257.9997253417969 10	0.002937845	2.155661e-07	70.90359	11.41295	   79.9963608    	61.71167755126953 13435.93684012717 -11.30993247402021 216.9173248291016 202.1259918212891
16.9999828338623 278.6663818359375 10	0.00790938	3.361574e-07	73.67268	10.08528	   82.1844559    	17.10319519042969 64318.14778274966 -135 216.276716894033 190.7480316162109
6.333326816558838 245.3330841064453 10	0.006333382	3.421113e-07	70.89693	8.643819	   74.8041000    	50.63277816772461 88756.78251224459 165.9637565320735 220.4439751258263 203.4645690917969
-1.333331942558289 161.66650390625 11	0.0121373	2.649851e-07	85.78217	8.041817	   85.3665848    	133.0634155273438 645708.9860998616 68.19859051364818 212.73091355504 188.0708618164062
-10.33332252502441 75.66658782958984 1	0.01837824	-7.951499e-07	74.5619	12.08984	   74.5114365    	62.9527473449707 772960.7978475842 -101.3099324740202 217.4344186300175 191.4173278808594
6.666659832000732 135.9998626708984 6	0.02034099	6.688366e-07	81.27717	10.01961	   72.1994553    	17.41634941101074 8188.937111948821 -135 228.1168009440104 220.1968536376953
15.66665077209473 249.3330688476562 7	0.00602874	5.01335e-07	78.99818	13.35182	   63.3883781    	37.68199920654297 84688.02128938155 18.43494882292201 223.6583433151245 206.1417388916016
14.33331871032715 226.999755859375 7	0.01276592	5.881063e-07	81.76677	9.715988	   64.8624039    	168.404541015625 93215.08552645992 -4.085616779974877 216.5253106253488 199.4488220214844
9.33332347869873 264.3330688476562 7	0.02143532	1.013319e-06	78.55616	14.06047	   69.8115692    	61.01567459106445 200662.3564074781 180 220.8661427884489 206.8110198974609
29.33330345153809 268.3330383300781 8	0.001271822	1.357452e-07	66.57279	10.04158	   77.7151642    	0 96972.12358199018 0 211.5539044038749 196.7716522216797
12.66665363311768 215.6664428710938 8	0.02676449	6.674837e-07	80.87035	7.742247	   73.4373703    	12.05406665802002 21452.69364566856 180 217.0177183151245 203.4645690917969
12.99998664855957 259.6663818359375 8	0.003921757	3.391562e-07	91.41741	21.00237	   69.7048035    	12.0054407119751 807970.019533726 180 216.1500770619373 184.7244110107422
21.6666431427002 264.9997253417969 9	0.02508858	4.705603e-07	93.60449	10.92312	   82.5480270    	77.87165069580078 205571.9420149386 26.56505117707799 212.1986117155656 188.0708618164062
10.9999885559082 311.9996643066406 9	0.001908278	-7.482452e-08	91.72384	8.766643	   83.2470322    	17.30884552001953 30998.9823538565 135 222.7867186173149 210.1574859619141
14.66665172576904 251.6663970947266 9	0.01690626	9.871605e-07	80.35522	12.71474	   61.4819641    	12.35500621795654 82359.54373697861 -90 221.3411237655147 203.4645690917969
10.9999885559082 217.6664428710938 9	0.0001587198	2.718719e-07	24.21413	11.27812	   78.5204697    	12.11384201049805 12132.34691813347 180 226.8897637261285 220.8661499023438
8.333324432373047 320.6663208007812 9	0.02957579	7.868752e-07	79.79817	8.761173	   73.5542221    	36.64153671264648 623512.8327465128 180 219.833772380887 194.094482421875
9.33332347869873 144.9998474121094 9	0.003562192	1.003644e-07	80.12926	4.897899	   86.8579407    	61.15541076660156 66404.26751504223 143.130102354156 217.8338442432637 202.7952728271484
-18.99998092651367 81.99991607666016 1	0.02299395	-1.682795e-06	87.05087	18.73508	   56.3324699    	11.68164730072021 472591.6321999977 180 213.1196469317426 188.0708618164062
-16.66664886474609 160.3331604003906 2	0.04693323	-8.993599e-07	89.53838	11.89692	   79.2819290    	11.81490802764893 264449.9280763851 180 206.0951153200064 181.3779602050781
-13.33331966400146 79.66658020019531 2	0.05200169	-1.242031e-06	69.61916	9.402996	   82.8307114    	137.760009765625 5350.758074548492 164.7448812969423 210.8267707824707 202.7952728271484
-24.66664123535156 236.6664123535156 2	0.003432789	-3.332474e-07	63.79934	7.828013	   66.6529694    	25.60371017456055 111179.7484956765 -153.434948822922 219.9035663390428 198.7795257568359
-13.66665267944336 212.9997711181641 2	7.723969e-05	-4.446922e-08	49.57387	12.02873	   76.3352737    	49.61724853515625 37363.47643648699 165.9637565320735 221.9895951407296 209.4881896972656
-10.33332252502441 151.9998474121094 3	0.05931783	-9.774457e-07	70.52139	6.441772	   86.2438965    	17.34453201293945 355172.2476793365 45 211.8879685202479 185.3937072753906
-14.99998474121094 158.9998321533203 4	0.01520433	-1.249536e-06	64.63657	18.82591	   76.8646164    	24.7099494934082 5310.042216657436 -90 225.718505859375 219.5275573730469
4.99999475479126 149.3331756591797 4	0.002832251	1.092034e-07	89.07372	8.288343	   79.5598297    	27.53637504577637 1023014.029701438 153.434948822922 212.5277394177442 182.7165374755859
-9.666656494140625 162.9998321533203 5	0.02296008	-5.32998e-07	67.32268	5.879699	   87.1157227    	12.16705703735352 404775.7338868133 0 213.799410969916 184.7244110107422
11.3333215713501 264.6663818359375 7	0.04070367	8.238945e-07	86.95119	12.37232	   82.5167236    	38.36445617675781 92888.41362159821 161.565051177078 217.335389510445 200.7873992919922
12.66665363311768 324.9996643066406 7	0.01003292	6.768572e-07	74.35275	12.43088	   66.8696518    	43.75892639160156 37535.92358930821 146.3099324740202 218.2845905848912 202.7952728271484
17.33331489562988 159.66650390625 8	0.001566901	1.130266e-07	76.82126	10.33003	   79.8795242    	153.9525909423828 38013.27955148445 -175.6012946450045 222.3201199235587 204.8031463623047
10.33332252502441 261.6663818359375 8	0.01129735	6.559337e-07	63.47434	8.325171	   72.3431473    	55.05116271972656 75692.34391440144 116.565051177078 215.4640045166016 194.7637786865234
14.66665172576904 342.6663208007812 8	0.01906123	8.588227e-07	89.80196	13.94159	   63.5793571    	23.90630340576172 62420.4675314472 180 220.4246943047706 202.7952728271484
15.66665077209473 267.9997253417969 9	0.0008451801	-8.775939e-08	68.30205	7.345306	   74.6606827    	74.12990570068359 75445.41520989301 90 217.4257488585355 196.7716522216797
16.66664886474609 253.3330688476562 9	0.01242142	6.943143e-07	84.43463	12.8516	   63.2078247    	63.93630218505859 76317.36335993075 21.80140948635181 204.2838724070582 186.06298828125
12.33332061767578 266.9997253417969 9	0.008644409	4.708553e-07	86.33273	14.81842	   70.2872696    	34.49983978271484 42948.77790987409 45 221.8282494544983 199.4488220214844
17.99998092651367 268.6663818359375 10	0.0002528369	2.874354e-08	71.26688	7.548475	   84.2719955    	0 5226.241394826954 0 224.8818893432617 219.5275573730469
3.999995708465576 103.9998931884766 10	0.02754226	7.211793e-07	84.38824	12.76072	   80.7027588    	39.05588531494141 6851.15827158808 71.56505117707799 228.0944915771484 222.2047271728516
4.333328723907471 147.6665191650391 1	0.05572658	1.063534e-06	82.7487	12.53865	   85.1603012    	50.81371688842773 516267.6763677492 -165.9637565320735 203.9652045373891 176.6929168701172
-9.99998950958252 57.33327484130859 1	0.03681254	-6.376097e-07	95.51898	9.314126	   74.8656998    	12.3549747467041 33837.89947562369 -90 216.6094500732422 200.7873992919922
-16.66664886474609 158.9998321533203 3	0.0119379	-3.102067e-07	89.38223	8.10685	   75.4853134    	17.11640548706055 1006157.746526674 45 212.8267829436857 187.4015808105469
-12.66665363311768 112.999885559082 3	0.02272771	-8.82614e-07	70.23849	11.20683	   78.4229660    	27.04691314697266 139328.8437465601 -153.434948822922 220.9755460298978 202.1259918212891
-10.9999885559082 43.33328628540039 4	0.01945273	-4.573496e-07	92.38153	8.990792	   73.0658340    	43.98139572143555 292381.6084879164 33.69006752597979 218.0779430899203 192.0866088867188
4.333328723907471 151.66650390625 4	0.0573126	8.26549e-07	84.73383	10.52267	   89.4573822    	17.44586181640625 238234.5561918263 45 218.0312716604649 191.4173278808594
5.999993801116943 125.6665344238281 5	0.03903659	8.400489e-07	81.46219	8.481596	   75.7315063    	50.69267654418945 281426.1652779488 165.9637565320735 216.1226212584857 189.4094543457031
7.333325862884521 258.6663818359375 6	0.007167788	3.35935e-07	86.00601	11.64357	   71.6296158    	27.43721961975098 431681.7995560552 153.434948822922 212.4313824289605 187.4015808105469
11.99998760223389 255.9997253417969 7	0.01286104	4.053425e-07	80.82162	8.506102	   75.9623032    	38.32317733764648 90075.73107809675 161.565051177078 214.5628170184235 198.7795257568359
11.3333215713501 234.999755859375 7	0.002741534	9.533716e-08	95.31195	6.973994	   74.8991318    	38.36445617675781 167000.2357521914 161.565051177078 219.9971450067335 198.7795257568359
14.99998474121094 286.3330383300781 8	8.200919e-05	1.440721e-07	36.49387	14.78484	   63.5774498    	24.7099494934082 9295.04166185286 90 229.6625453404018 222.8740234375
26.66663932800293 120.3332061767578 8	0.008128077	6.268602e-07	88.93739	10.05878	   50.2647934    	38.65113830566406 20861.09255146552 71.56505117707799 223.2283486758961 206.1417388916016
2.999996900558472 157.3331756591797 8	0.007352289	-3.976833e-07	54.59768	6.613667	   87.6818466    	39.06246948242188 124814.0645280803 71.56505117707799 218.5346552251459 205.4724426269531
10.33332252502441 334.9996643066406 8	0.00595972	4.838661e-07	79.89427	14.19792	   65.0804367    	38.55343627929688 113560.1957926526 -161.565051177078 222.7226302737282 209.4881896972656
7.999991416931152 261.6663818359375 8	0.001468569	1.24397e-07	74.56339	8.864918	   73.0363083    	61.12299346923828 155033.0188269612 180 215.5646512215598 194.7637786865234
13.66665267944336 146.6665191650391 8	0.04860545	1.395285e-06	80.71469	15.38973	   78.8468552    	23.97552299499512 356306.5642169739 0 216.3791338174084 196.7716522216797
16.9999828338623 153.66650390625 9	0.0121817	4.703301e-07	80.26929	12.00532	   78.2657242    	43.15575790405273 679468.1675901846 146.3099324740202 214.3825445580206 187.4015808105469
9.99998950958252 245.9997406005859 9	2.837789e-05	1.174427e-08	78.41251	12.30622	   67.8235245    	55.03889846801758 71674.00302105094 116.565051177078 228.2536042411372 214.842529296875
13.33331966400146 329.3329772949219 9	0.03402908	9.326258e-07	86.48831	13.36355	   75.6077271    	51.73284530639648 112209.0037475697 -45 211.9024200439453 194.7637786865234
16.33331680297852 320.9996643066406 9	0.003175977	5.020228e-07	68.0271	17.81566	   66.7589951    	48.88916397094727 245080.0099798628 165.9637565320735 216.9331565774897 197.4409484863281
8.333324432373047 223.9997711181641 9	0.01647885	4.520962e-07	88.7322	7.603751	   68.8256683    	17.38438987731934 85653.01987797552 -135 217.6577933175223 200.7873992919922
14.33331871032715 116.3332138061523 10	0.02854247	9.250558e-07	80.99655	14.02279	   77.8807983    	43.63436889648438 81158.85478383486 -33.69006752597979 224.2894044469614 203.4645690917969
2.666663885116577 97.99990081787109 10	0.01832085	5.450515e-07	77.33634	9.045346	   78.5187531    	17.46173286437988 5489.244716618035 45 227.8937034606934 225.5511779785156
9.666656494140625 175.3331451416016 11	0.02253824	3.927021e-07	79.85248	5.29784	   82.9484100    	55.107177734375 288332.69228795 -116.565051177078 217.0986300186372 190.0787353515625
-10.9999885559082 127.9998626708984 12	0.06413461	-6.756588e-07	86.66084	8.646094	   94.2187881    	24.70998001098633 600784.810494077 -90 218.946807724478 190.7480316162109
-10.66665554046631 165.3331604003906 12	0.03804222	-9.180675e-07	91.38293	11.68282	   71.2193756    	52.00770568847656 1073250.035017094 45 204.3188387808488 175.3543243408203
-13.99998569488525 78.99991607666016 1	0.003760393	-6.737911e-07	45.42571	11.65381	   77.2569656    	11.98776340484619 193190.0592664974 0 213.84089155526 186.7322845458984
2.666663885116577 158.9998321533203 3	0.08980871	1.462283e-06	92.71842	17.34403	   86.4438553    	34.93025588989258 2131177.159308366 -135 212.1533114474966 184.0551147460938
-19.99997901916504 82.33324432373047 3	0.0005837622	-9.822534e-08	95.13167	13.88468	   55.4356880    	16.97905921936035 472816.3688212849 135 220.7271646384984 196.7716522216797
4.333328723907471 134.9998626708984 4	0.01129677	5.633201e-07	58.03619	7.501295	   82.7986069    	49.41992950439453 239542.2780517389 90 219.4472458321708 190.7480316162109
10.66665554046631 127.9998626708984 6	0.02833894	7.10372e-07	81.47185	9.7614	   77.3850784    	27.52569580078125 288779.8791771797 63.43494882292201 218.8488865076939 198.1102294921875
7.999991416931152 263.6663818359375 6	0.02407955	6.17376e-07	94.77045	16.12562	   81.4168167    	54.82320404052734 475882.7401019828 -26.56505117707799 219.4395962088449 192.0866088867188
8.999990463256836 253.6663970947266 7	0.02193819	5.353212e-07	77.40466	6.05683	   75.0182877    	54.74883651733398 21714.88729861831 -153.434948822922 214.2987213134766 199.4488220214844
8.999990463256836 136.9998626708984 7	0.005972116	4.466938e-07	81.9813	20.81081	   77.5996552    	50.32834243774414 62409.50820026202 14.03624346792648 215.482713782269 198.7795257568359
27.99997138977051 302.3330078125 9	0.005385148	6.826345e-07	58.01938	14.18376	   72.9148483    	43.06097793579102 57046.18289804716 -56.30993247402021 221.2363898094664 208.1496124267578
11.99998760223389 175.3331451416016 9	0.01163474	7.6585e-07	65.30476	11.87905	   73.9586868    	54.23474884033203 73905.92167954017 153.434948822922 220.2090198863636 199.4488220214844
10.9999885559082 257.3330688476562 9	0.01622543	3.75418e-07	89.98697	9.585783	   79.5530624    	50.88299179077148 113255.6580121947 104.0362434679265 215.5277484712147 200.7873992919922
7.333325862884521 261.3330688476562 9	0.01879298	6.889706e-07	82.66762	10.83925	   69.9657516    	12.2448148727417 141701.4753062562 180 217.0498953599196 198.7795257568359
11.99998760223389 321.9996643066406 10	0.003470961	3.94231e-07	68.31612	15.06964	   72.0971603    	49.41992950439453 72547.01765358546 90 223.8283773351599 210.8267669677734
8.333324432373047 136.9998626708984 10	0.02051185	7.363889e-07	78.3043	12.79954	   78.1054077    	50.90409469604492 125069.4755470959 104.0362434679265 216.4793747611668 195.4330749511719
-7.333325862884521 70.33325958251953 11	0.08217619	-1.22813e-06	90.00938	11.39928	   80.1074448    	38.7952880859375 573405.9614829625 -161.565051177078 217.0666036719098 196.7716522216797
-12.33332061767578 177.3331451416016 2	0.04405157	-6.589731e-07	90.16017	8.256489	   79.7782974    	112.6283645629883 880470.3844099257 139.3987053549955 214.6734153712721 183.3858337402344
-16.33331680297852 56.99993896484375 2	0.02822365	-9.473799e-07	80.22106	13.62987	   76.5648575    	37.68211364746094 15822.48371827816 18.43494882292201 228.1167996724447 222.2047271728516
-15.66665077209473 46.33328628540039 2	0.0665429	-8.280265e-07	91.24357	9.715893	   84.9353638    	26.79119682312012 165235.0965174024 -153.434948822922 218.7940170898437 197.4409484863281
-13.99998569488525 78.66658782958984 2	0.02028298	-9.471726e-07	72.86297	13.59388	   75.4379807    	60.46464538574219 127968.8403308586 -36.86989764584402 219.1092538833618 199.4488220214844
-12.33332061767578 112.999885559082 2	0.03508483	-5.451802e-07	92.92416	10.30622	   84.6828079    	0 203928.9197146688 0 212.6100816224751 186.7322845458984
5.333327770233154 188.3331298828125 3	0.04048532	8.728138e-07	90.74871	13.79867	   79.9038620    	39.04972839355469 92998.78945332277 71.56505117707799 216.0728342392865 198.1102294921875
-18.66664695739746 214.3331146240234 3	0.001576173	-1.485966e-07	94.02935	11.2034	   58.6505089    	11.70533084869385 423742.1194819992 180 212.9208747068066 183.3858337402344
-4.333328723907471 95.66656494140625 4	0.004236675	-1.60216e-07	79.62856	7.882948	   82.7841797    	12.3549747467041 609267.2251261396 90 211.5502087196607 191.4173278808594
21.6666431427002 303.6663513183594 4	0.0005209607	2.654692e-07	78.87894	35.77321	   60.4100456    	37.06495666503906 277914.3284080432 90 224.9218041656214 212.8346557617188
7.333325862884521 61.33327102661133 6	0.00318431	3.079883e-07	71.20504	19.09569	   83.9810104    	27.56377410888672 1126511.31788605 116.565051177078 214.4480588240324 183.3858337402344
11.66665458679199 247.6664123535156 6	0.03277031	5.746716e-07	81.44082	7.611774	   83.6652145    	0 293275.6004593598 0 216.9547794587021 196.7716522216797
7.999991416931152 133.9998626708984 6	0.01540595	5.175747e-07	89.99908	16.79893	   82.0637436    	36.67391586303711 281408.8816753572 180 205.4562756819426 182.7165374755859
10.33332252502441 265.3330688476562 7	0.008912492	3.817198e-07	81.01338	11.36662	   76.0552521    	268.2395629882812 1272978.826026587 161.565051177078 218.7383215086078 192.7559051513672
27.6666374206543 301.3330078125 7	0.0002670893	-9.278882e-08	43.13387	7.978884	   80.2101212    	10.94171047210693 49902.08986716006 180 216.8503961330507 201.4566955566406
24.99997329711914 160.9998321533203 7	0.004342972	3.679197e-07	70.22558	11.80696	   71.2889099    	24.7099494934082 31115.91653148724 -90 219.2866143798828 200.7873992919922
14.66665172576904 261.9997253417969 7	0.007535634	-5.152276e-07	67.24782	11.39204	   74.6331329    	88.35901641845703 23936.01067203617 -123.6900675259798 227.9680684407552 216.1810913085938
10.9999885559082 235.999755859375 8	0.006843851	5.731323e-07	62.83157	9.618017	   69.2308426    	111.84521484375 274674.0415922505 83.65980825409009 219.1437024883195 196.1023559570312
11.66665458679199 257.9997253417969 8	0.0338526	6.638223e-07	87.72073	9.3777	   77.8643570    	27.1317310333252 441240.4458869442 26.56505117707799 221.686433373428 196.7716522216797
12.33332061767578 241.9997406005859 8	0.01361958	4.438743e-07	74.95311	5.91052	   72.1371994    	43.83698654174805 45648.41900997475 146.3099324740202 217.2637813792509 202.7952728271484
-8.333324432373047 88.66657257080078 9	0.01678642	-4.398416e-07	98.48772	6.578083	   60.7733841    	62.47989273071289 1774280.706491425 11.30993247402021 217.6031557534064 183.3858337402344
13.99998569488525 182.9998016357422 9	0.03886024	9.59471e-07	89.9077	13.64865	   75.5604630    	26.95610427856445 607842.6570688769 153.434948822922 212.7511682823398 188.0708618164062
14.33331871032715 68.66659545898438 9	0.01516101	8.601717e-07	78.06183	14.86979	   69.4535141    	35.91123199462891 304856.0423722139 180 211.7766407129546 188.0708618164062
14.33331871032715 133.9998626708984 10	0.009042191	5.912469e-07	59.63538	8.697762	   76.3186417    	27.44875717163086 7982.275615542942 63.43494882292201 227.447509765625 218.8582763671875
11.66665458679199 257.6664123535156 10	0.001559581	1.360486e-07	75.86659	9.367325	   71.2666245    	12.3549747467041 59189.51611662926 90 220.1360060951926 198.7795257568359
8.999990463256836 167.6664886474609 10	0.02381707	3.877616e-07	82.0689	6.76965	   87.9533691    	24.4052906036377 175013.7937298626 180 215.0863713700642 196.7716522216797
-5.999993801116943 82.99991607666016 10	0.03031329	-1.362837e-06	79.89088	18.23379	   73.9161530    	71.70025634765625 6831.42298710921 -30.96375653207352 223.8110229492187 216.1810913085938
12.33332061767578 186.9998016357422 10	0.01078374	8.342231e-07	78.78886	17.32408	   66.4123764    	0 789128.1034988391 0 215.8498726669623 191.4173278808594
11.99998760223389 251.9997406005859 10	0.006251776	3.135551e-07	82.88793	11.49417	   73.1646652    	27.1317310333252 47024.89548468283 -153.434948822922 220.1777282714844 206.1417388916016
14.33331871032715 91.66657257080078 11	0.01221657	5.994714e-07	84.75888	15.82435	   73.1141205    	12.35500621795654 466913.3443513532 90 212.2702300242888 190.0787353515625
8.333324432373047 208.9997863769531 11	0.004488057	1.528783e-07	79.3958	7.005513	   83.7870483    	17.36947059631348 194314.019155888 135 211.8330499609034 189.4094543457031
-14.66665172576904 150.9998474121094 2	0.0622948	-1.537277e-06	91.76416	15.28499	   71.5722580    	50.85718154907227 407737.2467632908 75.96375653207353 217.3692593652185 190.7480316162109
-21.99997711181641 203.6664581298828 2	0.005361642	-6.110921e-07	83.63744	18.01232	   58.8770332    	36.48099136352539 159057.994436838 -18.43494882292201 215.5760638427734 194.7637786865234
-10.9999885559082 88.99990844726562 4	0.02893811	-1.18414e-06	80.0714	15.09526	   72.0178680    	24.7099494934082 727253.1698801162 -90 214.6528885170266 190.7480316162109
-4.99999475479126 156.3331756591797 5	0.06799674	-8.192783e-07	94.31841	6.964626	   75.2687531    	24.70996475219727 366593.1754799812 90 215.2470932006836 192.0866088867188
15.66665077209473 262.3330688476562 6	4.247773e-05	-7.355773e-09	83.75753	8.628316	   81.3890915    	43.455322265625 15870.860256435 -33.69006752597979 213.2808405558268 194.7637786865234
9.99998950958252 129.9998626708984 7	0.01721895	5.094708e-07	77.40557	9.600176	   81.0174103    	66.41673278808594 16232.0826520626 -68.19859051364818 220.5872739156087 204.8031463623047
12.66665363311768 250.9997406005859 7	0.001237342	1.031354e-07	71.93353	6.202092	   70.9539871    	12.0545597076416 14736.88858954829 180 222.3264174027877 204.8031463623047
8.999990463256836 245.3330841064453 7	0.01648344	4.052409e-07	90.48672	9.292853	   75.7832947    	44.13873672485352 168231.389274053 146.3099324740202 212.5215910634687 193.4252014160156
11.3333215713501 324.3330078125 8	0.01129686	4.302502e-07	87.17154	9.409349	   67.5812149    	38.36445617675781 47144.53042337955 -161.565051177078 223.485941859654 207.4803161621094
17.66664886474609 155.9998321533203 8	0.008466543	7.780532e-07	62.52777	14.59864	   74.5303574    	60.77921295166016 81094.46201590463 -126.869897645844 211.5176544189453 189.4094543457031
18.66664695739746 312.9996643066406 8	0.0004501465	2.297371e-07	49.58803	12.82276	   61.8641434    	35.04633712768555 26004.58376074303 180 229.3326789855957 220.1968536376953
19.99997901916504 140.9998474121094 8	0.009565044	2.926042e-07	90.80347	11.31674	   79.2260895    	76.41996765136719 233781.5975260065 -38.65980825409009 215.012616658079 190.0787353515625
22.33330917358398 297.6663513183594 9	0.005767623	4.576604e-07	70.42574	16.58445	   79.9494858    	47.19394683837891 217015.6094862708 165.9637565320735 216.7760289063928 200.1181030273438
9.33332347869873 264.6663818359375 9	0.003813704	2.663307e-07	88.67459	14.53224	   68.7330170    	17.35335540771484 242496.2005838081 -45 214.9509527962967 192.7559051513672
9.666656494140625 148.3331756591797 9	0.02019381	4.693806e-07	78.07607	8.57781	   85.1510468    	27.30192565917969 162511.8457933103 153.434948822922 220.0462615966797 200.1181030273438
10.66665554046631 246.3330688476562 9	0.004812655	2.161332e-07	80.54785	6.58127	   69.9079819    	27.23297691345215 272745.0088534697 153.434948822922 218.5203105813206 190.7480316162109
12.33332061767578 248.6664123535156 10	0.02602165	6.859418e-07	83.51572	9.58537	   74.2259293    	51.76670074462891 76450.38025746544 45 219.1635602984512 201.4566955566406
8.333324432373047 137.3331909179688 10	0.008856009	5.039428e-07	80.69067	19.90039	   82.9694214    	71.79810333251953 20383.35055017488 59.03624346792648 223.1863535563151 213.5039367675781
15.9999828338623 233.3330841064453 10	0.00123921	-1.456154e-07	77.61656	14.67609	   73.2952423    	27.40728378295898 22459.48092480206 63.43494882292201 222.2047271728516 207.4803161621094
11.99998760223389 245.6664123535156 10	0.01118936	4.448461e-07	78.76517	8.599603	   71.2688522    	38.23714828491211 42987.01367532479 161.565051177078 216.1601886749268 202.1259918212891
-10.9999885559082 88.66657257080078 11	0.02842505	-1.121776e-06	83.88573	11.36552	   63.0671043    	27.20874404907227 45842.52918741152 -153.434948822922 218.8188988180721 200.1181030273438
6.666659832000732 90.66657257080078 12	0.02345848	9.33233e-07	80.64787	15.47732	   75.8605270    	71.58800506591797 533157.3852477804 149.0362434679265 213.1478953642004 192.0866088867188
-12.33332061767578 174.3331451416016 12	0.01676142	-3.569638e-07	86.20811	9.154188	   84.8178635    	103.3685913085938 5371.788745593985 -159.4439547804165 228.0610237121582 223.5433044433594
-17.99998092651367 40.33329010009766 2	0.001716001	-4.809204e-07	48.39307	14.33035	   71.4254608    	23.50049018859863 33970.193177375 180 219.0384638859676 202.1259918212891
-15.9999828338623 95.99990081787109 3	0.007887611	-5.925791e-07	88.77068	15.40378	   60.0259972    	37.73836135864258 88479.77193342677 161.565051177078 221.0559437310518 210.1574859619141
-11.3333215713501 91.99990081787109 3	0.02133275	-9.469943e-07	68.89787	12.61114	   78.8713303    	61.77490615844727 98275.6711276171 -90 217.0062575666872 190.0787353515625
7.999991416931152 134.9998626708984 3	0.01987511	9.654552e-07	70.67866	13.68777	   76.7125397    	104.1893692016602 329147.8963476652 45 216.7231737247183 191.4173278808594
8.666657447814941 96.33322906494141 4	0.009660752	3.650727e-07	79.67001	10.66343	   79.4429550    	24.42761611938477 613263.1076565122 180 209.3949037062383 182.0472412109375
5.999993801116943 239.999755859375 6	0.03404076	-6.170912e-07	82.21987	8.406481	   83.4123230    	150.3232727050781 20488.88643264583 55.00797980144134 222.0262481689453 209.4881896972656
15.33331775665283 254.3330688476562 6	0.02329269	5.448082e-07	73.61169	6.512381	   81.2729111    	43.54639053344727 107345.9290584521 -146.3099324740202 220.9900863082321 205.4724426269531
12.66665363311768 239.999755859375 7	0.00526931	3.185206e-07	74.51368	8.928455	   70.0795517    	36.16267013549805 219904.0119987837 180 209.2474083318943 188.0708618164062
16.66664886474609 255.9997253417969 8	0.01361158	3.939137e-07	92.93581	11.29701	   74.9951248    	75.07276153564453 243469.5567835032 161.565051177078 219.2851677971917 189.4094543457031
20.33331298828125 148.9998474121094 8	0.02781364	7.354406e-07	76.55851	9.020053	   78.4081421    	73.91135406494141 59236.91926531868 -161.565051177078 224.9546402640965 210.1574859619141
11.66665458679199 321.9996643066406 8	0.0284049	9.682785e-07	78.95666	11.46302	   72.3220673    	12.100998878479 6725.457501074003 0 225.0157531738281 216.8504028320312
18.66664695739746 268.3330383300781 8	0.001790722	1.941052e-07	64.87733	8.80904	   71.6490326    	11.70341205596924 18210.67122787778 180 226.6507328578404 214.1732177734375
7.666658878326416 209.6664428710938 9	0.004589384	-1.076745e-07	89.0378	6.842851	   89.1180496    	93.28646087646484 228660.7586336298 156.8014094863518 220.4558039165678 204.8031463623047
12.66665363311768 340.6663208007812 9	0.01310208	6.603025e-07	80.34697	14.5881	   72.8043137    	27.48652648925781 182210.2538736354 116.565051177078 217.3966549144072 195.4330749511719
-2.999996900558472 59.66660308837891 10	0.0319384	-7.529734e-07	70.15113	7.164577	   82.6995926    	12.35498237609863 327667.8657783553 -90 215.1953684914561 195.4330749511719
15.33331775665283 151.66650390625 10	0.01423146	4.73346e-07	71.54713	9.48777	   85.0115051    	37.73859786987305 107269.5904206618 161.565051177078 216.8090812777295 194.094482421875
13.33331966400146 276.9997253417969 11	0.01977853	4.989143e-07	90.36398	10.03945	   74.5386581    	27.48652648925781 5345.251132495916 -116.565051177078 231.9094467163086 231.5747985839844
-15.33331775665283 92.66657257080078 2	0.01556714	-7.502174e-07	87.69073	9.265316	   56.3345146    	26.892578125 62289.08269775524 153.434948822922 224.8249307186045 211.4960632324219
-9.99998950958252 143.9998474121094 4	0.03078323	-6.670147e-07	88.6225	11.06761	   78.7597961    	17.33612442016602 197563.9626339433 -135 214.0723777666484 192.7559051513672
16.33331680297852 262.3330688476562 5	0.0005245456	-8.892746e-08	56.9207	6.967026	   74.8074341    	49.41989898681641 321657.8670411046 -90 214.3899259098241 191.4173278808594
9.666656494140625 261.6663818359375 7	0.006541281	4.752183e-07	60.32425	8.754002	   75.6971893    	38.48134613037109 178670.5085094408 161.565051177078 216.3585674401486 196.1023559570312
17.99998092651367 252.3330688476562 7	0.001526797	-1.158904e-07	75.70993	7.185225	   70.9450378    	38.89286804199219 9138.524078437726 -71.56505117707799 227.9415065220424 223.5433044433594
21.99997711181641 281.9996948242188 8	0.0003491029	-4.705067e-08	63.97403	5.843396	   76.3246460    	34.36579132080078 47146.55152501268 180 216.1268355910842 202.1259918212891
8.999990463256836 329.6663208007812 8	0.005442757	4.142297e-07	76.0383	14.27146	   71.8486481    	44.34627914428711 252260.4915188979 123.6900675259798 217.7319883941322 200.1181030273438
14.33331871032715 259.6663818359375 8	0.0114417	4.084609e-07	78.11391	10.99897	   81.9206314    	17.22053718566895 95871.17067711553 -135 223.2365508609348 202.7952728271484
3.999995708465576 138.3331909179688 9	0.005300291	2.184582e-07	74.90718	9.797561	   86.9029999    	49.29963684082031 10963.03804479949 0 218.523624420166 209.4881896972656
-13.66665267944336 138.9998474121094 1	0.07791073	-1.182152e-06	88.01214	11.38514	   81.9966202    	37.06495666503906 287822.7174702941 90 216.4878612094455 189.4094543457031
2.666663885116577 135.9998626708984 2	0.06238104	1.276683e-06	95.57061	17.66401	   80.1056366    	27.61910438537598 900677.592920873 116.565051177078 213.8747475912945 186.06298828125
17.33331489562988 88.33324432373047 5	0.005336953	4.67872e-07	58.83892	10.18164	   76.7494431    	12.35506916046143 432460.9355519705 90 211.4108815511068 189.4094543457031
10.66665554046631 249.9997406005859 5	0.01211564	3.942974e-07	79.36539	9.522474	   79.6765213    	12.14077281951904 6753.272624684632 180 223.9448822021484 216.1810913085938
12.66665363311768 254.6663970947266 5	0.01132319	2.920865e-07	85.17773	8.187132	   80.4424667    	96.30536651611328 24117.4212488086 180 222.7624681260851 208.8188934326172
4.99999475479126 331.3329772949219 7	0.002073983	-1.387051e-07	74.84863	12.0883	   85.8778610    	50.76946258544922 214868.0516784926 -165.9637565320735 217.7797296609089 198.7795257568359
26.33330535888672 153.66650390625 7	0.006380933	4.955057e-07	65.72453	10.28947	   71.1144867    	0 33260.57144509326 0 221.2875479239005 207.4803161621094
12.33332061767578 338.6663208007812 8	0.01110182	6.353893e-07	75.98992	13.738	   72.5358887    	36.20934677124023 17440.21780865906 0 224.5729863093449 218.1889801025391
16.66664886474609 259.9997253417969 9	8.525749e-05	1.283661e-08	71.64501	5.722425	   81.1423264    	37.56630325317383 55250.661333424 161.565051177078 221.8382081531343 206.8110198974609
13.99998569488525 138.6665191650391 9	0.02191533	3.892813e-07	85.95415	7.510147	   83.9032211    	26.95610427856445 27972.67834514823 -153.434948822922 221.5991755894252 212.1653442382812
11.3333215713501 217.9997711181641 9	0.005540588	1.29815e-07	98.60083	7.162723	   79.0255966    	50.87593078613281 5386.493960006492 75.96375653207353 227.2244110107422 224.2126007080078
7.999991416931152 170.6664886474609 9	0.01030303	3.39389e-07	59.61937	3.984895	   86.7147446    	27.56366348266602 413511.0043494835 63.43494882292201 218.2858486677471 196.1023559570312
5.333327770233154 144.3331756591797 9	0.02154223	8.336068e-07	73.03055	16.12136	   87.6012497    	27.5997257232666 242114.5178998639 116.565051177078 217.9280680855789 195.4330749511719
4.99999475479126 133.3331909179688 12	0.0208155	1.324909e-06	58.15041	16.10292	   86.2337418    	24.62860107421875 731861.1808738109 0 211.223343237761 182.7165374755859
-12.99998664855957 60.33327102661133 1	0.03554515	-7.842436e-07	87.18247	11.9423	   79.5905609    	48.21720123291016 725157.9199545434 180 216.8256978390401 190.7480316162109
-11.99998760223389 161.3331604003906 2	0.09177106	-9.596411e-07	90.80438	8.887651	   85.7552490    	34.56537246704102 165172.7227152711 135 219.5384430924082 195.4330749511719
10.66665554046631 155.9998321533203 4	0.03711979	8.814908e-07	88.73659	13.75499	   78.8971863    	12.35500621795654 91762.1571510506 90 216.9488195531509 202.1259918212891
9.666656494140625 156.3331756591797 5	0.01547331	9.711678e-07	72.05923	18.94599	   78.8832321    	36.53847885131836 189574.7362101011 0 213.3796406337193 191.4173278808594
11.66665458679199 268.3330383300781 6	0.02473575	3.839032e-07	98.89815	10.36054	   84.5415573    	17.29895401000977 169548.0543935562 135 219.7612797570607 204.8031463623047
12.33332061767578 139.3331909179688 6	0.02761275	6.812421e-07	62.02476	6.228411	   90.2414474    	27.10439491271973 75163.22634995518 153.434948822922 217.6272509438651 199.4488220214844
15.9999828338623 258.9997253417969 7	0.00412138	-1.279913e-07	83.67739	7.280484	   85.3600235    	155.0873870849609 114785.9332256919 -141.3401917459099 220.3199397996924 208.8188934326172
10.66665554046631 312.9996643066406 7	0.002965005	2.442144e-07	75.731	11.13552	   69.9722519    	38.44449234008789 51278.1392367931 161.565051177078 220.4434336612099 208.8188934326172
9.33332347869873 199.6664581298828 7	0.005918919	3.581728e-07	72.39002	9.348262	   71.7549362    	12.3549747467041 111121.1400371975 90 215.3975428139291 196.7716522216797
10.66665554046631 131.3331909179688 7	3.46696e-05	-1.480596e-08	95.76432	27.33472	   74.5368271    	12.14126968383789 546278.1869066526 180 219.1755627290702 194.7637786865234
9.99998950958252 164.9998321533203 8	0.01246916	5.931211e-07	82.21108	15.7222	   76.0998459    	27.25712203979492 113594.3654517652 153.434948822922 216.2767168680827 195.4330749511719
11.66665458679199 129.3331909179688 8	0.0001670419	4.543443e-08	84.25036	18.27194	   67.8655472    	0 211298.7090754622 0 214.1178103890389 194.7637786865234
15.66665077209473 250.3330688476562 9	0.01004359	3.687389e-07	71.62669	7.908536	   80.9661407    	37.06495666503906 124266.1910923844 90 216.2309445320292 196.7716522216797
14.99998474121094 227.6664276123047 9	0.009089217	7.664448e-07	73.37015	12.03743	   60.8963127    	17.17112731933594 120665.9269122683 135 216.2914254324777 196.7716522216797
8.666657447814941 264.9997253417969 9	0.03629832	8.868514e-07	92.66758	10.84821	   68.5313873    	17.3763599395752 262144.1155637323 -135 215.9140802887437 197.4409484863281
-6.333326816558838 181.3331451416016 10	0.06705963	-1.32061e-06	73.4744	11.28216	   88.1134567    	99.39821624755859 8191.6514400001 -119.7448812969422 222.4278233846029 212.1653442382812
-5.999993801116943 193.3331298828125 10	0.07964429	-1.148131e-06	90.33267	12.5517	   84.6054840    	93.96733093261719 1080065.897141072 -113.1985905136482 215.2603001636635 184.7244110107422
8.333324432373047 122.999870300293 10	0.0356533	6.615876e-07	79.83247	8.317653	   83.9861908    	50.37244415283203 125008.866904671 165.9637565320735 217.767033452573 197.4409484863281
10.66665554046631 70.66659545898438 11	0.01785016	3.788244e-07	81.10933	7.100015	   82.8558807    	27.52591705322266 218592.0304959159 63.43494882292201 221.1346866937331 203.4645690917969
-8.999990463256836 168.9998168945312 11	0.03555812	-6.829338e-07	72.49833	6.536448	   84.9490509    	50.4144401550293 176399.5118243876 165.9637565320735 220.7425818810096 203.4645690917969
-8.999990463256836 204.3331146240234 11	0.04314643	-4.765691e-07	86.7605	6.281477	   89.7003021    	17.36911773681641 242645.7078947216 45 217.2355174485532 200.1181030273438
-9.99998950958252 169.9998168945312 3	0.02612862	-4.804687e-07	98.60904	9.738287	   75.6073227    	38.51797485351562 427520.0358588881 -161.565051177078 212.8706525488745 194.7637786865234
-11.99998760223389 141.9998474121094 3	0.1199231	-1.588615e-06	90.82197	14.09259	   85.6888809    	12.09951210021973 57803.98088597512 0 214.935910247093 200.1181030273438
10.66665554046631 82.33324432373047 5	0.07233825	1.146147e-06	94.59888	15.88194	   85.8385620    	119.583625793457 1519669.146500549 23.96248897457818 218.4467171751088 190.7480316162109
11.66665458679199 262.6663818359375 7	0.04034922	7.345791e-07	90.81929	10.88883	   79.6939087    	86.33149719238281 216384.6009744422 135 219.6772162395975 204.1338653564453
11.99998760223389 126.6665344238281 8	0.006851716	1.736629e-07	96.76007	10.13668	   83.1336288    	27.15790748596191 18812.05133825307 153.434948822922 226.7463476998466 218.8582763671875
8.999990463256836 253.3330688476562 8	0.02725356	7.860928e-07	85.0042	10.58041	   71.5046921    	38.62087631225586 297047.6982030039 -161.565051177078 219.3747541175041 195.4330749511719
15.66665077209473 127.3331985473633 8	0.005785313	3.206522e-07	58.05388	8.202849	   90.1062393    	23.79151725769043 168048.5970753893 180 217.0137653501015 198.1102294921875
11.66665458679199 317.6663208007812 8	0.02600352	1.073017e-06	73.73315	12.91733	   74.6257553    	27.50740814208984 79394.9323431517 116.565051177078 217.7352204403635 200.7873992919922
12.99998664855957 331.9996643066406 8	0.02785799	7.633902e-07	89.93534	10.25558	   68.3561249    	38.19335174560547 60209.60120505992 -161.565051177078 218.6054243299696 206.1417388916016
8.333324432373047 338.9996337890625 9	0.007789417	4.171953e-07	78.36424	11.55851	   72.3371201    	38.71324920654297 488896.0581235592 -161.565051177078 221.9072633955214 203.4645690917969
11.99998760223389 334.9996643066406 9	0.01133066	7.938871e-07	65.61369	12.08404	   72.1104584    	61.77490615844727 5375.112197453469 90 228.2283477783203 224.2126007080078
19.99997901916504 251.9997406005859 9	0.008352349	3.803926e-07	82.3685	10.24703	   70.7459030    	27.31153106689453 201460.4783823614 -63.43494882292201 224.9205049368051 211.4960632324219
14.33331871032715 70.33325958251953 10	0.01661111	6.92901e-07	89.8616	18.81997	   76.4575119    	49.34494018554688 34598.07355167479 165.9637565320735 221.792853135329 210.8267669677734
-11.66665458679199 90.99990844726562 10	0.04083187	-1.078828e-06	96.32192	12.04438	   64.5255661    	27.50697135925293 433038.55263674 -63.43494882292201 217.5986716228983 199.4488220214844
14.33331871032715 268.9997253417969 10	0.01627186	3.812127e-07	89.30837	8.913743	   77.7898483    	37.06495666503906 19969.29170654888 -90 221.7585327148437 210.1574859619141
16.33331680297852 253.6663970947266 10	0.03605557	8.727928e-07	89.80246	15.17824	   80.6613159    	49.04720687866211 258342.1371223772 14.03624346792648 222.3686340487733 200.1181030273438
10.33332252502441 287.6663818359375 10	0.006249736	4.731659e-07	55.90743	7.250308	   76.2506638    	27.25845336914062 262104.5590884341 153.434948822922 215.6946600687872 192.0866088867188
-13.99998569488525 163.3331604003906 1	0.04311641	-5.044514e-07	84.7818	7.152308	   92.3531418    	24.7099494934082 77275.8983877089 -90 212.4538434784988 198.7795257568359
-14.99998474121094 91.33323669433594 1	0.03244515	-1.186269e-06	91.97758	15.06801	   65.0265961    	27.44875717163086 108779.9612321601 116.565051177078 213.1529697325171 200.7873992919922
-24.66664123535156 205.9997863769531 2	0.005839497	-3.345405e-07	99.30444	17.0747	   67.4076614    	16.7440357208252 289206.6395931034 -135 220.8142156929805 198.7795257568359
-19.66664695739746 205.3331146240234 3	0.004272647	-4.739719e-07	71.07037	16.17618	   69.7171555    	11.65804862976074 319419.3835507269 180 213.9320677475408 194.7637786865234
6.999992847442627 123.6665344238281 4	0.04892673	1.125056e-06	97.96482	13.9437	   69.7247696    	24.50739097595215 632073.3247703282 180 209.639645773789 182.0472412109375
11.99998760223389 232.999755859375 7	0.004012734	1.964343e-07	76.10416	6.530118	   72.8979111    	17.27763938903809 68548.60628799289 135 221.8372715968712 203.4645690917969
13.66665267944336 265.3330688476562 8	0.002131143	1.393427e-07	60.25752	6.037469	   86.7579803    	112.7676086425781 10675.44023388442 -130.6012946450045 223.125 214.842529296875
8.999990463256836 244.6664123535156 8	0.0005267035	-3.399134e-08	95.36449	6.956365	   72.2893753    	37.06492614746094 31197.97637043511 90 225.1437895401664 216.8504028320312
13.33331966400146 249.9997406005859 8	0.004644674	2.399345e-07	86.66525	9.46327	   67.8118515    	12.3549747467041 128349.668474056 90 214.4102698961894 196.7716522216797
27.99997138977051 138.3331909179688 8	0.003087816	-2.388186e-07	78.37761	12.18802	   71.5821609    	16.47035980224609 13331.17768070936 135 228.8976384943182 225.5511779785156
15.66665077209473 135.6665191650391 10	0.01847891	2.527388e-07	81.8856	3.364028	   86.2398987    	38.92995071411133 56849.06452730304 -108.434948822922 216.5546615955442 202.1259918212891
19.66664695739746 265.9997253417969 10	0.01474899	6.367181e-07	81.0826	12.34339	   71.7001877    	11.63453197479248 87955.46118902245 180 219.4980327381807 196.1023559570312
-10.33332252502441 69.66659545898438 1	0.06440534	-1.202676e-06	82.64087	11.06263	   80.4355164    	92.9249267578125 171641.0138256497 23.19859051364819 217.8727773831585 198.1102294921875
-14.33331871032715 150.66650390625 2	0.02190069	-4.024205e-07	95.28802	11.16252	   84.4411011    	11.95266437530518 242090.6789968497 0 215.5596188555707 198.1102294921875
-16.66664886474609 100.9998931884766 3	0.009072285	-4.446101e-07	87.7393	11.74623	   66.2286301    	53.3299446105957 57952.64157463931 -153.434948822922 224.6537250172008 207.4803161621094
-14.66665172576904 160.66650390625 4	0.004433382	-4.355326e-07	65.7626	17.19487	   81.6234818    	11.95266437530518 184657.7096053462 180 215.4781060527555 190.0787353515625
14.66665172576904 119.3332061767578 7	0.1269738	1.142965e-06	99.12931	11.22084	   86.6820679    	26.8595085144043 297730.0414591757 153.434948822922 217.0774756840297 194.094482421875
13.33331966400146 243.3330841064453 7	2.3646e-05	5.521275e-09	78.43439	5.603446	   73.3288345    	17.23305702209473 36077.20817482307 135 211.421699806496 201.4566955566406
11.3333215713501 222.3330993652344 7	0.006652654	4.676396e-07	79.75217	12.11561	   64.7889404    	38.40457916259766 241056.8414069199 -161.565051177078 219.3406067746978 203.4645690917969
16.9999828338623 250.9997406005859 7	0.007768827	2.005557e-07	81.9184	4.614841	   76.9514694    	24.7099494934082 21033.90170494471 90 227.0570878982544 220.8661499023438
15.9999828338623 257.9997253417969 8	0.0006981869	-5.167458e-08	79.74773	9.10477	   83.3930206    	17.11674118041992 250723.1729007947 135 216.0190646522923 196.7716522216797
15.33331775665283 257.6664123535156 8	0.02460764	4.877761e-07	91.27645	10.69836	   82.0187225    	26.82535362243652 101973.2800626565 153.434948822922 220.900911207323 201.4566955566406
12.33332061767578 225.3330993652344 8	0.03011977	7.853686e-07	93.70697	12.07201	   70.2971725    	43.83698654174805 360715.9718712817 -146.3099324740202 221.3811740237098 200.7873992919922
16.66664886474609 254.6663970947266 9	0.006829332	5.094116e-07	75.2404	11.52239	   65.1831894    	0 99935.43114742347 0 218.453172181782 202.1259918212891
16.9999828338623 255.6663970947266 9	0.01531777	5.5297e-07	90.84222	12.19293	   69.2316208    	72.02134704589844 118320.33146739 -9.462322208025617 224.8372721354167 208.8188934326172
14.33331871032715 258.6663818359375 10	0.05478074	8.250622e-07	90.14191	10.49155	   82.8241806    	35.85797119140625 109081.0428201619 180 217.8869794519936 194.094482421875
8.333324432373047 93.66657257080078 11	0.03034471	8.33183e-07	97.63907	18.04358	   77.0295715    	34.76109313964844 274566.5143559403 135 215.4124121335473 189.4094543457031
8.333324432373047 87.66657257080078 12	0.03063515	6.136505e-07	89.86279	10.84026	   80.2668686    	39.02367401123047 17665.82936627377 108.434948822922 227.8164778489333 222.8740234375
-14.33331871032715 148.3331756591797 2	0.03948944	-1.2187e-06	88.71834	17.42327	   75.3956070    	37.89983749389648 576926.6079312854 -161.565051177078 213.9789191039476 182.0472412109375
7.666658878326416 322.3330078125 7	0.003830579	2.410155e-07	69.751	7.272756	   72.8044128    	66.06562805175781 255932.3287984501 -158.1985905136482 225.4123404482578 211.4960632324219
13.66665267944336 254.9997406005859 7	0.02884803	4.636256e-07	95.56242	10.43889	   84.0183411    	49.41992950439453 40044.37602699126 -90 218.813650004069 198.7795257568359
19.33331298828125 279.9996948242188 8	0.000411811	-1.050052e-07	57.30146	13.2976	   77.9358139    	50.77085876464844 112859.7092309925 75.96375653207353 219.4506306264592 205.4724426269531
14.66665172576904 329.6663208007812 8	0.007844817	7.529212e-07	71.01057	10.81094	   58.1780357    	12.35500621795654 11967.40994120597 90 227.0384945339627 218.1889801025391
15.9999828338623 303.9996948242188 8	0.00660222	4.907955e-07	76.13128	14.82187	   71.3686752    	37.68199920654297 129416.2703383278 161.565051177078 221.0027338144731 208.1496124267578
11.66665458679199 331.6663208007812 8	0.0346709	9.033003e-07	84.5102	11.99338	   75.9904861    	27.18335342407227 36336.94675628665 -153.434948822922 221.3371265552662 209.4881896972656
18.33331489562988 155.9998321533203 9	0.0003266392	3.843446e-08	75.13612	9.212476	   79.9718552    	26.53021049499512 103078.526013339 -153.434948822922 214.9187699330004 196.7716522216797
9.99998950958252 212.6664428710938 9	0.008780531	6.483048e-07	74.14212	17.60495	   75.2682190    	12.3549747467041 73064.20475447667 90 223.0971139978479 200.7873992919922
14.99998474121094 168.3331604003906 9	0.00828405	3.789244e-07	80.89539	14.0116	   80.6423111    	17.1840991973877 184534.9266924729 45 216.6577928941027 201.4566955566406
16.9999828338623 68.33325958251953 9	0.006273114	5.674659e-07	67.93045	12.12977	   67.7401276    	17.08778762817383 57779.81667718072 45 218.7822106101296 204.1338653564453
13.66665267944336 246.6664123535156 9	0.03343471	1.144854e-06	90.38173	19.37528	   75.6251450    	59.94017028808594 385477.3365585405 180 216.6535450760468 197.4409484863281
8.333324432373047 305.3330078125 10	0.01364043	4.96117e-07	79.91601	12.86837	   81.5470734    	17.3763599395752 171183.0385196302 135 216.4679418896872 199.4488220214844
10.33332252502441 315.3330078125 10	0.02824708	8.154223e-07	68.06919	8.992676	   84.1023483    	17.33612442016602 58112.56634219073 -135 217.7064663199491 204.1338653564453
12.66665363311768 131.9998626708984 10	0.05988359	9.474774e-07	93.02952	16.12795	   90.7128983    	54.94358444213867 1422593.977360646 63.43494882292201 210.2821468378392 181.3779602050781
4.666661739349365 156.66650390625 10	0.08687342	1.049161e-06	85.91261	11.39581	   92.4921494    	44.45807266235352 186126.9251325951 -33.69006752597979 214.1683074726778 192.0866088867188
10.66665554046631 240.3330841064453 10	0.03897664	6.535066e-07	92.67813	8.98643	   76.8002777    	43.94663238525391 174101.8857288374 146.3099324740202 217.0631153195403 193.4252014160156
-6.666659832000732 99.33322906494141 10	0.02356623	-4.443808e-07	88.81473	8.871736	   81.8483658    	27.48461723327637 361618.3157398676 -153.434948822922 211.6753833122973 184.0551147460938
28.99996948242188 327.9996643066406 10	0.00469536	4.39022e-07	82.69381	16.54633	   64.8501816    	21.61316871643066 129622.4259272154 180 218.8086929321289 204.1338653564453
10.9999885559082 241.3330841064453 10	0.03202951	8.869213e-07	91.4471	11.6854	   68.3781433    	54.49049758911133 202253.8744427634 -153.434948822922 218.2023638916015 195.4330749511719
14.66665172576904 83.33324432373047 11	0.02706236	7.906634e-07	88.17194	16.63331	   81.4355087    	26.892578125 814613.551101801 153.434948822922 213.7622798211411 185.3937072753906
0.999998927116394 162.66650390625 12	0.0009019994	6.797234e-08	98.33716	21.03449	   88.7461395    	62.99216461181641 3431918.888380334 -168.6900675259798 212.2009048218164 176.6929168701172
1.333331942558289 109.3332214355469 12	0.03813739	7.167723e-07	85.35031	9.042582	   79.2087631    	44.52762222290039 145528.5594234162 146.3099324740202 218.9150964988852 195.4330749511719
-14.99998474121094 159.66650390625 3	0.0158609	-4.388816e-07	83.2798	10.21996	   80.5967407    	37.89983749389648 384693.8062770371 161.565051177078 209.8782249187601 189.4094543457031
8.333324432373047 253.3330688476562 5	0.01323311	5.953172e-07	72.84597	11.92047	   78.5975189    	210.6338043212891 716009.8135365379 10.00797980144134 218.108967761161 190.7480316162109
8.999990463256836 242.3330841064453 6	0.01231379	3.412605e-07	92.13976	10.22166	   75.9310989    	38.62087631225586 562942.1231353524 161.565051177078 214.3119255709361 188.0708618164062
9.666656494140625 265.9997253417969 7	0.03504913	5.976124e-07	90.4886	9.441951	   80.6584702    	48.71829605102539 113758.7732625655 180 218.8742050897507 199.4488220214844
10.33332252502441 161.9998321533203 7	0.07412483	9.737777e-07	96.60225	11.63842	   81.5935593    	24.28303718566895 325608.2554366679 180 213.5816977726473 185.3937072753906
14.66665172576904 262.3330688476562 7	0.0003403819	3.513349e-08	81.99013	11.57302	   83.9541016    	37.95143890380859 136928.5341217226 -161.565051177078 209.1178049624545 188.7401580810547
11.99998760223389 159.66650390625 8	0.08926173	1.25606e-06	92.11829	14.72109	   87.5959091    	172.6696472167969 1552373.826053191 12.0947570770121 218.9988372855487 189.4094543457031
12.66665363311768 254.9997406005859 8	0.02608962	5.242085e-07	80.80058	7.410426	   81.2076721    	78.42066955566406 70981.57975176402 -128.6598082540901 221.4344093754606 208.8188934326172
9.666656494140625 227.3330993652344 8	0.01399913	2.203739e-07	97.2347	5.406595	   77.9539566    	38.58727264404297 181452.3832377699 -161.565051177078 217.3348817967657 196.1023559570312
15.33331775665283 251.9997406005859 8	0.01188008	2.635277e-07	85.74863	7.727559	   84.0362778    	17.17112731933594 11924.037112603 -135 216.9991268581814 202.7952728271484
7.666658878326416 334.6663208007812 8	0.02315834	6.557428e-07	90.17267	11.77983	   72.5936356    	44.22108459472656 89849.56634285982 146.3099324740202 222.5495124585701 202.7952728271484
8.999990463256836 322.9996643066406 9	0.01502267	4.83545e-07	81.39645	11.40984	   80.1497345    	65.719970703125 510152.1511440589 158.1985905136482 221.7009773660213 199.4488220214844
13.99998569488525 162.66650390625 9	0.02467348	6.981868e-07	61.69563	7.255471	   89.9198990    	17.22087860107422 155939.148231195 -135 213.9730141142495 194.7637786865234
10.33332252502441 265.9997253417969 10	0.03246449	6.102305e-07	87.86803	9.697415	   80.8287582    	17.32708168029785 235085.1276400009 -45 216.9965617738921 193.4252014160156
16.9999828338623 166.3331604003906 10	0.01386297	4.6154e-07	80.86767	7.280229	   69.6904984    	11.83572292327881 136651.5883560987 180 213.9994704906757 193.4252014160156
1.999997854232788 73.99992370605469 12	0.0447291	7.638037e-07	97.11269	14.37769	   83.8480377    	34.92599868774414 311538.1091383492 45 218.5457363716831 194.7637786865234
-11.99998760223389 187.6664733886719 12	0.007866302	-2.216446e-07	83.37706	11.10184	   92.2564316    	72.59791564941406 14786.37316377927 180 222.7523276589133 206.8110198974609
-11.3333215713501 57.99993896484375 4	0.03054869	-9.407179e-07	77.33482	12.87618	   80.0847397    	24.22817611694336 49812.71858277229 180 217.5377754005226 201.4566955566406
-6.999992847442627 158.66650390625 6	0.04248522	-8.952549e-07	72.33484	10.72606	   91.7285080    	24.7099494934082 110457.4452551066 -90 218.9574232690128 195.4330749511719
9.99998950958252 130.3331909179688 6	0.006419616	5.596137e-07	62.58466	17.86875	   87.0102921    	27.28010940551758 12170.80977350291 153.434948822922 217.445320977105 208.1496124267578
10.66665554046631 312.6663513183594 7	0.01499272	5.497599e-07	88.25569	10.81588	   67.9926834    	12.14176845550537 39153.81050582606 180 217.3812113794787 204.8031463623047
12.99998664855957 257.9997253417969 7	0.051895	7.899654e-07	94.44878	10.2711	   78.7700424    	43.67685699462891 252977.5581683683 146.3099324740202 212.0130828373016 189.4094543457031
13.99998569488525 258.3330688476562 7	0.008507331	3.054466e-07	77.40093	11.41197	   87.7451401    	27.44939613342285 343831.8170373042 116.565051177078 216.806294404259 196.1023559570312
17.33331489562988 245.6664123535156 8	3.569938e-05	-1.260992e-08	89.85635	15.1357	   66.7693787    	17.10252380371094 76087.84356112678 -135 221.5585127205684 204.8031463623047
11.66665458679199 224.6664276123047 8	0.01994348	5.752468e-07	82.32124	9.414472	   74.8134613    	27.50053596496582 110265.6739980426 63.43494882292201 219.5275610947027 194.094482421875
25.99997329711914 284.6663818359375 8	0.01121109	4.776301e-07	81.64555	13.3417	   77.2491837    	22.20965003967285 229831.3291065383 180 219.2217009349536 204.1338653564453
19.33331298828125 253.6663970947266 8	0.002535312	7.737193e-08	91.22667	6.498153	   83.0402374    	27.33224487304688 107593.8061318739 -63.43494882292201 211.5767002335514 192.7559051513672
16.66664886474609 142.3331909179688 8	0.02103748	3.571354e-07	84.98417	7.588156	   87.6580124    	66.08574676513672 120962.1513066969 111.8014094863518 217.3960126793903 191.4173278808594
11.99998760223389 234.999755859375 8	0.03037222	7.800107e-07	90.7238	12.08334	   73.0856094    	27.1317310333252 63148.04665755224 153.434948822922 218.217457872756 199.4488220214844
12.66665363311768 340.6663208007812 9	0.01349443	9.609485e-07	65.63788	13.69132	   72.7792892    	17.25592422485352 97821.47159893738 135 209.0572762685279 194.7637786865234
13.99998569488525 330.3329772949219 9	0.01452411	1.271886e-06	70.90762	15.91297	   63.7077599    	23.97552299499512 10665.70486861982 180 224.2962608337402 217.5196838378906
16.66664886474609 251.9997406005859 9	0.02539761	5.944926e-07	87.51213	13.82356	   86.0059738    	0 230417.2366063484 0 214.2956134905134 188.7401580810547
13.99998569488525 142.9998474121094 9	0.06769373	9.713949e-07	81.5163	11.30666	   92.9648438    	71.92784881591797 22669.64834561676 0 227.0078762278837 218.8582763671875
10.33332252502441 260.3330688476562 10	0.02006732	6.811885e-07	99.38126	15.63172	   68.6770325    	27.52547645568848 220085.0783101556 116.565051177078 218.9896637150115 192.0866088867188
5.333327770233154 330.9996643066406 10	0.0002335849	-2.013517e-08	78.65849	6.560476	   85.4820480    	55.03707885742188 38294.5020573746 153.434948822922 222.6349846976144 207.4803161621094
14.99998474121094 134.9998626708984 10	0.009793493	3.676691e-07	80.3048	10.31788	   78.0122375    	17.19670677185059 359675.765570597 -135 214.3016543793063 192.0866088867188
-8.666657447814941 71.66659545898438 12	0.03306947	-9.506615e-07	71.12488	9.893534	   81.0308838    	17.36929512023926 47527.02441282012 -135 226.0866154261998 214.842529296875
-15.66665077209473 172.9998168945312 2	0.01875532	-4.041894e-07	89.24184	8.238096	   77.3692245    	17.15764045715332 210158.1989045613 135 210.1574815474216 186.7322845458984
-11.3333215713501 139.6665191650391 3	0.0272088	-8.064997e-07	94.22083	20.06729	   81.9567871    	12.0545597076416 496274.7507418593 0 212.8183226960138 182.7165374755859
3.333329916000366 144.9998474121094 5	0.04555679	4.585198e-07	88.13327	4.637671	   85.3915329    	12.35498237609863 31540.25662347884 -90 217.2868904445482 196.7716522216797
7.333325862884521 109.6665496826172 6	0.005839156	3.859932e-07	74.4539	17.72986	   85.0431290    	12.3549747467041 19079.50568399075 90 220.3402720860072 202.7952728271484
8.333324432373047 134.9998626708984 6	0.04639877	7.107869e-07	87.67868	10.35951	   86.4273911    	38.68363571166992 97891.73701499563 161.565051177078 214.0802722507053 190.7480316162109
18.99998092651367 140.9998474121094 7	0.0001181626	1.688143e-08	72.10106	5.87371	   78.8922043    	37.19281005859375 6489.524505832521 -161.565051177078 225.6850372314453 219.5275573730469
18.66664695739746 165.9998321533203 8	0.02970829	6.815633e-07	88.59721	8.278155	   70.0608978    	164.4972076416016 7814.332699681489 -102.9946167919165 225.4396362304688 216.8504028320312
12.99998664855957 314.6663513183594 8	0.01358471	5.875671e-07	85.29778	13.62905	   71.6554565    	49.74413681030273 42824.28858686953 165.9637565320735 221.3471956253052 207.4803161621094
15.66665077209473 253.9997406005859 8	0.002454964	6.348427e-08	87.90539	5.5586	   90.5138245    	35.68774032592773 22488.58934671707 180 224.2125989128562 211.4960632324219
18.33331489562988 89.33323669433594 9	0.02625511	1.03499e-06	97.27364	21.95689	   72.1194458    	59.53080368041992 666347.9815442751 36.86989764584402 217.6399492025375 197.4409484863281
9.99998950958252 336.9996337890625 9	0.01183215	4.290903e-07	87.22633	10.40752	   71.0167465    	27.30192565917969 175865.5817039906 -153.434948822922 215.4294380774865 196.1023559570312
13.66665267944336 67.66659545898438 9	0.0280036	8.348475e-07	84.64922	16.23502	   82.6609497    	17.20896530151367 214816.2229767915 45 220.2675215442729 203.4645690917969
16.66664886474609 134.9998626708984 10	0.02258085	9.548145e-07	72.12877	12.08939	   75.2839890    	48.96893692016602 6584.930949721966 165.9637565320735 230.2362213134766 224.2126007080078
20.99997901916504 88.99990844726562 10	0.007290473	3.57209e-07	77.37516	13.38607	   81.7639771    	12.35500621795654 443168.8869601115 90 217.4693924567603 194.7637786865234
15.9999828338623 127.9998626708984 11	0.01525735	6.105777e-07	76.57781	9.958832	   72.7239914    	64.40776062011719 33022.52366495266 -158.1985905136482 216.5291357421875 195.4330749511719
0 66.66659545898438 11	0.08962002	-1.145636e-06	93.66762	11.68326	   82.7637100    	34.94392013549805 673941.6862544104 135 212.6097317946176 182.0472412109375
-6.666659832000732 91.33323669433594 12	0.05293953	-6.751348e-07	94.43648	7.987758	   79.2156677    	82.40807342529297 436503.3638485327 -26.56505117707799 221.2363451004028 196.1023559570312
5.999993801116943 85.66658020019531 1	0.01029919	7.434804e-07	73.35218	15.09172	   70.3031769    	27.4985523223877 249947.509185442 26.56505117707799 220.2773129822778 201.4566955566406
-5.999993801116943 85.33324432373047 1	0.1117323	-1.127448e-06	92.47746	10.01162	   86.2114487    	17.42740058898926 25962.24040321822 135 215.5822641473067 200.1181030273438
-7.333325862884521 75.333251953125 1	0.02693957	-1.006713e-06	60.18212	10.14715	   87.6503677    	24.48887825012207 50407.31708595064 180 216.8323059082031 202.1259918212891
-7.333325862884521 87.66657257080078 3	0.0251983	-6.347636e-07	91.62856	21.55561	   95.6252594    	34.81527328491211 156683.6513835149 45 220.9127019467561 198.1102294921875
19.33331298828125 267.3330688476562 6	0.002532867	1.350383e-07	88.13659	13.30539	   81.8826218    	23.31704711914062 57032.91480617148 180 217.656587080522 202.7952728271484
10.66665554046631 318.6663208007812 7	0.008876582	5.255984e-07	79.58459	12.68656	   68.5761490    	36.42429351806641 21594.86768120492 0 225.8021659851074 216.1810913085938
24.99997329711914 294.9996948242188 8	0.003888997	2.758698e-07	82.80937	16.52994	   76.6902008    	50.65902709960938 296247.4276222553 104.0362434679265 220.9505081817883 199.4488220214844
10.9999885559082 329.9996643066406 8	0.01807577	5.505573e-07	92.53186	13.22901	   74.2041626    	17.31708335876465 558234.3874831836 -45 218.3199260545813 198.7795257568359
12.66665363311768 249.6664123535156 8	0.03445276	7.863032e-07	87.28355	10.71259	   75.6086655    	49.74509048461914 6705.335087313102 165.9637565320735 224.2126007080078 207.4803161621094
11.99998760223389 253.3330688476562 8	0.02866959	6.478586e-07	87.56723	10.94305	   78.6719818    	38.28167724609375 26863.04281180088 161.565051177078 220.2637794494629 204.8031463623047
21.6666431427002 143.3331909179688 8	0.006211229	1.944797e-07	83.34467	7.04736	   78.9921036    	57.41043853759766 5101.044510511724 0 229.3996047973633 226.2204742431641
9.33332347869873 244.6664123535156 9	0.001743859	1.655825e-07	79.06566	10.95971	   67.8162155    	54.58155059814453 329281.789034466 153.434948822922 217.0982806044842 194.7637786865234
13.99998569488525 258.3330688476562 9	0.02645664	5.734408e-07	81.21935	9.776917	   84.4853821    	11.97164440155029 194464.3773666267 180 207.3748791838345 190.0787353515625
12.99998664855957 246.9997406005859 9	0.01979456	6.267525e-07	79.59216	10.7473	   77.2928543    	27.49352264404297 25439.09266005117 -116.565051177078 219.1400756835938 203.4645690917969
15.33331775665283 258.9997253417969 9	0.00183737	1.498052e-07	85.51389	24.17276	   92.9223404    	34.27523422241211 195895.173174861 135 223.6020978979162 198.7795257568359
-8.999990463256836 46.33328628540039 1	0.02051994	-5.138125e-07	83.80058	11.06169	   82.8844147    	192.7601165771484 145190.6850173295 -18.43494882292201 216.7753341532199 191.4173278808594
-13.33331966400146 90.99990844726562 4	0.0139687	-5.358839e-07	79.57008	11.16596	   75.4385910    	12.02222156524658 252540.1649943212 180 217.3284603704221 194.7637786865234
-6.666659832000732 156.3331756591797 4	0.006467861	-1.519679e-07	82.65288	6.68773	   90.0435333    	34.83898544311523 137757.3855452104 135 213.3448984882619 197.4409484863281
12.33332061767578 261.6663818359375 5	0.04275415	6.731988e-07	89.47156	11.82023	   88.6904831    	50.86478042602539 85884.08652240461 104.0362434679265 223.1772892475128 207.4803161621094
9.33332347869873 131.6665344238281 6	0.03650872	7.712463e-07	81.59224	10.68201	   83.1795731    	24.38239097595215 108407.3012256238 0 211.0693904876709 194.7637786865234
11.99998760223389 263.9997253417969 7	0.04690301	7.246613e-07	91.72169	11.98747	   86.4394989    	27.49988555908203 61777.26061355523 116.565051177078 216.2247533383577 198.7795257568359
12.33332061767578 258.9997253417969 7	0.005419935	3.054174e-07	68.72847	9.983587	   81.2078781    	70.91742706298828 32224.90661785544 -30.96375653207352 215.511812210083 197.4409484863281
14.99998474121094 242.6664123535156 7	0.01039659	3.075429e-07	83.29088	7.634198	   76.3340988    	26.89214324951172 233607.3919180891 -153.434948822922 213.5647831830111 198.1102294921875
4.99999475479126 147.3331756591797 8	0.002007806	-2.060719e-07	83.55087	16.91321	   71.2292862    	98.46387481689453 996978.7193677861 0 213.6278805830842 186.7322845458984
17.99998092651367 135.3331909179688 8	0.0008168612	6.552969e-08	84.01196	8.953479	   73.6800461    	37.06489181518555 137279.9042776579 90 213.4975630987258 192.0866088867188
9.33332347869873 245.3330841064453 8	0.007110813	3.21513e-07	64.34857	7.11869	   83.4737549    	24.38339042663574 33893.80653143724 180 220.3842529296875 204.1338653564453
9.99998950958252 344.3329772949219 8	0.008396926	4.642981e-07	81.6723	13.01913	   70.4737701    	17.31708335876465 266312.9484154129 135 215.569567995023 194.094482421875
14.66665172576904 244.9997406005859 8	0.03081522	8.194055e-07	85.50778	12.97503	   78.0558472    	35.80178833007812 293510.9881898447 180 212.8831017955935 194.094482421875
14.66665172576904 142.6665191650391 9	0.03277157	6.970753e-07	71.69213	7.852706	   87.0813522    	37.89983749389648 274951.0981873042 18.43494882292201 222.8125849184783 204.8031463623047
15.66665077209473 155.3331756591797 9	0.02791452	4.462721e-07	88.97598	8.197017	   84.1922684    	49.41989898681641 9265.812117174637 90 224.4038282121931 212.8346557617188
18.99998092651367 66.66659545898438 9	0.00947241	9.884529e-07	80.58456	13.4681	   51.6190872    	17.01147079467773 37674.21721055855 -135 211.911485869309 190.0787353515625
23.66664123535156 312.9996643066406 9	0.0003439689	1.369312e-07	55.10234	14.03946	   68.2500534    	25.76034355163574 137122.8907481948 153.434948822922 221.5231538825079 203.4645690917969
9.99998950958252 233.6664276123047 10	0.001920115	1.751929e-07	71.45914	12.47056	   78.9048538    	82.57687377929688 144722.3614956426 116.565051177078 223.8810825526157 207.4803161621094
15.66665077209473 257.9997253417969 10	0.01416214	4.423836e-07	73.25854	10.50351	   88.6962738    	26.79087448120117 60805.3677172491 153.434948822922 215.3081147567086 195.4330749511719
15.66665077209473 258.9997253417969 10	0.001788124	7.292676e-08	80.42422	6.991287	   88.0753708    	43.35956573486328 33048.33319783703 146.3099324740202 219.6078735351562 199.4488220214844
11.66665458679199 258.9997253417969 11	0.01214818	3.860979e-07	92.00702	14.52279	   80.9310837    	43.94744873046875 6728.735470654412 -146.3099324740202 221.4015777587891 211.4960632324219
7.333325862884521 150.66650390625 11	0.02556277	7.1556e-07	89.73189	14.69747	   78.4818344    	0 1141241.078342855 0 213.1501237964858 186.06298828125
-9.666656494140625 55.99994277954102 12	0.02486439	-1.26314e-06	83.83229	16.31011	   65.3439484    	24.35928726196289 628263.0682006746 0 211.1657452090033 184.0551147460938
-13.33331966400146 135.6665191650391 2	0.03843596	-1.720617e-06	73.2417	21.35945	   83.2963104    	49.41989898681641 49433.76092883558 -90 215.6384339203706 190.7480316162109
-8.999990463256836 91.99990081787109 2	0.07112704	-1.221617e-06	93.16171	14.5778	   81.1091690    	27.54854202270508 713449.4008871259 -116.565051177078 214.6376619520296 187.4015808105469
-8.666657447814941 163.6664886474609 5	0.02338596	-3.956323e-07	89.21635	8.884022	   86.1706085    	54.78630447387695 8148.651594624685 153.434948822922 220.0853017171224 205.4724426269531
7.333325862884521 147.9998474121094 5	0.07010318	5.757298e-07	92.33665	6.9267	   92.5149765    	34.78960418701172 66746.25878514034 45 218.4484987842793 202.1259918212891
14.99998474121094 69.99992370605469 5	0.02655753	6.74052e-07	81.84844	14.36607	   88.9809647    	12.35494232177734 144504.2544157044 -90 214.3267371501398 193.4252014160156
9.99998950958252 236.6664123535156 7	0.01565995	5.530886e-07	84.90715	11.02241	   71.9633865    	12.16755390167236 58167.6292396324 180 209.2235873909884 191.4173278808594
21.33331108093262 159.3331604003906 7	0.01650052	-3.605943e-07	81.68359	8.782629	   87.4501495    	34.5250244140625 70362.17138997617 180 215.9498940207741 200.1181030273438
12.33332061767578 239.3330841064453 7	0.01170827	4.959102e-07	78.06885	10.91062	   74.7534103    	12.07011795043945 67103.47983923847 180 213.4370086669922 192.0866088867188
17.66664886474609 135.6665191650391 8	0.01619141	5.257139e-07	91.31696	17.65123	   83.3130493    	11.77208042144775 154472.183963566 180 210.5828782421047 192.0866088867188
10.9999885559082 309.3330078125 8	0.01968046	4.546374e-07	86.05239	7.728498	   75.4395065    	27.52591705322266 14826.34502997069 -63.43494882292201 219.8317843350497 206.8110198974609
21.99997711181641 164.6664886474609 9	0.001609288	-7.242259e-08	87.78935	6.046414	   75.2464142    	16.85747909545898 87882.53234096702 -135 219.2559630905373 197.4409484863281
11.99998760223389 319.3330078125 9	0.02550112	6.612995e-07	89.17204	10.03503	   71.3980942    	0 153107.010501803 0 213.6213572987339 198.1102294921875
12.33332061767578 256.6664123535156 9	0.0352061	5.454287e-07	91.77016	8.175783	   79.7135849    	17.26622009277344 16099.88811484618 45 218.6351737976074 205.4724426269531
14.33331871032715 250.9997406005859 10	0.03642626	8.184687e-07	86.03873	12.80045	   81.6532516    	27.44053268432617 93143.11102966683 116.565051177078 223.8301470075335 200.7873992919922
4.666661739349365 93.66657257080078 11	0.00791809	3.625304e-07	96.90002	18.78738	   76.5150528    	193.0873718261719 1294920.440071563 116.565051177078 220.351466601408 193.4252014160156
6.666659832000732 124.999870300293 11	0.06182056	1.267056e-06	94.05453	17.82138	   81.7687149    	24.7099494934082 382925.6471684909 90 214.8306107164702 181.3779602050781
-11.66665458679199 77.99991607666016 12	0.05466851	-1.128008e-06	88.43761	12.71573	   77.2808456    	49.9223747253418 9419.455612911217 -165.9637565320735 221.057366507394 210.8267669677734
-13.99998569488525 127.9998626708984 2	0.03205302	-9.893679e-07	87.44115	15.05109	   74.5613937    	11.97017288208008 221155.3549866528 0 219.2332327049899 193.4252014160156
-10.33332252502441 102.9998931884766 3	0.04536461	-9.920573e-07	85.80692	14.0981	   83.0178757    	61.46006393432617 263327.7515090831 53.13010235415598 216.4247944367238 198.1102294921875
-0.3333329856395721 69.33325958251953 4	0.006969928	-2.685486e-07	76.41487	12.20123	   90.8600235    	66.53340148925781 6868.982627168602 21.80140948635181 223.6771667480469 209.4881896972656
7.333325862884521 274.3330383300781 5	0.04107862	9.18759e-07	90.47755	13.76672	   78.4231949    	38.79504776000977 1372689.049008809 -18.43494882292201 217.9592409133911 190.7480316162109
13.33331966400146 256.6664123535156 6	0.01112892	2.476956e-07	93.23893	8.588211	   80.5046616    	38.97342300415039 10690.45701998147 -108.434948822922 217.68701171875 208.1496124267578
28.99996948242188 273.6663818359375 8	0.00429897	-2.70623e-07	83.09123	14.70613	   76.0889816    	24.92458534240723 43200.67431357094 -153.434948822922 218.5979885525174 208.1496124267578
24.33330726623535 147.6665191650391 8	0.005268008	2.395074e-07	87.42052	8.320921	   67.3972549    	36.08493041992188 162551.5026012727 18.43494882292201 219.9548764742338 196.7716522216797
22.6666431427002 135.6665191650391 8	0.01196789	3.2391e-07	80.90162	5.41881	   73.3846207    	11.3726110458374 22824.95237095316 180 222.0931786431207 206.1417388916016
14.99998474121094 258.9997253417969 8	0.01323463	3.97063e-07	82.17657	11.1773	   83.3760605    	54.89729690551758 197594.2622065958 -116.565051177078 212.3315555649316 192.7559051513672
18.33331489562988 299.9996948242188 8	0.008051827	5.475285e-07	75.69962	12.17579	   67.3475571    	42.93746185302734 135523.5064381133 146.3099324740202 213.1371154785156 195.4330749511719
13.33331966400146 143.6665191650391 8	0.01429612	3.996737e-07	78.79591	9.634823	   84.5542831    	38.09946441650391 133572.3604657887 161.565051177078 219.059056854248 194.094482421875
18.33331489562988 328.6663208007812 8	0.01167707	9.975038e-07	92.27025	17.19441	   53.0860062    	35.18341827392578 18259.25146080703 180 222.0613065447126 211.4960632324219
13.66665267944336 133.3331909179688 9	0.02405955	4.374442e-07	85.27292	6.855866	   80.2402267    	17.22087860107422 791254.7417549033 -135 216.8312400535301 192.0866088867188
18.33331489562988 87.99990844726562 9	0.02705618	9.728219e-07	83.40263	17.60119	   79.4777603    	104.1912384033203 941780.5932401676 125.5376777919744 215.9647853703789 185.3937072753906
14.33331871032715 244.9997406005859 9	0.04826082	9.800489e-07	98.72942	14.69824	   75.3308945    	34.38010787963867 268749.9663495339 135 215.9259771214853 192.0866088867188
10.9999885559082 255.3330688476562 10	0.02266029	6.09924e-07	91.29845	11.93582	   74.1579819    	12.11433696746826 59301.45153747544 180 218.9799575805664 202.1259918212891
