1.966664695739746094e+01 1.456665191650390909e+02 7.000000000000000000e+00 1.607814000000000118e-02 8.195415999999999725e-07 6.868104999999999905e+01 1.376923000000000030e+01 8.002043910000000437e+01 3.706495666503906250e+01 5.169261733300561900e+03 9.000000000000000000e+01 2.278937034606933878e+02 2.255511779785155966e+02 
2.099997901916503906e+01 1.463331756591796875e+02 7.000000000000000000e+00 1.091576999999999999e-02 6.637757999999999900e-07 6.232363999999999749e+01 9.872040999999999400e+00 7.642772669999999380e+01 0.000000000000000000e+00 1.052503426368663931e+05 0.000000000000000000e+00 2.106716922666967946e+02 1.887401580810546875e+02 
1.666664886474609020e+01 1.433331909179688068e+02 8.000000000000000000e+00 2.713348999999999969e-02 8.007641000000000282e-07 7.490897999999999968e+01 1.069190000000000040e+01 8.056578059999999653e+01 4.401179122924804688e+01 3.024888803754370019e+04 -1.236900675259797993e+02 2.136785357931385931e+02 1.920866088867188068e+02 
1.366665267944335938e+01 1.336665344238280966e+02 8.000000000000000000e+00 4.985669000000000212e-02 7.334934000000000371e-07 8.721079000000000292e+01 9.939520999999999162e+00 8.640071869999999876e+01 4.795198059082031250e+01 4.922242826777296723e+05 1.800000000000000000e+02 2.166091595988287111e+02 1.820472412109375000e+02 
1.199998760223389027e+01 1.143332138061523011e+02 9.000000000000000000e+00 1.179331999999999950e-02 6.945381999999999531e-07 7.463284000000000162e+01 1.447403000000000084e+01 7.355953979999999603e+01 9.956613922119140625e+01 2.847078971498102765e+05 8.287498365109819076e+01 2.170429746519845082e+02 1.900787353515625000e+02 
7.333325862884520596e+00 1.326665344238280966e+02 9.000000000000000000e+00 2.297143000000000188e-03 1.595197000000000119e-07 7.912331000000000358e+01 1.372053000000000011e+01 8.219310760000000471e+01 2.757309532165526988e+01 3.459504871306532877e+05 1.165650511770780042e+02 2.102813261137233951e+02 1.840551147460938068e+02 
9.666656494140625000e+00 1.296665344238280966e+02 1.000000000000000000e+01 4.397465999999999875e-02 9.152615999999999852e-07 8.621783000000000641e+01 1.006930999999999976e+01 7.535651400000000422e+01 6.083621597290039062e+01 3.639778424630754162e+05 1.800000000000000000e+02 2.105530845330106899e+02 1.840551147460938068e+02 
1.466665172576903942e+01 1.489998474121094034e+02 7.000000000000000000e+00 3.994555999999999801e-03 4.114472000000000025e-07 7.504640000000000555e+01 1.663051000000000101e+01 7.009014129999999909e+01 4.350134658813477273e+01 4.061140775206952821e+05 1.463099324740202007e+02 2.164413837108737084e+02 1.920866088867188068e+02 
9.666656494140625000e+00 1.553331756591796875e+02 1.000000000000000000e+01 5.272592999999999724e-02 1.019252999999999896e-06 9.187559000000000253e+01 1.430613999999999919e+01 8.088704679999999314e+01 4.433257675170897727e+01 3.425855444764554850e+05 5.630993247402020785e+01 2.214216812797214970e+02 1.934252014160155966e+02 
1.399998569488525035e+01 1.213332061767577983e+02 1.000000000000000000e+01 2.702285999999999924e-02 8.433789999999999977e-07 8.106852000000000658e+01 1.436148000000000025e+01 8.077010350000000471e+01 1.235500621795653942e+01 1.625571076644154091e+05 9.000000000000000000e+01 2.199115800701204080e+02 1.880708618164061932e+02 
6.666659832000732422e+00 1.369998626708984091e+02 1.000000000000000000e+01 1.152842999999999923e-02 3.894841000000000141e-07 8.795962000000000103e+01 1.496200999999999937e+01 8.381394199999999728e+01 5.515446853637695312e+01 6.147251626042869175e+05 6.343494882292200998e+01 2.144715164421403131e+02 1.907480316162109091e+02 
1.299998664855957031e+01 1.413331909179688068e+02 7.000000000000000000e+00 1.729997999999999952e-02 7.530735999999999890e-07 7.791270000000000095e+01 1.320490000000000030e+01 7.420664220000000455e+01 8.638583374023437500e+01 2.085730639062359987e+05 -1.350000000000000000e+02 2.108696754651192009e+02 1.900787353515625000e+02 
1.133332157135009943e+01 1.419998474121094034e+02 7.000000000000000000e+00 3.031877000000000096e-03 4.072933999999999882e-07 5.854852999999999952e+01 1.275305999999999962e+01 7.416439819999999372e+01 7.801353454589843750e+01 6.735063667120367427e+03 -7.156505117707799002e+01 2.302362213134765909e+02 2.275590515136719034e+02 
6.333326816558837891e+00 1.226665420532226989e+02 8.000000000000000000e+00 1.048394999999999926e-03 7.028028999999999782e-08 7.466849999999999454e+01 6.729401000000000188e+00 8.004650879999999802e+01 1.741081047058105113e+01 1.092064774537352969e+04 4.500000000000000000e+01 2.197785453796387003e+02 2.081496124267578125e+02 
2.566663932800292969e+01 1.446665191650390909e+02 8.000000000000000000e+00 4.479445000000000301e-03 3.824269999999999873e-07 7.035720000000000596e+01 1.209468999999999994e+01 7.113530729999999380e+01 3.706502151489257812e+01 5.573865961992969824e+04 9.000000000000000000e+01 2.152589694552951016e+02 2.014566955566405966e+02 
1.266665363311767933e+01 1.533331756591796875e+02 8.000000000000000000e+00 1.529152999999999936e-02 5.416329999999999903e-07 8.590803999999999974e+01 1.353401999999999994e+01 7.687692260000000033e+01 1.726656532287598012e+01 2.357456205105108966e+05 -1.350000000000000000e+02 2.153597011566162109e+02 1.874015808105469034e+02 
1.299998664855957031e+01 1.693331604003905966e+02 9.000000000000000000e+00 3.782200000000000145e-02 8.710583999999999855e-07 8.063898000000000366e+01 1.096321000000000012e+01 8.085733799999999860e+01 2.410862541198730113e+01 1.740650760231963941e+05 1.800000000000000000e+02 2.135914600078876049e+02 1.961023559570311932e+02 
1.733331489562987926e+01 1.486665191650390909e+02 9.000000000000000000e+00 2.127818000000000070e-02 6.086276000000000467e-07 6.437211000000000638e+01 6.025161999999999907e+00 8.363234710000000405e+01 3.544517135620117188e+01 1.088163609234970063e+05 1.800000000000000000e+02 2.165601001417780083e+02 1.894094543457030966e+02 
9.666656494140625000e+00 1.353331909179688068e+02 1.000000000000000000e+01 3.433811999999999975e-02 8.951324000000000196e-07 8.274048999999999410e+01 1.267553999999999981e+01 7.931772610000000157e+01 1.216755390167235973e+01 7.039180797649106535e+04 0.000000000000000000e+00 2.168117804894081075e+02 1.927559051513671875e+02 
4.999994754791259766e+00 1.306665344238280966e+02 6.000000000000000000e+00 2.224448999999999871e-03 1.729378999999999911e-07 7.793393000000000370e+01 1.388333000000000084e+01 7.965269469999999785e+01 6.298427200317382812e+01 5.278420192835843191e+05 1.013099324740202007e+02 2.153609610839210973e+02 1.874015808105469034e+02 
2.599997329711914062e+01 1.373331909179688068e+02 7.000000000000000000e+00 2.715734999999999937e-03 2.732817999999999874e-07 8.236487999999999943e+01 1.172434999999999938e+01 6.015626910000000294e+01 4.140113449096679688e+01 4.686997133764156752e+04 1.463099324740202007e+02 2.221694994474711962e+02 2.068110198974609091e+02 
2.466664123535155895e+01 1.783331451416015909e+02 8.000000000000000000e+00 4.284610999999999802e-03 3.987925999999999945e-07 6.620219000000000165e+01 1.178785000000000061e+01 7.226625819999999578e+01 4.328916168212891336e+01 4.117882874506180815e+04 1.236900675259797993e+02 2.168503940466677875e+02 2.068110198974609091e+02 
2.166664314270019887e+01 1.739998168945311932e+02 8.000000000000000000e+00 4.248794000000000182e-03 3.824695999999999879e-07 6.089108999999999838e+01 7.179349000000000203e+00 6.828240970000000232e+01 1.235494232177734020e+01 6.134274914411920327e+04 -9.000000000000000000e+01 2.142429466247558878e+02 1.994488220214844034e+02 
1.899998092651366832e+01 1.173332138061523011e+02 9.000000000000000000e+00 7.793455000000000348e-03 3.551169999999999895e-07 7.358625000000000682e+01 1.250736999999999988e+01 8.594332889999999736e+01 2.644993782043457031e+01 1.986544533480287064e+05 -1.534349488229219958e+02 2.129221352969898930e+02 1.867322845458984091e+02 
1.766664886474609020e+01 1.446665191650390909e+02 9.000000000000000000e+00 1.876536999999999997e-02 6.515882999999999478e-07 7.191371999999999787e+01 1.038546000000000014e+01 8.145836640000000273e+01 2.656992721557616832e+01 1.700532627616706886e+05 1.534349488229219958e+02 2.163304065410908095e+02 1.981102294921875000e+02 
1.166665458679199041e+01 1.399998474121094034e+02 9.000000000000000000e+00 2.005751000000000062e-02 3.661026999999999765e-07 7.976220999999999606e+01 7.011595999999999940e+00 8.879567720000000008e+01 6.049847030639647727e+01 3.793956347797358176e+05 1.800000000000000000e+02 2.141257619654878965e+02 1.880708618164061932e+02 
1.099998855590819957e+01 1.383331909179688068e+02 1.000000000000000000e+01 5.640103999999999951e-02 1.241153000000000050e-06 8.606584999999999752e+01 1.449235999999999969e+01 8.043418119999999760e+01 1.230001602172851989e+02 8.926615137315051397e+05 -1.268698976458440058e+02 2.160440199748578891e+02 1.840551147460938068e+02 
1.599998283386229936e+01 1.303331909179688068e+02 6.000000000000000000e+00 4.915562000000000056e-03 2.063377000000000014e-07 8.438302000000000191e+01 1.529738000000000042e+01 9.115177149999999529e+01 5.151243209838867188e+01 4.265454328899189131e+05 -1.350000000000000000e+02 2.065064245170852928e+02 1.793700714111328125e+02 
1.399998569488525035e+01 1.299998626708984091e+02 7.000000000000000000e+00 1.157955999999999916e-02 2.205449000000000018e-07 7.593443000000000609e+01 4.042881000000000391e+00 8.805397030000000314e+01 1.235497474670409979e+01 2.093228951243690972e+05 -9.000000000000000000e+01 2.064571953062799139e+02 1.900787353515625000e+02 
1.833331489562987926e+01 1.496665039062500000e+02 7.000000000000000000e+00 1.768288000000000151e-02 5.506712000000000056e-07 6.624061000000000377e+01 7.446485000000000021e+00 8.501335140000000479e+01 2.653021049499512074e+01 7.040943966623445158e+04 -1.534349488229219958e+02 2.100459312156395129e+02 1.940944824218750000e+02 
6.666659832000732422e+00 1.426665191650390909e+02 8.000000000000000000e+00 1.890743999999999975e-03 1.353202999999999997e-07 8.028709999999999525e+01 1.391682999999999915e+01 8.287446590000000413e+01 5.516279983520507812e+01 1.773260894417377858e+04 1.165650511770780042e+02 2.292580284705528868e+02 2.248818969726561932e+02 
1.833331489562987926e+01 1.576665039062500000e+02 8.000000000000000000e+00 6.767973000000000044e-03 2.501466999999999936e-07 9.439933999999999514e+01 1.280874999999999986e+01 7.683437349999999810e+01 3.511547470092772727e+01 7.291139323659951333e+05 1.800000000000000000e+02 2.152835359028408106e+02 1.847244110107421875e+02 
2.466664123535155895e+01 1.459998474121094034e+02 8.000000000000000000e+00 3.371653000000000063e-03 3.298715000000000167e-07 7.385953999999999553e+01 1.232822999999999958e+01 6.683534240000000182e+01 2.560371017456055043e+01 3.716270039290076820e+05 2.656505117707799002e+01 2.178094124505983871e+02 2.001181030273438068e+02 
8.999990463256835938e+00 1.379998626708984091e+02 1.000000000000000000e+01 9.202768999999999912e-05 -1.163712000000000045e-08 8.101860999999999535e+01 1.033159999999999989e+01 9.175880429999999421e+01 8.688269042968750000e+01 7.227010105279501295e+05 -4.500000000000000000e+01 2.140187772997772129e+02 1.887401580810546875e+02 
1.599998283386229936e+01 1.373331909179688068e+02 1.000000000000000000e+01 7.054664000000000421e-03 5.013417999999999795e-07 6.759000000000000341e+01 1.577929999999999922e+01 8.339208979999999372e+01 1.713044929504394887e+01 5.550207811698361184e+04 1.350000000000000000e+02 2.142847776867093899e+02 1.987795257568359091e+02 
7.666658878326416016e+00 1.033332290649414062e+02 1.000000000000000000e+01 2.834234999999999879e-02 7.298735000000000009e-07 8.179036999999999580e+01 1.228444000000000003e+01 8.239266200000000140e+01 2.745405578613280895e+01 2.232847763628778048e+05 -2.656505117707799002e+01 2.153118410808284011e+02 1.887401580810546875e+02 
1.633331680297851918e+01 1.433331909179688068e+02 7.000000000000000000e+00 1.590580000000000119e-02 5.656073999999999855e-07 6.268997999999999848e+01 6.815989000000000075e+00 8.348577120000000207e+01 3.768199920654296875e+01 5.145409779424964654e+04 1.615650511770780042e+02 2.253109232584635038e+02 2.128346557617188068e+02 
1.699998283386230113e+01 1.339998626708984091e+02 7.000000000000000000e+00 1.222821999999999971e-02 9.069727000000000281e-07 5.613524999999999920e+01 1.347195999999999927e+01 8.424083709999999314e+01 2.470994949340819957e+01 3.548029089551999641e+04 -9.000000000000000000e+01 2.229979615388093066e+02 2.128346557617188068e+02 
2.866663742065430043e+01 1.236665344238280966e+02 8.000000000000000000e+00 1.027289999999999974e-02 6.328749999999999546e-07 8.475990000000000180e+01 1.177924999999999933e+01 5.995309449999999885e+01 4.920623016357421875e+01 4.585606188822146942e+04 4.500000000000000000e+01 2.113727738229852093e+02 1.961023559570311932e+02 
7.333325862884520596e+00 1.546665039062500000e+02 8.000000000000000000e+00 2.344268000000000046e-02 7.268851999999999714e-07 6.857674000000000092e+01 1.022865000000000002e+01 8.665734100000000240e+01 1.739817810058594105e+01 4.761287977919491823e+05 1.350000000000000000e+02 2.092128238786970087e+02 1.827165374755859091e+02 
8.999990463256835938e+00 1.443331756591796875e+02 8.000000000000000000e+00 1.194351999999999914e-02 7.283339000000000233e-07 9.203638999999999726e+01 2.387584999999999980e+01 7.265198519999999860e+01 1.241420745849608949e+02 7.017459425177825615e+05 9.571059313749964303e+01 2.119870497950255981e+02 1.853937072753905966e+02 
1.766664886474609020e+01 1.493331756591796875e+02 9.000000000000000000e+00 8.731668999999999195e-03 5.375674999999999993e-07 7.857285000000000252e+01 1.687095000000000056e+01 7.646572879999999373e+01 1.235494232177734020e+01 3.688848299170691753e+05 9.000000000000000000e+01 2.053205454400244889e+02 1.827165374755859091e+02 
7.333325862884520596e+00 1.539998321533203125e+02 9.000000000000000000e+00 8.013816999999999469e-03 3.402336000000000060e-07 8.522844000000000619e+01 1.408075999999999972e+01 8.004266359999999736e+01 2.572067260742188068e+02 2.588080417718325043e+04 1.546538240580532886e+02 2.151595539293790864e+02 1.967716522216796875e+02 
9.333323478698730469e+00 1.553331756591796875e+02 1.000000000000000000e+01 9.772753000000000342e-03 3.025988000000000110e-07 7.247475000000000023e+01 7.152188999999999908e+00 8.504844669999999951e+01 4.941989898681641336e+01 1.219878615662356060e+04 9.000000000000000000e+01 2.178915134006076073e+02 2.001181030273438068e+02 
1.333331966400145951e+01 1.156665496826172017e+02 1.000000000000000000e+01 1.947969999999999910e-02 1.023347000000000038e-06 6.960372999999999877e+01 1.534576000000000029e+01 7.862397769999999753e+01 3.601531600952147727e+01 1.830996310374888126e+05 1.800000000000000000e+02 2.183941616977218132e+02 1.954330749511719034e+02 
1.199998760223389027e+01 1.279998626708983949e+02 6.000000000000000000e+00 3.658477999999999730e-02 8.403909999999999977e-07 8.107625000000000171e+01 1.071083999999999925e+01 8.032159420000000694e+01 2.419951820373535156e+01 9.271793154802636127e+04 1.800000000000000000e+02 2.178979810631792873e+02 1.981102294921875000e+02 
1.199998760223389027e+01 1.349998626708984091e+02 7.000000000000000000e+00 4.249224000000000057e-02 1.150881999999999995e-06 7.778674999999999784e+01 1.342314999999999969e+01 8.162949369999999760e+01 1.728774261474609020e+01 1.143240416295388946e+06 -1.350000000000000000e+02 2.145581502959201998e+02 1.860629882812500000e+02 
1.333331966400145951e+01 1.393331909179688068e+02 7.000000000000000000e+00 3.555695999999999857e-02 9.674853000000000931e-07 8.878865000000000407e+01 1.398883000000000010e+01 7.467971040000000471e+01 3.606615447998046875e+01 3.714015404620242771e+05 1.800000000000000000e+02 2.150880882208296043e+02 1.874015808105469034e+02 
1.566665077209473012e+01 1.243332061767577983e+02 8.000000000000000000e+00 2.482791000000000164e-02 7.339506000000000368e-07 7.920516000000000645e+01 1.225075000000000003e+01 8.110063929999999743e+01 3.568822860717772727e+01 2.009928819070658938e+05 1.800000000000000000e+02 2.124559687564247952e+02 1.914173278808594034e+02 
2.099997901916503906e+01 1.599998321533203125e+02 8.000000000000000000e+00 5.050322999999999792e-03 3.141098000000000139e-07 6.282144000000000261e+01 5.427230999999999916e+00 7.200861360000000388e+01 1.689327812194823863e+01 2.307100244451177059e+04 1.350000000000000000e+02 2.146194246080187042e+02 1.947637786865234091e+02 
1.333331966400145951e+01 1.419998474121094034e+02 9.000000000000000000e+00 8.044189999999999674e-02 1.409229999999999974e-06 8.991353999999999758e+01 1.372713000000000072e+01 7.962992099999999596e+01 3.445426559448242188e+01 1.056190973491713958e+05 1.350000000000000000e+02 2.149357127901874094e+02 2.001181030273438068e+02 
1.333331966400145951e+01 1.726664886474609091e+02 9.000000000000000000e+00 8.440701000000000107e-03 4.718972999999999834e-07 7.267821000000000708e+01 1.092840999999999951e+01 7.385111999999999455e+01 1.723305702209473012e+01 2.539453117429560007e+04 1.350000000000000000e+02 2.215706602397717973e+02 2.061417388916015909e+02 
1.366665267944335938e+01 1.636664886474609091e+02 1.000000000000000000e+01 1.653386999999999912e-02 7.044874000000000221e-07 6.665537000000000489e+01 8.889630999999999617e+00 7.701407620000000520e+01 1.202271556854248047e+01 9.214391130660957424e+04 0.000000000000000000e+00 2.152402153567990979e+02 1.947637786865234091e+02 
1.166665458679199041e+01 1.356665191650390909e+02 1.000000000000000000e+01 1.884268999999999875e-02 4.824723000000000368e-07 8.602477000000000373e+01 8.657878000000000185e+00 7.470175930000000619e+01 1.727729225158691051e+01 2.475673638228111959e+05 1.350000000000000000e+02 2.117506854015848035e+02 1.887401580810546875e+02 
8.666657447814941406e+00 1.309998626708984091e+02 6.000000000000000000e+00 1.734625000000000056e-02 6.095387999999999788e-07 9.040437000000000012e+01 1.781919999999999860e+01 8.029273220000000322e+01 1.735300445556640980e+01 5.984315913964970969e+05 1.350000000000000000e+02 2.164057187796180131e+02 1.853937072753905966e+02 
1.266665363311767933e+01 1.453331756591796875e+02 7.000000000000000000e+00 6.062648000000000342e-03 3.612740000000000095e-07 7.257072999999999752e+01 9.618937000000000737e+00 7.250911709999999744e+01 8.774822998046875000e+01 5.357859050666565963e+03 -1.463099324740202007e+02 2.283956680297852131e+02 2.215354309082030966e+02 
1.633331680297851918e+01 1.256665344238280966e+02 7.000000000000000000e+00 1.928919999999999940e-02 6.273796999999999675e-07 7.650554999999999950e+01 1.186462000000000039e+01 8.251684570000000463e+01 1.235494232177734020e+01 1.107786136235447048e+05 9.000000000000000000e+01 2.147947142464774117e+02 1.961023559570311932e+02 
2.499997329711914062e+01 1.589998321533203125e+02 7.000000000000000000e+00 3.285100999999999907e-03 3.501904000000000095e-07 6.485518000000000427e+01 1.146424999999999983e+01 7.133423609999999826e+01 2.712852287292480113e+01 1.645206971774554113e+05 1.165650511770780042e+02 2.116025420680190905e+02 1.927559051513671875e+02 
8.999990463256835938e+00 1.733331451416015909e+02 8.000000000000000000e+00 2.816696000000000130e-02 7.807238000000000390e-07 7.984999999999999432e+01 1.006223999999999918e+01 7.592370610000000397e+01 3.865285110473632812e+01 1.221387572300833999e+05 -1.615650511770780042e+02 2.121430460611979072e+02 1.894094543457030966e+02 
1.199998760223389027e+01 1.269998703002929972e+02 8.000000000000000000e+00 8.406319000000000638e-03 4.817147999999999851e-07 7.596650999999999954e+01 1.717774000000000001e+01 8.312437439999999356e+01 2.748631095886230113e+01 4.347465014453636832e+05 1.165650511770780042e+02 2.136712607866452061e+02 1.887401580810546875e+02 
1.599998283386229936e+01 1.509998474121094034e+02 8.000000000000000000e+00 1.693779000000000118e-02 5.548306000000000051e-07 7.422593000000000529e+01 9.489119999999999777e+00 8.021321869999999876e+01 6.022229766845703125e+01 1.940614048541508964e+05 1.431301023541560085e+02 2.122199914633822004e+02 1.827165374755859091e+02 
5.333327770233154297e+00 1.569998321533203125e+02 8.000000000000000000e+00 2.603470999999999910e-02 6.756945000000000026e-07 8.581201000000000079e+01 1.442421000000000042e+01 8.434176639999999736e+01 5.519230651855468750e+01 4.756733273504272802e+05 1.165650511770780042e+02 2.116595400667739000e+02 1.853937072753905966e+02 
1.699998283386230113e+01 1.403331909179688068e+02 9.000000000000000000e+00 1.447242999999999967e-02 5.083813000000000076e-07 7.417570999999999515e+01 8.462180999999999287e+00 7.675041199999999719e+01 9.955062866210937500e+01 4.463728377880650078e+04 -9.712501634890180924e+01 2.189960645787855924e+02 1.967716522216796875e+02 
1.733331489562987926e+01 1.356665191650390909e+02 1.000000000000000000e+01 6.352454999999999907e-03 4.623231999999999877e-07 6.776439000000000590e+01 1.196833999999999953e+01 7.518058779999999786e+01 3.890554046630858664e+01 3.239624048020701157e+05 -1.084349488229219958e+02 2.077323158665707012e+02 1.874015808105469034e+02 
1.099998855590819957e+01 1.169998779296875000e+02 1.000000000000000000e+01 3.565861000000000031e-02 8.549136999999999984e-07 8.617753999999999337e+01 1.360643999999999920e+01 8.105651090000000636e+01 3.899658584594727273e+01 5.395137574995042814e+04 1.084349488229219958e+02 2.213681110382080135e+02 2.014566955566405966e+02 
1.066665554046631037e+01 1.623331604003905966e+02 1.000000000000000000e+01 1.348223999999999950e-02 6.090953999999999578e-07 6.269827999999999690e+01 7.343815000000000204e+00 7.771178439999999910e+01 3.642429351806641336e+01 1.633339714785387914e+05 1.800000000000000000e+02 2.050133405953399119e+02 1.820472412109375000e+02 
1.099998855590819957e+01 1.366665191650390909e+02 1.000000000000000000e+01 4.944853999999999916e-02 9.110816000000000100e-07 8.299376999999999782e+01 1.133670000000000044e+01 8.499236299999999744e+01 9.589511871337890625e+01 1.079292730768118963e+04 -1.298055710922652111e+02 2.212007865905762003e+02 2.108267669677734091e+02 
1.033332252502441051e+01 1.333331909179688068e+02 1.000000000000000000e+01 5.894152999999999892e-02 8.318401999999999474e-07 9.543726999999999805e+01 1.297080000000000055e+01 8.614987179999999967e+01 3.462591552734375000e+01 1.202130970194411057e+05 4.500000000000000000e+01 2.113231012580100128e+02 1.867322845458984091e+02 
8.999990463256835938e+00 1.283332061767578125e+02 7.000000000000000000e+00 3.188619000000000175e-02 7.068990000000000356e-07 7.645851999999999293e+01 8.021022000000000318e+00 8.085073090000000207e+01 1.220314407348632990e+01 1.031369401965168072e+05 1.800000000000000000e+02 2.123062581514057001e+02 1.920866088867188068e+02 
1.333331966400145951e+01 1.519998474121094034e+02 7.000000000000000000e+00 2.182204000000000088e-02 6.326229999999999864e-07 8.020390000000000441e+01 1.092585000000000051e+01 7.932082370000000537e+01 3.616316223144531250e+01 1.430889820867014059e+05 1.800000000000000000e+02 2.159309013580607086e+02 1.907480316162109091e+02 
1.166665458679199041e+01 1.543331756591796875e+02 8.000000000000000000e+00 3.519626000000000005e-02 6.364621000000000172e-07 8.617946999999999491e+01 1.043211999999999939e+01 8.494784549999999967e+01 3.634200286865233664e+01 1.586191799008976086e+05 1.800000000000000000e+02 2.125340318841448948e+02 1.867322845458984091e+02 
8.666657447814941406e+00 1.423331909179688068e+02 8.000000000000000000e+00 4.471673000000000314e-02 9.899890999999998978e-07 8.960756999999999550e+01 1.212890999999999941e+01 7.482353209999999422e+01 5.470988082885742188e+01 1.127275402838558948e+05 1.534349488229219958e+02 2.134716831804757931e+02 1.947637786865234091e+02 
1.833331489562987926e+01 1.559998321533203125e+02 8.000000000000000000e+00 2.090190000000000103e-02 1.056377999999999985e-06 7.126864999999999384e+01 1.233179999999999943e+01 7.111113740000000405e+01 1.702757644653319957e+01 4.272275834399809828e+05 4.500000000000000000e+01 2.164606552589231114e+02 1.894094543457030966e+02 
1.899998092651366832e+01 1.386665191650390909e+02 8.000000000000000000e+00 3.702539999999999824e-03 1.567926999999999902e-07 8.480965000000000487e+01 9.011226999999999876e+00 7.824679570000000695e+01 3.403802490234375000e+01 3.935290672288992209e+05 -1.350000000000000000e+02 2.123243945030488931e+02 1.894094543457030966e+02 
1.199998760223389027e+01 1.316665344238280966e+02 9.000000000000000000e+00 2.095895999999999870e-02 6.014243000000000288e-07 7.372766000000000020e+01 8.110922999999999661e+00 7.929833220000000438e+01 1.208576297760009943e+01 4.149224894514118787e+05 1.800000000000000000e+02 2.150482893761694072e+02 1.940944824218750000e+02 
1.633331680297851918e+01 1.233332061767577983e+02 9.000000000000000000e+00 2.090026000000000037e-02 6.338041000000000208e-07 8.270143000000000200e+01 1.185774999999999935e+01 7.798870089999999777e+01 1.235500621795653942e+01 1.054254165764823993e+05 -9.000000000000000000e+01 2.141732295989990007e+02 1.887401580810546875e+02 
1.233332061767577947e+01 1.466665191650390909e+02 9.000000000000000000e+00 9.046073999999999782e-02 8.750782000000000067e-07 8.215291999999999462e+01 6.370179000000000258e+00 8.980019380000000240e+01 6.635081481933593750e+01 1.423246616289342055e+05 -1.118014094863518011e+02 2.200705701720040111e+02 1.987795257568359091e+02 
1.533331775665283025e+01 1.309998626708984091e+02 9.000000000000000000e+00 3.259117000000000264e-02 8.158470000000000130e-07 7.946245999999999299e+01 1.073479000000000028e+01 8.009426879999999471e+01 2.383042144775390980e+01 8.748651911542778544e+04 1.800000000000000000e+02 2.107659280950373102e+02 1.927559051513671875e+02 
8.999990463256835938e+00 1.399998474121094034e+02 1.000000000000000000e+01 2.994722000000000009e-02 7.838254000000000408e-07 9.407338000000000022e+01 1.342543000000000042e+01 7.278952789999999595e+01 2.738453865051269887e+01 7.601093957240890013e+05 -1.534349488229219958e+02 2.186172765504018116e+02 1.880708618164061932e+02 
1.033332252502441051e+01 1.456665191650390909e+02 1.000000000000000000e+01 3.254590999999999734e-02 7.816549999999999938e-07 8.140613999999999351e+01 1.276768000000000036e+01 8.497307589999999777e+01 1.732673263549805043e+01 3.649331163560206187e+04 4.500000000000000000e+01 2.217833218044704893e+02 2.027952728271484091e+02 
1.399998569488525035e+01 1.456665191650390909e+02 1.000000000000000000e+01 2.221056999999999892e-02 7.649999999999999813e-07 7.250330999999999904e+01 1.158009000000000022e+01 8.192848970000000008e+01 5.086102294921875000e+01 1.333517091838745000e+04 -7.596375653207353196e+01 2.216692932128906079e+02 2.108267669677734091e+02 
9.999989509582519531e+00 1.369998626708984091e+02 6.000000000000000000e+00 7.522805999999999937e-02 1.126683999999999926e-06 8.676044000000000267e+01 1.235318000000000005e+01 8.673574829999999736e+01 5.088952636718750000e+01 2.569833315378415136e+04 1.040362434679264965e+02 2.195275613885177108e+02 2.048031463623046875e+02 
1.333331966400145951e+01 1.463331756591796875e+02 8.000000000000000000e+00 3.710907000000000094e-02 6.602856999999999579e-07 8.515263000000000204e+01 9.919378999999999280e+00 8.446585849999999596e+01 6.625784301757812500e+01 1.510793737847183074e+05 1.118014094863518011e+02 2.195394062953712933e+02 1.994488220214844034e+02 
1.999997901916503906e+01 1.463331756591796875e+02 8.000000000000000000e+00 2.111551999999999873e-02 7.525942000000000331e-07 6.957487000000000421e+01 1.056071000000000026e+01 8.195231630000000678e+01 5.464410018920897727e+01 1.509573622060760972e+05 -1.165650511770780042e+02 2.188754295935997902e+02 2.001181030273438068e+02 
1.799998092651366832e+01 1.559998321533203125e+02 8.000000000000000000e+00 5.183008000000000233e-03 2.139051999999999929e-07 7.309653000000000134e+01 7.098234999999999850e+00 8.101314539999999909e+01 3.887934875488281250e+01 1.541999669447629130e+05 7.156505117707799002e+01 2.137875351986643011e+02 1.867322845458984091e+02 
1.499998474121093928e+01 1.216665420532226989e+02 8.000000000000000000e+00 3.433677999999999730e-02 6.039488000000000459e-07 9.353386999999999318e+01 8.682862999999999332e+00 7.507256320000000471e+01 8.037243652343750000e+01 2.122281217965520045e+04 2.656505117707799002e+01 2.179379940032958984e+02 2.007873992919921875e+02 
9.333323478698730469e+00 1.569998321533203125e+02 9.000000000000000000e+00 3.040261000000000005e-02 1.396547999999999940e-06 6.889212999999999454e+01 1.853259999999999863e+01 8.535619350000000338e+01 2.732345008850098012e+01 9.493091272526289686e+03 1.534349488229219958e+02 2.279415108816963880e+02 2.188582763671875000e+02 
1.299998664855957031e+01 1.409998474121094034e+02 9.000000000000000000e+00 4.186067000000000260e-02 1.208580000000000040e-06 9.174296999999999969e+01 1.763168999999999897e+01 7.502935030000000438e+01 1.725557899475098012e+01 5.564254113980949624e+05 -1.350000000000000000e+02 2.079195383145259086e+02 1.800393676757811932e+02 
1.599998283386229936e+01 1.486665191650390909e+02 1.000000000000000000e+01 1.312503999999999928e-02 5.070003000000000033e-07 6.961601000000000283e+01 1.120498000000000083e+01 8.693212130000000570e+01 2.679173851013183949e+01 2.665290114401705796e+05 -1.534349488229219958e+02 2.122117415324296132e+02 1.880708618164061932e+02 
1.666664886474609020e+01 1.429998474121094034e+02 7.000000000000000000e+00 3.336032999999999967e-03 1.443597999999999928e-07 7.814332000000000278e+01 8.486520999999999759e+00 8.390090179999999975e+01 3.418978500366210938e+01 6.581054079584819556e+04 1.350000000000000000e+02 2.203976397705077943e+02 2.081496124267578125e+02 
2.099997901916503906e+01 1.306665344238280966e+02 8.000000000000000000e+00 1.911059999999999842e-02 1.030184999999999904e-06 6.888472000000000151e+01 1.467855999999999916e+01 7.729039760000000570e+01 5.224593734741210938e+01 5.133092813124298118e+03 2.656505117707799002e+01 2.195275611877441122e+02 2.161810913085938068e+02 
2.666663932800292969e+01 1.516665039062500000e+02 8.000000000000000000e+00 1.112060999999999909e-03 -1.405216999999999897e-07 6.249582999999999799e+01 1.037457999999999991e+01 7.866483309999999562e+01 2.705122756958008168e+01 5.281506645172841672e+04 1.165650511770780042e+02 2.171616931294286132e+02 2.001181030273438068e+02 
1.466665172576903942e+01 1.243332061767577983e+02 9.000000000000000000e+00 5.766904999999999948e-02 1.568331000000000096e-06 8.595802000000000476e+01 1.639894999999999925e+01 7.587548830000000066e+01 3.790029907226561789e+01 3.266986755815289216e+05 1.843494882292200998e+01 2.129108262100839966e+02 1.894094543457030966e+02 
5.666660785675048828e+00 1.356665191650390909e+02 9.000000000000000000e+00 5.252335999999999810e-02 8.188559000000000182e-07 8.657308999999999344e+01 1.035618000000000016e+01 8.498255159999999364e+01 2.457414436340332031e+01 4.029986847163611092e+05 1.800000000000000000e+02 2.140166826668431952e+02 1.900787353515625000e+02 
1.166665458679199041e+01 1.273331985473632955e+02 1.000000000000000000e+01 4.661806999999999757e-02 6.828927999999999884e-07 8.371175999999999817e+01 8.496285000000000309e+00 8.676535800000000620e+01 4.941992950439453125e+01 8.507487723602757324e+05 9.000000000000000000e+01 2.131397337326868069e+02 1.907480316162109091e+02 
9.666656494140625000e+00 1.479998474121094034e+02 1.000000000000000000e+01 2.718084999999999946e-02 6.278281999999999599e-07 7.780997000000000696e+01 9.110428999999999888e+00 8.312157440000000008e+01 3.855343627929688211e+01 1.556952648169191089e+05 -1.615650511770780042e+02 2.133991793425186927e+02 1.914173278808594034e+02 
1.699998283386230113e+01 1.659998321533203125e+02 1.000000000000000000e+01 1.122781999999999947e-02 5.206215000000000009e-07 8.059002999999999872e+01 1.617876000000000047e+01 8.095745850000000132e+01 2.668334579467773082e+01 1.130173176764124946e+05 1.534349488229219958e+02 2.172161709097929077e+02 1.987795257568359091e+02 
2.099997901916503906e+01 1.463331756591796875e+02 7.000000000000000000e+00 3.823226999999999789e-03 1.875798999999999974e-07 7.680083999999999378e+01 6.318147999999999875e+00 7.211620329999999512e+01 3.460335159301757812e+01 5.130250276512214441e+03 0.000000000000000000e+00 2.275590591430664062e+02 2.195275573730469034e+02 
1.599998283386229936e+01 1.539998321533203125e+02 7.000000000000000000e+00 7.136565999999999570e-03 1.894655999999999889e-07 7.913909999999999911e+01 5.698976000000000042e+00 8.355819700000000694e+01 3.893582534790039062e+01 4.039535306193123106e+05 -1.084349488229219958e+02 2.168219607484107030e+02 1.934252014160155966e+02 
2.499997329711914062e+01 1.539998321533203125e+02 7.000000000000000000e+00 8.140401999999999708e-03 2.503853000000000047e-07 8.221787000000000489e+01 6.721479999999999677e+00 7.624226380000000347e+01 1.235494232177734020e+01 1.667663774116139102e+05 9.000000000000000000e+01 2.165557068782065926e+02 1.981102294921875000e+02 
1.333331966400145951e+01 1.429998474121094034e+02 8.000000000000000000e+00 9.103922000000000403e-03 2.439276000000000170e-07 7.862525999999999726e+01 6.924064000000000441e+00 8.451908109999999397e+01 1.610551910400390909e+02 6.016210832696582656e+04 9.439870535499552773e+01 2.218775160047742929e+02 2.068110198974609091e+02 
2.633330535888671875e+01 1.603331604003905966e+02 8.000000000000000000e+00 8.946255999999999653e-03 6.793829999999999631e-07 5.416694999999999993e+01 6.704107999999999734e+00 7.245009609999999611e+01 4.140113449096679688e+01 7.391955630301150086e+04 3.369006752597979215e+01 2.152217854817708087e+02 1.994488220214844034e+02 
1.399998569488525035e+01 1.353331909179688068e+02 9.000000000000000000e+00 4.925842999999999888e-02 7.210880999999999969e-07 8.674470999999999776e+01 1.045290999999999926e+01 8.874851990000000512e+01 0.000000000000000000e+00 4.038060608035614132e+05 0.000000000000000000e+00 2.128015135207978972e+02 1.887401580810546875e+02 
1.099998855590819957e+01 1.673331604003905966e+02 9.000000000000000000e+00 3.435822999999999655e-02 6.252926999999999569e-07 7.371647000000000105e+01 7.160276999999999781e+00 8.847521209999999314e+01 1.235497474670409979e+01 1.753103159452842083e+05 9.000000000000000000e+01 2.200424001840445101e+02 2.021259918212890909e+02 
1.099998855590819957e+01 1.416665191650390909e+02 9.000000000000000000e+00 5.471619999999999956e-02 1.214937999999999996e-06 8.458003999999999678e+01 1.574235999999999969e+01 8.465656280000000322e+01 7.510833740234375000e+01 2.360021554845689971e+05 9.946232220802562551e+01 2.132438705008370903e+02 1.927559051513671875e+02 
1.533331775665283025e+01 1.466665191650390909e+02 1.000000000000000000e+01 1.449401999999999982e-02 6.081689000000000057e-07 7.051058999999999344e+01 1.138194000000000017e+01 8.145092010000000471e+01 5.489772415161132812e+01 1.524048639777470089e+05 -1.165650511770780042e+02 2.180900387971298073e+02 1.994488220214844034e+02 
1.599998283386229936e+01 1.529998474121094034e+02 1.000000000000000000e+01 2.388935999999999837e-02 5.735843999999999517e-07 6.919523999999999830e+01 7.055267999999999873e+00 8.682946010000000570e+01 3.424716567993164062e+01 2.508406858115340947e+04 1.350000000000000000e+02 2.236842113294098908e+02 2.175196838378905966e+02 
1.466665172576903942e+01 1.363331909179688068e+02 6.000000000000000000e+00 9.569678999999999339e-03 2.917438000000000107e-07 6.798120000000000118e+01 6.337213000000000207e+00 8.876931000000000438e+01 3.795143890380858664e+01 2.615396588691122015e+05 -1.615650511770780042e+02 2.181550041237458117e+02 1.940944824218750000e+02 
8.666657447814941406e+00 1.369998626708984091e+02 7.000000000000000000e+00 6.148877999999999983e-02 1.351791999999999906e-06 8.892246000000000095e+01 1.433808999999999934e+01 7.645242310000000430e+01 1.736947059631348012e+01 2.104291928406718071e+05 1.350000000000000000e+02 2.123078496133128112e+02 1.940944824218750000e+02 
2.466664123535155895e+01 1.503331756591796875e+02 7.000000000000000000e+00 4.724156999999999662e-03 3.053848999999999859e-07 7.220090999999999326e+01 1.053958000000000084e+01 7.520915990000000306e+01 1.235500621795653942e+01 1.373615768807411951e+04 -9.000000000000000000e+01 2.199534759521484091e+02 2.101574859619140909e+02 
1.299998664855957031e+01 1.346665191650390909e+02 7.000000000000000000e+00 1.165236000000000050e-02 6.144893000000000469e-07 8.355225000000000080e+01 1.544699999999999918e+01 7.140825649999999314e+01 3.447697448730468750e+01 1.593688048050960060e+05 1.350000000000000000e+02 2.101349841206013878e+02 1.867322845458984091e+02 
9.333323478698730469e+00 1.693331604003905966e+02 8.000000000000000000e+00 9.859569999999999793e-03 9.530056000000000088e-07 5.374233000000000260e+01 1.321959000000000017e+01 7.932185359999999719e+01 3.901287460327147727e+01 5.422447433554161762e+03 1.084349488229219958e+02 2.285629920959472940e+02 2.248818969726561932e+02 
1.033332252502441051e+01 1.599998321533203125e+02 8.000000000000000000e+00 2.455620999999999846e-02 1.034212000000000103e-06 8.286120999999999981e+01 1.632580000000000098e+01 7.278693389999999397e+01 3.840457916259766336e+01 3.106176402337222244e+05 1.615650511770780042e+02 2.165535785177480079e+02 1.987795257568359091e+02 
1.899998092651366832e+01 1.129998855590820028e+02 8.000000000000000000e+00 2.822389999999999968e-02 1.057442999999999948e-06 8.515528000000000475e+01 1.608168999999999826e+01 7.291622160000000008e+01 5.108077621459960938e+01 2.986958944363229966e+04 -4.500000000000000000e+01 2.201095527980637883e+02 2.074803161621094034e+02 
1.333331966400145951e+01 1.319998626708984091e+02 8.000000000000000000e+00 2.024946999999999858e-02 1.232027999999999946e-06 9.663291999999999859e+01 1.827192000000000149e+01 5.623508830000000103e+01 2.470998001098633168e+01 3.195709167657343205e+05 -9.000000000000000000e+01 2.166319655414405929e+02 1.920866088867188068e+02 
1.033332252502441051e+01 1.576665039062500000e+02 1.000000000000000000e+01 3.322064999999999740e-02 8.822325999999999877e-07 8.055997000000000696e+01 1.263785999999999987e+01 8.106813809999999876e+01 3.646359634399414062e+01 9.870056372057914268e+04 1.800000000000000000e+02 2.109276240100599011e+02 1.934252014160155966e+02 
8.333324432373046875e+00 1.156665496826172017e+02 1.000000000000000000e+01 5.427606000000000097e-02 9.377598000000000166e-07 8.334962000000000160e+01 1.077191000000000010e+01 8.452250669999999388e+01 2.740268707275390980e+01 5.160449351566313999e+05 -1.534349488229219958e+02 2.157724835044458871e+02 1.920866088867188068e+02 
1.966664695739746094e+01 1.186665420532226989e+02 7.000000000000000000e+00 2.530427000000000023e-02 4.658318000000000010e-07 8.415861999999999910e+01 9.480781999999999599e+00 8.823828120000000297e+01 1.697905921936035156e+01 1.203685284340986982e+05 4.500000000000000000e+01 2.170878853746640118e+02 2.021259918212890909e+02 
1.099998855590819957e+01 1.276665344238280966e+02 8.000000000000000000e+00 2.378952000000000150e-02 3.615019000000000112e-07 8.644374999999999432e+01 7.978735999999999606e+00 9.055529020000000173e+01 3.844355010986328125e+01 5.125788654374515318e+04 1.615650511770780042e+02 2.153356837222451077e+02 1.994488220214844034e+02 
1.199998760223389027e+01 1.296665344238280966e+02 8.000000000000000000e+00 4.477447999999999845e-02 5.643565999999999543e-07 8.353573000000000093e+01 7.552323000000000341e+00 9.112807460000000503e+01 2.750010299682616832e+01 5.375157679732542420e+03 1.165650511770780042e+02 2.300689010620116903e+02 2.248818969726561932e+02 
1.866664695739746094e+01 1.289998626708984091e+02 8.000000000000000000e+00 1.244228999999999995e-02 5.541655999999999658e-07 6.393274999999999864e+01 9.416468000000000060e+00 8.386971280000000206e+01 4.380136871337891336e+01 1.444058854234504979e+05 5.630993247402020785e+01 2.134376114853868103e+02 1.940944824218750000e+02 
1.799998092651366832e+01 1.489998474121094034e+02 9.000000000000000000e+00 6.196793999999999913e-02 9.671558999999999366e-07 9.082385999999999626e+01 1.063908999999999949e+01 7.948818210000000306e+01 1.065698013305664062e+02 5.749881497098763793e+04 -1.736598082540901089e+02 2.142492845708673883e+02 1.967716522216796875e+02 
1.066665554046631037e+01 1.426665191650390909e+02 1.000000000000000000e+01 6.253377999999999715e-02 9.029058000000000408e-07 8.333211000000000013e+01 1.058113999999999955e+01 8.976746369999999331e+01 1.732673263549805043e+01 3.927475045935353846e+05 -1.350000000000000000e+02 2.111579687374153877e+02 1.827165374755859091e+02 
9.999989509582519531e+00 1.393331909179688068e+02 1.000000000000000000e+01 3.506032999999999979e-03 2.170801999999999932e-07 8.264200999999999908e+01 1.721699999999999875e+01 8.512476350000000025e+01 2.730281639099121094e+01 1.542533499434906116e+05 -1.534349488229219958e+02 2.152887150279262869e+02 1.974409484863280966e+02 
2.299997520446776988e+01 1.489998474121094034e+02 7.000000000000000000e+00 3.933212999999999640e-03 -1.971583999999999928e-07 7.258742999999999768e+01 1.178383999999999965e+01 9.109008790000000033e+01 1.364373779296875000e+02 3.163816246579710059e+04 -3.096375653207352130e+01 2.208393719482421886e+02 2.041338653564453125e+02 
5.999993801116943359e+00 1.323331909179688068e+02 7.000000000000000000e+00 7.877885999999999743e-04 -1.878885000000000085e-07 7.618443999999999505e+01 3.218628999999999962e+01 8.081694790000000239e+01 1.828812866210938068e+02 2.186510367723767922e+04 4.772631099390626730e+01 2.240034446716308878e+02 2.135039367675780966e+02 
2.199997711181640980e+01 1.149998779296875000e+02 8.000000000000000000e+00 3.073632000000000100e-02 9.546100999999999355e-07 8.381467999999999563e+01 1.272658999999999985e+01 7.318270110000000273e+01 2.291071128845214844e+01 1.579353111595856026e+05 1.800000000000000000e+02 2.195815362007386966e+02 1.961023559570311932e+02 
2.733330535888671875e+01 1.393331909179688068e+02 8.000000000000000000e+00 7.936918999999999962e-04 -1.031604000000000004e-07 7.755088999999999544e+01 1.369201999999999941e+01 7.311561580000000049e+01 2.705104446411133168e+01 4.512794887160101644e+04 -1.165650511770780042e+02 2.245382014094172121e+02 2.121653442382811932e+02 
1.966664695739746094e+01 1.293331909179688068e+02 9.000000000000000000e+00 1.557053000000000083e-02 5.117810000000000218e-07 9.404560999999999638e+01 1.522738999999999976e+01 7.612667079999999942e+01 2.470994949340819957e+01 1.113354926940253936e+05 -9.000000000000000000e+01 2.204381082224292072e+02 2.007873992919921875e+02 
1.566665077209473012e+01 1.326665344238280966e+02 1.000000000000000000e+01 2.889668000000000098e-02 4.812223999999999880e-07 7.599840000000000373e+01 6.086373000000000033e+00 8.844612119999999322e+01 3.562891006469727273e+01 1.255565631871798978e+05 1.800000000000000000e+02 2.171744718852795870e+02 2.001181030273438068e+02 
1.366665267944335938e+01 1.273331985473632955e+02 1.000000000000000000e+01 3.212716000000000183e-02 9.441947999999999812e-07 7.290085999999999444e+01 1.216444000000000081e+01 8.443708039999999926e+01 3.819241333007811789e+01 7.636691149477782892e+05 -1.615650511770780042e+02 2.118231165488145109e+02 1.887401580810546875e+02 
1.333331966400145951e+01 1.176665420532226989e+02 7.000000000000000000e+00 2.753774000000000152e-02 8.086487999999999664e-07 9.123225999999999658e+01 1.765100999999999942e+01 8.025825500000000545e+01 0.000000000000000000e+00 6.989163869117619470e+05 0.000000000000000000e+00 2.151611697778646999e+02 1.940944824218750000e+02 
1.399998569488525035e+01 1.219998703002929972e+02 7.000000000000000000e+00 3.169191999999999929e-03 1.978140000000000004e-07 8.609744999999999493e+01 1.425487000000000037e+01 7.664163209999999538e+01 1.038417739868164062e+02 7.842597434386585373e+05 3.553767779197438159e+01 2.169787989099887966e+02 1.880708618164061932e+02 
8.999990463256835938e+00 1.759998168945311932e+02 7.000000000000000000e+00 2.406014000000000069e-02 7.102395000000000250e-07 8.048054000000000485e+01 9.992962000000000344e+00 7.476395420000000058e+01 6.145991897583007812e+01 5.967599843700977362e+04 5.313010235415598004e+01 2.247754131663928945e+02 2.135039367675780966e+02 
7.999991416931152344e+00 1.786664733886719034e+02 7.000000000000000000e+00 1.984502999999999961e-02 5.148206000000000062e-07 7.795074999999999932e+01 7.311480999999999675e+00 7.724313349999999900e+01 1.738438987731933949e+01 4.081501382411306986e+04 1.350000000000000000e+02 2.154002629597981979e+02 1.981102294921875000e+02 
2.166664314270019887e+01 1.559998321533203125e+02 7.000000000000000000e+00 6.758418999999999885e-03 5.469055000000000529e-07 5.607712999999999681e+01 7.272383999999999737e+00 7.264003750000000537e+01 3.444646453857421875e+01 9.059058693619878613e+04 1.800000000000000000e+02 2.122879011127311060e+02 1.981102294921875000e+02 
2.033331298828125000e+01 1.146665496826172017e+02 8.000000000000000000e+00 1.095343000000000011e-02 4.168226000000000044e-07 8.996756999999999493e+01 1.125095999999999918e+01 6.994802860000000067e+01 2.470994949340819957e+01 2.213757413589807984e+05 -9.000000000000000000e+01 2.093714525089706910e+02 1.927559051513671875e+02 
1.366665267944335938e+01 1.583331756591796875e+02 8.000000000000000000e+00 2.354441000000000173e-02 6.610911999999999581e-07 7.603283999999999310e+01 1.022982000000000014e+01 8.207800290000000132e+01 3.809946441650391336e+01 1.736443653332207032e+04 -1.843494882292200998e+01 2.227710489126351945e+02 2.135039367675780966e+02 
2.066664505004883168e+01 1.476665191650390909e+02 1.000000000000000000e+01 2.120927999999999789e-03 2.513680999999999968e-07 6.864494000000000540e+01 1.619591000000000136e+01 7.851789859999999521e+01 1.692850875854491832e+01 1.504720806592442968e+05 1.350000000000000000e+02 2.151399836091914040e+02 1.974409484863280966e+02 
8.666657447814941406e+00 1.373331909179688068e+02 1.000000000000000000e+01 3.097408999999999926e-02 6.580510999999999599e-07 9.295793000000000461e+01 1.248952000000000062e+01 7.912336729999999818e+01 2.442736625671387074e+01 3.217521522397674853e+05 1.800000000000000000e+02 2.155739402931953919e+02 1.847244110107421875e+02 
1.099998855590819957e+01 1.389998474121094034e+02 6.000000000000000000e+00 4.430970000000000047e-02 8.876506000000000433e-07 9.092691000000000656e+01 1.260333999999999932e+01 7.874130250000000331e+01 4.433203125000000000e+01 5.079695700136846281e+05 -1.236900675259797993e+02 2.133690143453663950e+02 1.853937072753905966e+02 
2.233330917358398082e+01 1.526665039062500000e+02 7.000000000000000000e+00 1.192581000000000066e-03 6.150207000000000618e-08 7.876743999999999346e+01 7.789577000000000417e+00 8.821642300000000603e+01 1.235500621795653942e+01 1.332999243672176963e+05 9.000000000000000000e+01 2.155755542573475054e+02 1.954330749511719034e+02 
1.866664695739746094e+01 1.266665344238280966e+02 7.000000000000000000e+00 1.710025999999999907e-02 4.168104999999999987e-07 8.038679999999999382e+01 7.972736000000000267e+00 8.121900180000000091e+01 4.682027053833007812e+01 2.846098980925211217e+05 1.800000000000000000e+02 2.154812507106832982e+02 1.894094543457030966e+02 
9.999989509582519531e+00 1.533331756591796875e+02 8.000000000000000000e+00 4.932595000000000035e-02 7.277225999999999627e-07 8.167900000000000205e+01 7.594248999999999583e+00 8.490117650000000538e+01 0.000000000000000000e+00 1.014598539129114943e+05 0.000000000000000000e+00 2.166629943847655966e+02 1.954330749511719034e+02 
1.833331489562987926e+01 1.559998321533203125e+02 9.000000000000000000e+00 1.170380000000000031e-02 4.065609999999999835e-07 7.499002000000000123e+01 9.796803000000000594e+00 8.285919950000000256e+01 1.235500621795653942e+01 1.877008670579243917e+05 -9.000000000000000000e+01 2.116819781197442012e+02 1.887401580810546875e+02 
1.966664695739746094e+01 1.236665344238280966e+02 9.000000000000000000e+00 1.083410999999999923e-02 4.595938000000000215e-07 8.368899000000000399e+01 1.801518000000000086e+01 8.578394319999999595e+01 5.074799346923828125e+01 2.169826275272163039e+05 7.596375653207353196e+01 2.180336063021705115e+02 1.987795257568359091e+02 
2.033331298828125000e+01 1.396665191650390909e+02 9.000000000000000000e+00 3.556884000000000174e-03 2.254705999999999993e-07 7.631122999999999479e+01 1.175877999999999979e+01 7.829142760000000578e+01 1.692818641662598012e+01 9.912295890490656893e+04 4.500000000000000000e+01 2.130432562889990891e+02 1.967716522216796875e+02 
1.499998474121093928e+01 1.679998321533203125e+02 9.000000000000000000e+00 1.156488999999999955e-02 4.792771999999999951e-07 8.030729999999999791e+01 1.474929999999999986e+01 8.237120059999999455e+01 3.438044738769531250e+01 3.022196690460874815e+05 -1.350000000000000000e+02 2.143082618713378906e+02 1.920866088867188068e+02 
1.933331298828125000e+01 1.249998703002929972e+02 9.000000000000000000e+00 4.174840999999999969e-02 8.196269000000000189e-07 8.065278999999999598e+01 1.059334999999999916e+01 8.511482999999999777e+01 1.235494232177734020e+01 3.602612020374379936e+05 9.000000000000000000e+01 2.167035362188765077e+02 1.961023559570311932e+02 
1.699998283386230113e+01 1.299998626708984091e+02 1.000000000000000000e+01 4.028033000000000308e-02 1.070567999999999929e-06 8.685228999999999644e+01 1.516901000000000010e+01 7.811865229999999372e+01 5.080273437500000000e+01 3.154656839017830789e+05 7.596375653207353196e+01 2.119478357315063874e+02 1.840551147460938068e+02 
7.333325862884520596e+00 1.583331756591796875e+02 1.000000000000000000e+01 3.446405000000000302e-02 8.970476000000000314e-07 7.900070999999999799e+01 1.623744999999999905e+01 9.157265470000000107e+01 2.470994949340819957e+01 4.958817386390634929e+05 -9.000000000000000000e+01 2.092693829379238935e+02 1.853937072753905966e+02 
2.033331298828125000e+01 1.196665420532226989e+02 7.000000000000000000e+00 3.801448999999999800e-02 1.124907000000000002e-06 9.623069999999999879e+01 1.199383000000000088e+01 6.166608430000000141e+01 2.730135536193848012e+01 1.931431624002720127e+04 -1.165650511770780042e+02 2.219816274007160928e+02 2.101574859619140909e+02 
1.133332157135009943e+01 1.596665039062500000e+02 7.000000000000000000e+00 3.183710000000000012e-02 6.604478000000000279e-07 8.226215000000000543e+01 8.950378999999999863e+00 8.035356899999999314e+01 1.118603515625000000e+02 3.079645471588199725e+05 -8.365980825409009469e+01 2.188904187065024871e+02 1.947637786865234091e+02 
8.666657447814941406e+00 1.633331604003905966e+02 8.000000000000000000e+00 8.205619000000000107e-02 1.341212000000000085e-06 9.586444000000000187e+01 1.567525000000000013e+01 8.122854610000000264e+01 4.419467926025391336e+01 1.106842556255616015e+06 1.463099324740202007e+02 2.119865495831359112e+02 1.793700714111328125e+02 
1.566665077209473012e+01 1.653331604003905966e+02 8.000000000000000000e+00 2.429860999999999827e-02 7.148246000000000017e-07 8.926783000000000357e+01 1.643187999999999960e+01 8.119934080000000165e+01 1.717078971862792969e+01 2.988143652735825162e+05 -1.350000000000000000e+02 2.177773335549684077e+02 1.981102294921875000e+02 
1.333331966400145951e+01 1.589998321533203125e+02 9.000000000000000000e+00 2.660933000000000048e-02 7.935599999999999670e-07 6.548372999999999422e+01 8.023782000000000636e+00 8.389190670000000694e+01 1.235497474670409979e+01 2.631604469256792217e+05 9.000000000000000000e+01 2.142139983201390123e+02 1.900787353515625000e+02 
1.799998092651366832e+01 1.629998321533203125e+02 1.000000000000000000e+01 1.037100999999999995e-02 6.368538000000000087e-07 8.358227999999999724e+01 1.562074999999999925e+01 6.775408939999999802e+01 1.177208042144775035e+01 2.743876487313485122e+05 1.800000000000000000e+02 2.237823402768090091e+02 2.041338653564453125e+02 
8.666657447814941406e+00 1.353331909179688068e+02 6.000000000000000000e+00 7.462095000000000533e-02 1.059719000000000094e-06 9.380079000000000633e+01 1.406101999999999919e+01 8.664878849999999488e+01 4.419467926025391336e+01 3.027385392560131149e+05 -3.369006752597979215e+01 2.142152477999973996e+02 1.894094543457030966e+02 
1.066665554046631037e+01 1.369998626708984091e+02 7.000000000000000000e+00 3.762159000000000336e-02 6.184184999999999601e-07 9.117977999999999383e+01 8.554385999999999157e+00 7.809773250000000644e+01 2.725712203979491832e+01 4.576106584432838717e+05 -1.534349488229219958e+02 2.084556251908473996e+02 1.827165374755859091e+02 
1.999997854232788086e+00 1.499998474121094034e+02 7.000000000000000000e+00 1.322540000000000087e-03 5.446142999999999853e-08 8.339688999999999908e+01 8.323947999999999681e+00 9.347368620000000305e+01 1.746652221679687855e+01 4.213047121175309876e+05 1.350000000000000000e+02 2.157080213316876893e+02 1.880708618164061932e+02 
1.466665172576903942e+01 1.263331985473632955e+02 7.000000000000000000e+00 1.553256000000000081e-02 4.223331000000000193e-07 8.420229000000000497e+01 9.787959000000000742e+00 7.954231260000000248e+01 2.744095993041991832e+01 1.475247348995277134e+05 6.343494882292200998e+01 2.106338230167422978e+02 1.914173278808594034e+02 
7.666658878326416016e+00 1.556665039062500000e+02 8.000000000000000000e+00 2.451679999999999832e-02 5.607203999999999763e-07 7.429126999999999725e+01 8.768579000000000789e+00 8.794260409999999695e+01 5.053083419799804688e+01 1.497224195221692935e+04 -1.403624346792648048e+01 2.085755185213955940e+02 1.940944824218750000e+02 
1.833331489562987926e+01 1.396665191650390909e+02 8.000000000000000000e+00 4.888852999999999949e-02 5.853763999999999821e-07 8.656121000000000265e+01 6.779797000000000295e+00 8.628868869999999447e+01 1.172765827178955078e+01 1.395386436292679864e+05 1.800000000000000000e+02 2.106703957530939988e+02 1.961023559570311932e+02 
9.999989509582519531e+00 1.526665039062500000e+02 9.000000000000000000e+00 1.262866999999999983e-02 4.434779000000000036e-07 8.604626000000000374e+01 1.526181000000000054e+01 8.343128199999999595e+01 7.181529998779296875e+01 7.441269413869746495e+04 -1.209637565320735035e+02 2.233972808837891080e+02 2.021259918212890909e+02 
1.599998283386229936e+01 1.443331756591796875e+02 9.000000000000000000e+00 4.044108999999999898e-02 7.869246999999999579e-07 8.538258999999999332e+01 1.401895999999999987e+01 8.995856480000000488e+01 6.865675354003906250e+01 5.013510869399717776e+05 -1.350000000000000000e+02 2.101610037954229995e+02 1.880708618164061932e+02 
1.799998092651366832e+01 1.439998474121094034e+02 1.000000000000000000e+01 7.264365999999999879e-02 1.206372000000000077e-06 8.234560000000000457e+01 1.066480999999999923e+01 8.284008790000000033e+01 6.932226562500000000e+01 1.097138063615957944e+05 3.096375653207352130e+01 2.181411717732746922e+02 2.001181030273438068e+02 
1.266665363311767933e+01 1.323331909179688068e+02 1.000000000000000000e+01 2.436411000000000132e-02 4.863273000000000405e-07 9.195624999999999716e+01 9.101563999999999766e+00 7.702858729999999809e+01 1.235497474670409979e+01 1.716327423582671036e+05 9.000000000000000000e+01 2.117836496829987141e+02 1.940944824218750000e+02 
1.399998569488525035e+01 1.166665420532226989e+02 6.000000000000000000e+00 2.576989999999999836e-02 6.466597000000000184e-07 8.513754000000000133e+01 1.114070000000000071e+01 7.865496829999999306e+01 2.701764678955078125e+01 3.531163353314619744e+05 -2.656505117707799002e+01 2.145470220025979984e+02 1.900787353515625000e+02 
7.999991416931152344e+00 1.339998626708984091e+02 6.000000000000000000e+00 4.135532000000000097e-02 6.688879000000000083e-07 9.107989999999999498e+01 9.968780999999999892e+00 8.147924039999999479e+01 2.740313339233398082e+01 2.312425357621485091e+04 1.534349488229219958e+02 2.157086612477021959e+02 2.007873992919921875e+02 
7.999991416931152344e+00 1.393331909179688068e+02 6.000000000000000000e+00 3.458921000000000218e-02 7.688868999999999762e-07 9.030406999999999584e+01 1.225060000000000038e+01 7.761950679999999636e+01 2.742099189758301137e+01 1.224369451780048985e+05 1.534349488229219958e+02 2.160249352349175069e+02 1.914173278808594034e+02 
1.133332157135009943e+01 1.536665039062500000e+02 6.000000000000000000e+00 1.040201000000000042e-01 1.424384000000000058e-06 8.999244000000000199e+01 1.130076999999999998e+01 8.023264310000000421e+01 2.422767829895019887e+01 9.692815940316313936e+04 1.800000000000000000e+02 2.086515761481390996e+02 1.840551147460938068e+02 
1.866664695739746094e+01 1.376665191650390909e+02 7.000000000000000000e+00 3.271465999999999892e-04 -3.122109000000000101e-08 7.209698000000000206e+01 5.841079999999999828e+00 8.135124969999999678e+01 3.397404479980468750e+01 6.640374339173454791e+04 1.350000000000000000e+02 2.218897651223574883e+02 1.994488220214844034e+02 
2.033331298828125000e+01 1.533331756591796875e+02 7.000000000000000000e+00 4.883390999999999947e-03 1.620019000000000049e-07 9.230785000000000196e+01 1.034329999999999927e+01 8.114418790000000570e+01 4.367081069946289062e+01 3.897685597423408763e+05 1.236900675259797993e+02 2.167841287745106911e+02 1.894094543457030966e+02 
1.466665172576903942e+01 1.639998321533203125e+02 8.000000000000000000e+00 2.383388999999999994e-02 5.037831000000000505e-07 8.820472999999999786e+01 7.989511000000000251e+00 7.525446320000000355e+01 0.000000000000000000e+00 3.069360254525648197e+05 0.000000000000000000e+00 2.100879441298448000e+02 1.900787353515625000e+02 
1.299998664855957031e+01 1.416665191650390909e+02 8.000000000000000000e+00 5.374846999999999958e-02 1.255538000000000082e-06 9.501707000000000392e+01 1.807413999999999987e+01 7.807485200000000702e+01 3.809992599487304688e+01 1.484761992787563941e+05 1.615650511770780042e+02 2.055447976052224135e+02 1.840551147460938068e+02 
1.033332252502441051e+01 1.669998321533203125e+02 8.000000000000000000e+00 5.943885000000000141e-02 1.134228000000000010e-06 9.647145000000000437e+01 1.501842000000000077e+01 7.747872160000000008e+01 3.844402694702147727e+01 3.348631682370398776e+05 -1.615650511770780042e+02 2.151501792784659983e+02 1.900787353515625000e+02 
1.333331966400145951e+01 1.449998474121094034e+02 8.000000000000000000e+00 2.095657999999999896e-02 7.135411999999999811e-07 7.572543000000000291e+01 1.132864999999999966e+01 7.904341890000000603e+01 1.497865295410155966e+02 7.618971075470375945e+04 -1.249920201985587056e+02 2.202085948743317942e+02 2.021259918212890909e+02 
1.333331966400145951e+01 1.573331756591796875e+02 9.000000000000000000e+00 9.537023000000000375e-03 4.885914000000000058e-07 6.662054000000000542e+01 9.361240000000000450e+00 7.829729460000000074e+01 6.885958862304687500e+01 3.608289597061544919e+04 1.350000000000000000e+02 2.179410920319733975e+02 2.001181030273438068e+02 
1.733331489562987926e+01 1.319998626708984091e+02 1.000000000000000000e+01 7.572551000000000282e-03 5.829929000000000455e-07 5.940946000000000282e+01 1.097334000000000032e+01 7.850667570000000239e+01 2.738017463684082031e+01 4.719145638968168350e+04 -6.343494882292200998e+01 2.130763346354167140e+02 1.947637786865234091e+02 
1.033332252502441051e+01 1.633331604003905966e+02 1.000000000000000000e+01 3.805125000000000174e-02 6.894848999999999909e-07 9.385468000000000188e+01 1.347045999999999921e+01 8.436333469999999579e+01 1.734453201293944957e+01 2.486575296856997884e+05 1.350000000000000000e+02 2.149152693541153951e+02 1.874015808105469034e+02 
2.266664314270019887e+01 1.549998321533203125e+02 7.000000000000000000e+00 9.811764000000000596e-03 4.369196999999999945e-07 6.799855999999999767e+01 8.917892000000000152e+00 8.063650509999999372e+01 2.600546264648437855e+01 4.309802594997164124e+04 -1.534349488229219958e+02 2.169881910436293992e+02 2.007873992919921875e+02 
2.166664314270019887e+01 1.549998321533203125e+02 8.000000000000000000e+00 2.446554999999999997e-03 1.073712000000000000e-07 7.629201999999999373e+01 5.744373999999999647e+00 8.073843379999999570e+01 1.235494232177734020e+01 8.937145119237964536e+03 -9.000000000000000000e+01 2.185714307512556047e+02 2.101574859619140909e+02 
1.933331298828125000e+01 1.429998474121094034e+02 8.000000000000000000e+00 1.350799999999999917e-02 2.905648000000000238e-07 8.498753000000000668e+01 7.114924000000000248e+00 8.232624049999999727e+01 1.697905921936035156e+01 1.851826910151815100e+05 4.500000000000000000e+01 2.106161568381569964e+02 1.927559051513671875e+02 
1.099998855590819957e+01 1.436665191650390909e+02 8.000000000000000000e+00 1.815276999999999863e-02 4.262693000000000198e-07 9.084062000000000126e+01 1.403790000000000049e+01 8.800849150000000520e+01 2.720896720886230113e+01 3.828942497743705753e+05 -1.534349488229219958e+02 2.092148175844004072e+02 1.833858337402344034e+02 
1.566665077209473012e+01 1.133332138061523011e+02 9.000000000000000000e+00 4.998890999999999751e-02 1.323643000000000042e-06 8.579049000000000547e+01 1.553783999999999921e+01 7.717751309999999876e+01 1.375144653320311932e+02 3.186029502763727214e+05 -4.500000000000000000e+01 2.105657209340961913e+02 1.887401580810546875e+02 
1.399998569488525035e+01 1.283332061767578125e+02 9.000000000000000000e+00 5.211281000000000246e-02 1.217182999999999922e-06 9.372332000000000107e+01 1.524736000000000047e+01 7.413123319999999694e+01 3.596425247192382812e+01 1.025800734402799048e+06 1.800000000000000000e+02 2.144279077901468895e+02 1.894094543457030966e+02 
1.799998092651366832e+01 1.443331756591796875e+02 9.000000000000000000e+00 5.709631999999999902e-02 8.200966999999999852e-07 8.395552000000000703e+01 7.531481000000000314e+00 8.150195309999999438e+01 3.732145690917968750e+01 2.745940938248372913e+04 1.843494882292200998e+01 2.158942645844958861e+02 2.007873992919921875e+02 
2.299997520446776988e+01 1.403331909179688068e+02 1.000000000000000000e+01 1.800761999999999849e-02 8.732366999999999965e-07 8.295101999999999975e+01 1.770827999999999847e+01 7.383100890000000049e+01 1.680175209045410156e+01 1.645022158674772945e+05 1.350000000000000000e+02 2.163664448664738984e+02 1.981102294921875000e+02 
1.199998760223389027e+01 1.279998626708983949e+02 6.000000000000000000e+00 8.886431999999999665e-03 2.696274999999999969e-07 8.841124999999999545e+01 1.134102999999999994e+01 8.277474209999999744e+01 3.625479125976561789e+01 2.564600751526383101e+05 1.800000000000000000e+02 2.120041642913018904e+02 1.867322845458984091e+02 
7.666658878326416016e+00 1.449998474121094034e+02 6.000000000000000000e+00 4.744865000000000194e-02 8.779365000000000476e-07 9.053112000000000137e+01 1.205770000000000053e+01 8.004238890000000595e+01 7.513855743408203125e+01 1.088897172949916967e+04 -9.946232220802562551e+01 2.288976402282715128e+02 2.248818969726561932e+02 
1.033332252502441051e+01 1.323331909179688068e+02 7.000000000000000000e+00 5.774788000000000317e-03 4.475243000000000073e-07 8.626615999999999929e+01 2.550634000000000157e+01 8.008205409999999347e+01 2.564328613281250000e+02 3.927872851892504841e+05 5.440332031005506330e+00 2.145274248680298115e+02 1.894094543457030966e+02 
8.999990463256835938e+00 1.483331756591796875e+02 7.000000000000000000e+00 5.690959000000000295e-02 9.608327000000000087e-07 8.973623000000000616e+01 1.082986000000000004e+01 7.893974300000000710e+01 3.901649093627929688e+01 8.679141018227174936e+04 1.084349488229219958e+02 2.156059300899505899e+02 1.934252014160155966e+02 
8.666657447814941406e+00 1.486665191650390909e+02 8.000000000000000000e+00 6.607862000000000458e-02 1.032081999999999964e-06 9.465413999999999817e+01 1.242731999999999992e+01 7.972782899999999984e+01 3.664203643798828125e+01 1.942088050202383019e+05 1.800000000000000000e+02 2.066238097077483076e+02 1.867322845458984091e+02 
1.966664695739746094e+01 1.343331909179688068e+02 8.000000000000000000e+00 3.450996999999999919e-04 2.955004999999999930e-08 8.595288999999999646e+01 7.938492000000000104e+00 7.757122040000000140e+01 1.235494232177734020e+01 1.552279644523772004e+05 9.000000000000000000e+01 2.101407485961914006e+02 1.900787353515625000e+02 
1.433331871032715021e+01 1.389998474121094034e+02 9.000000000000000000e+00 3.766413999999999873e-02 6.814317999999999993e-07 7.317113999999999407e+01 6.395472999999999963e+00 8.540349580000000174e+01 3.442965316772460938e+01 8.645147495353937848e+04 -1.350000000000000000e+02 2.159133864182691980e+02 1.954330749511719034e+02 
1.766664886474609020e+01 1.566665039062500000e+02 9.000000000000000000e+00 1.881814000000000056e-02 4.362392999999999959e-07 9.102474999999999739e+01 1.022001999999999988e+01 7.829959110000000067e+01 1.708762168884276988e+01 7.214112761596324854e+05 4.500000000000000000e+01 2.152002033288927976e+02 1.874015808105469034e+02 
1.899998092651366832e+01 1.549998321533203125e+02 7.000000000000000000e+00 7.553769999999999582e-03 -1.887931999999999994e-07 8.628515000000000157e+01 8.616555999999999216e+00 8.765828700000000140e+01 3.705883026123046875e+01 1.779326242838127073e+05 1.615650511770780042e+02 2.224343368641650898e+02 1.987795257568359091e+02 
1.633331680297851918e+01 1.383331909179688068e+02 8.000000000000000000e+00 1.477330999999999957e-02 2.196387999999999881e-07 9.737254000000000076e+01 7.129967999999999861e+00 8.520020289999999363e+01 3.706495666503906250e+01 4.085542295339470729e+05 9.000000000000000000e+01 2.101229370117187898e+02 1.853937072753905966e+02 
1.766664886474609020e+01 1.356665191650390909e+02 8.000000000000000000e+00 6.855444999999999942e-03 3.431357000000000065e-07 8.534962000000000160e+01 1.703350999999999971e+01 8.161068729999999505e+01 1.707292747497558949e+01 6.141850717409296194e+05 -1.350000000000000000e+02 2.202794455020986106e+02 1.874015808105469034e+02 
2.266664314270019887e+01 1.626665039062500000e+02 9.000000000000000000e+00 7.069742000000000387e-04 4.695345999999999804e-08 9.175073000000000434e+01 7.867327000000000403e+00 7.302399440000000652e+01 1.682058334350585938e+01 2.460665821693286998e+05 -1.350000000000000000e+02 2.090465961731586049e+02 1.887401580810546875e+02 
1.833331489562987926e+01 1.403331909179688068e+02 9.000000000000000000e+00 4.222404999999999908e-02 5.387401999999999499e-07 9.591630999999999574e+01 8.990083000000000268e+00 8.395058439999999678e+01 6.605332946777343750e+01 4.503711971817631274e+05 6.819859051364818470e+01 2.209841398558864967e+02 1.967716522216796875e+02 
1.999997901916503906e+01 1.193332061767577983e+02 9.000000000000000000e+00 1.317944000000000060e-02 6.215554000000000045e-07 8.352853000000000350e+01 1.199288999999999916e+01 6.713988489999999842e+01 5.277446365356445312e+01 8.911540199970891990e+04 -2.656505117707799002e+01 2.211086397032806872e+02 2.027952728271484091e+02 
1.633331680297851918e+01 1.476665191650390909e+02 1.000000000000000000e+01 1.729204999999999978e-02 6.554766000000000449e-07 6.355615000000000236e+01 9.281620999999999455e+00 8.616742709999999761e+01 1.710252380371094105e+01 1.277802098218869942e+05 1.350000000000000000e+02 2.118479584369462998e+02 1.907480316162109091e+02 
1.766664886474609020e+01 1.379998626708984091e+02 1.000000000000000000e+01 3.197549999999999698e-02 8.438578000000000007e-07 8.819897000000000276e+01 1.546895999999999916e+01 8.086299900000000207e+01 8.325052642822265625e+01 6.787356788030845346e+05 1.718698976458439915e+02 2.157116969702101130e+02 1.927559051513671875e+02 
2.433330726623535156e+01 1.516665039062500000e+02 8.000000000000000000e+00 7.539620999999999823e-03 -3.051690999999999900e-07 8.256032000000000437e+01 8.801202999999999221e+00 7.248809049999999843e+01 2.570780372619628906e+01 6.977563125220318325e+05 2.656505117707799002e+01 2.187899004481598979e+02 1.914173278808594034e+02 
1.999997901916503906e+01 1.369998626708984091e+02 8.000000000000000000e+00 2.634011999999999812e-04 -2.863503000000000095e-08 8.965509000000000128e+01 7.656924000000000063e+00 6.831670379999999909e+01 9.340028381347656250e+01 4.439655148456926108e+05 1.728749836510982050e+02 2.183348986159923868e+02 1.934252014160155966e+02 
1.499998474121093928e+01 1.406665191650390909e+02 8.000000000000000000e+00 3.957027999999999934e-02 7.919118000000000198e-07 8.186623000000000161e+01 1.150942000000000043e+01 8.626481630000000678e+01 3.585699081420897727e+01 7.387709237593001453e+05 1.800000000000000000e+02 2.155550696819859979e+02 1.927559051513671875e+02 
1.499998474121093928e+01 1.283332061767578125e+02 9.000000000000000000e+00 4.354915000000000175e-02 8.559946000000000409e-07 8.589790000000000703e+01 1.225540999999999947e+01 8.352188110000000165e+01 2.470994949340819957e+01 3.845460588928093784e+05 9.000000000000000000e+01 2.087196588450464958e+02 1.833858337402344034e+02 
1.133332157135009943e+01 1.399998474121094034e+02 9.000000000000000000e+00 4.841416999999999943e-02 9.656364000000000268e-07 8.541460999999999615e+01 1.271604999999999919e+01 8.305040739999999744e+01 3.634249877929688211e+01 4.792317236886228202e+05 1.800000000000000000e+02 2.090332221556245997e+02 1.853937072753905966e+02 
