1.166665458679199041e+01 1.489998474121094034e+02 9.000000000000000000e+00 3.529417999999999878e-03 1.570611999999999903e-07 7.519535999999999376e+01 7.283739999999999881e+00 8.143955990000000611e+01 4.394704055786132812e+01 7.529041301020653918e+04 -1.463099324740202007e+02 2.166711205073764859e+02 1.974409484863280966e+02 
4.333328723907470703e+00 1.636664886474609091e+02 8.000000000000000000e+00 1.933425000000000009e-04 -2.827497000000000043e-08 5.742522000000000304e+01 4.896681000000000061e+00 8.645029449999999827e+01 1.163941040039061932e+02 6.849369750925848166e+03 5.799461679191649921e+01 2.211338562011719091e+02 2.121653442382811932e+02 
1.433331871032715021e+01 1.533331756591796875e+02 9.000000000000000000e+00 1.011941000000000056e-02 3.303869000000000135e-07 8.166788999999999987e+01 8.524805000000000632e+00 7.692358400000000529e+01 2.744875717163085938e+01 4.792910734049532039e+04 6.343494882292200998e+01 2.088746723598904111e+02 1.887401580810546875e+02 
1.733331489562987926e+01 1.479998474121094034e+02 8.000000000000000000e+00 2.180052000000000031e-03 2.447967000000000151e-07 6.445399000000000456e+01 1.350075999999999965e+01 7.954735569999999711e+01 7.177006530761718750e+01 1.061683379118388984e+05 1.705376777919744029e+02 2.246174800543136882e+02 2.108267669677734091e+02 
2.433330726623535156e+01 1.553331756591796875e+02 7.000000000000000000e+00 1.052914999999999927e-02 4.304396000000000131e-07 7.980575000000000330e+01 1.051215000000000011e+01 7.479679869999999653e+01 6.720652008056640625e+01 7.013418780214578146e+04 3.096375653207352130e+01 2.233042755126953125e+02 1.987795257568359091e+02 
6.333326816558837891e+00 1.693331604003905966e+02 8.000000000000000000e+00 1.370649000000000043e-03 1.826927999999999960e-07 8.476984000000000208e+01 2.286272999999999911e+01 7.500273900000000538e+01 2.758918952941894887e+01 2.048197178481414085e+04 6.343494882292200998e+01 2.255511820475261118e+02 2.195275573730469034e+02 
1.699998283386230113e+01 1.296665344238280966e+02 8.000000000000000000e+00 7.013753000000000175e-03 3.331479999999999865e-07 6.404299000000000319e+01 1.053200999999999965e+01 9.258678439999999910e+01 3.756630325317382812e+01 1.182095451612733013e+05 -1.843494882292200998e+01 2.115258095635307996e+02 1.961023559570311932e+02 
8.999990463256835938e+00 1.219998703002929972e+02 7.000000000000000000e+00 3.265741999999999864e-03 1.418373000000000044e-07 9.452834000000000003e+01 1.472259000000000029e+01 8.433361050000000603e+01 1.541724243164061932e+02 5.425039834770286689e+03 1.186104596659651946e+02 2.312401618957520100e+02 2.282283477783203125e+02 
1.766664886474609020e+01 1.573331756591796875e+02 9.000000000000000000e+00 1.173606999999999905e-03 -7.702110000000000403e-08 8.609578999999999382e+01 9.773051999999999850e+00 7.697293089999999438e+01 0.000000000000000000e+00 7.978530587342352374e+04 0.000000000000000000e+00 2.240589922295241934e+02 2.101574859619140909e+02 
1.466665172576903942e+01 1.703331604003905966e+02 9.000000000000000000e+00 1.055192999999999930e-02 3.554447000000000144e-07 9.255701999999999430e+01 1.394093999999999944e+01 7.873068240000000628e+01 5.166265106201171875e+01 1.289346532655732008e+05 -1.350000000000000000e+02 2.233087117303277864e+02 2.068110198974609091e+02 
1.399998569488525035e+01 1.676664886474609091e+02 9.000000000000000000e+00 1.238325000000000016e-02 4.131787999999999861e-07 7.284618000000000393e+01 7.332423000000000357e+00 7.890598300000000620e+01 3.809946441650391336e+01 1.838235496897404082e+05 -1.615650511770780042e+02 2.195712094514265971e+02 1.981102294921875000e+02 
1.866664695739746094e+01 1.439998474121094034e+02 8.000000000000000000e+00 1.716115999999999952e-03 7.372185000000000180e-08 8.210850000000000648e+01 6.772012000000000143e+00 8.390492249999999785e+01 1.701147079467773082e+01 2.472258069435959987e+04 1.350000000000000000e+02 2.179776217811985930e+02 1.967716522216796875e+02 
9.999989509582519531e+00 1.419998474121094034e+02 9.000000000000000000e+00 4.617941999999999880e-02 6.987496999999999508e-07 8.829787000000000319e+01 1.031356000000000073e+01 8.629067229999999711e+01 2.753762245178223012e+01 2.029485765415185961e+04 6.343494882292200998e+01 2.251049875895182026e+02 2.088188934326171875e+02 
1.499998474121093928e+01 1.389998474121094034e+02 1.000000000000000000e+01 9.814987000000000711e-03 2.548752000000000216e-07 8.084260999999999342e+01 8.283753000000000810e+00 8.681685640000000603e+01 1.193377304077148082e+01 7.692991147013628506e+04 0.000000000000000000e+00 2.208199854883654041e+02 2.054724426269530966e+02 
5.333327770233154297e+00 1.549998321533203125e+02 8.000000000000000000e+00 1.116094999999999934e-02 4.393699000000000041e-07 8.137510000000000332e+01 1.251725000000000065e+01 7.877806850000000338e+01 6.150731658935546875e+01 3.350245127232737141e+05 1.800000000000000000e+02 2.133482250602878025e+02 1.920866088867188068e+02 
1.699998283386230113e+01 1.426665191650390909e+02 9.000000000000000000e+00 5.356129999999999745e-03 2.232790999999999893e-07 6.665331999999999368e+01 6.422248999999999874e+00 8.558434300000000405e+01 1.711640548706055043e+01 2.062557434397058096e+05 -4.500000000000000000e+01 2.229123837416339029e+02 2.061417388916015909e+02 
1.699998283386230113e+01 1.369998626708984091e+02 8.000000000000000000e+00 1.825631999999999949e-02 4.929884000000000418e-07 8.627118000000000109e+01 1.304311000000000043e+01 8.393614959999999314e+01 2.358786201477051137e+01 2.165526774757932872e+05 1.800000000000000000e+02 2.170937735817649070e+02 1.967716522216796875e+02 
