7.666658878326416016e+00 1.379998626708984091e+02 9.000000000000000000e+00 8.291096999999999877e-04 -1.130543000000000040e-07 7.993706000000000245e+01 1.926379000000000019e+01 7.914692689999999686e+01 5.489169692993164062e+01 5.046615271145678125e+05 -1.534349488229219958e+02 2.131160734027544095e+02 1.907480316162109091e+02 
1.466665172576903942e+01 1.236665344238280966e+02 1.000000000000000000e+01 1.822119000000000169e-02 6.898063000000000324e-07 8.391267999999999461e+01 1.664893999999999963e+01 8.032592010000000471e+01 3.585699081420897727e+01 1.580272227842884022e+05 1.800000000000000000e+02 2.158267729943540019e+02 1.934252014160155966e+02 
6.999992847442626953e+00 1.453331756591796875e+02 1.000000000000000000e+01 1.405153999999999952e-02 4.617125999999999783e-07 6.832608999999999355e+01 8.303537999999999641e+00 8.607830049999999744e+01 6.131428146362304688e+01 3.407785633344195230e+04 1.800000000000000000e+02 2.217228375244141034e+02 2.041338653564453125e+02 
9.666656494140625000e+00 1.683331604003905966e+02 9.000000000000000000e+00 2.583291999999999880e-02 6.623268000000000145e-07 8.481421000000000276e+01 1.270159999999999911e+01 8.187639620000000207e+01 1.734488296508789062e+01 1.706516053685834049e+05 4.500000000000000000e+01 2.125265598599872874e+02 1.900787353515625000e+02 
6.666659832000732422e+00 1.359998626708984091e+02 6.000000000000000000e+00 2.034098999999999977e-02 6.688365999999999475e-07 8.127716999999999814e+01 1.001961000000000013e+01 7.219945529999999678e+01 1.741634941101073863e+01 8.188937111948821439e+03 -1.350000000000000000e+02 2.281168009440104072e+02 2.201968536376953125e+02 
9.333323478698730469e+00 1.449998474121094034e+02 9.000000000000000000e+00 3.562192000000000049e-03 1.003644000000000063e-07 8.012926000000000215e+01 4.897898999999999781e+00 8.685794070000000033e+01 6.115541076660156250e+01 6.640426751504222921e+04 1.431301023541560085e+02 2.178338442432637123e+02 2.027952728271484091e+02 
1.733331489562987926e+01 1.596665039062500000e+02 8.000000000000000000e+00 1.566901000000000101e-03 1.130266000000000018e-07 7.682125999999999522e+01 1.033003000000000071e+01 7.987952420000000586e+01 1.539525909423828125e+02 3.801327955148444744e+04 -1.756012946450044865e+02 2.223201199235587069e+02 2.048031463623046875e+02 
3.999995708465576172e+00 1.039998931884766051e+02 1.000000000000000000e+01 2.754225999999999897e-02 7.211792999999999520e-07 8.438823999999999614e+01 1.276071999999999917e+01 8.070275879999999802e+01 3.905588531494141336e+01 6.851158271588080424e+03 7.156505117707799002e+01 2.280944915771484034e+02 2.222047271728515909e+02 
2.666663932800292969e+01 1.203332061767577983e+02 8.000000000000000000e+00 8.128076999999999178e-03 6.268602000000000270e-07 8.893738999999999351e+01 1.005878000000000050e+01 5.026479340000000207e+01 3.865113830566406250e+01 2.086109255146552096e+04 7.156505117707799002e+01 2.232283486758960862e+02 2.061417388916015909e+02 
2.999996900558472124e+00 1.573331756591796875e+02 8.000000000000000000e+00 7.352288999999999700e-03 -3.976833000000000046e-07 5.459767999999999688e+01 6.613667000000000407e+00 8.768184660000000008e+01 3.906246948242188211e+01 1.248140645280803001e+05 7.156505117707799002e+01 2.185346552251459116e+02 2.054724426269530966e+02 
1.366665267944335938e+01 1.466665191650390909e+02 8.000000000000000000e+00 4.860545000000000143e-02 1.395285000000000017e-06 8.071469000000000449e+01 1.538973000000000013e+01 7.884685519999999315e+01 2.397552299499512074e+01 3.563065642169739003e+05 0.000000000000000000e+00 2.163791338174083876e+02 1.967716522216796875e+02 
1.699998283386230113e+01 1.536665039062500000e+02 9.000000000000000000e+00 1.218170000000000017e-02 4.703300999999999957e-07 8.026928999999999803e+01 1.200531999999999933e+01 7.826572419999999397e+01 4.315575790405272727e+01 6.794681675901846029e+05 1.463099324740202007e+02 2.143825445580206122e+02 1.874015808105469034e+02 
1.433331871032715021e+01 1.163332138061523011e+02 1.000000000000000000e+01 2.854247000000000034e-02 9.250558000000000108e-07 8.099654999999999916e+01 1.402279000000000053e+01 7.788079829999999504e+01 4.363436889648438211e+01 8.115885478383486043e+04 -3.369006752597979215e+01 2.242894044469614130e+02 2.034645690917969034e+02 
1.066665554046631037e+01 1.279998626708983949e+02 6.000000000000000000e+00 2.833893999999999996e-02 7.103719999999999768e-07 8.147185000000000343e+01 9.761400000000000077e+00 7.738507839999999760e+01 2.752569580078125000e+01 2.887798791771797114e+05 6.343494882292200998e+01 2.188488865076938907e+02 1.981102294921875000e+02 
8.999990463256835938e+00 1.369998626708984091e+02 7.000000000000000000e+00 5.972116000000000403e-03 4.466938000000000053e-07 8.198130000000000450e+01 2.081081000000000003e+01 7.759965520000000083e+01 5.032834243774414062e+01 6.240950820026201836e+04 1.403624346792648048e+01 2.154827137822690020e+02 1.987795257568359091e+02 
1.199998760223389027e+01 1.753331451416015909e+02 9.000000000000000000e+00 1.163473999999999932e-02 7.658500000000000451e-07 6.530476000000000170e+01 1.187904999999999944e+01 7.395868679999999529e+01 5.423474884033203125e+01 7.390592167954017350e+04 1.534349488229219958e+02 2.202090198863635919e+02 1.994488220214844034e+02 
8.333324432373046875e+00 1.369998626708984091e+02 1.000000000000000000e+01 2.051185000000000161e-02 7.363889000000000249e-07 7.830429999999999779e+01 1.279954000000000036e+01 7.810540770000000066e+01 5.090409469604492188e+01 1.250694755470959062e+05 1.040362434679264965e+02 2.164793747611668095e+02 1.954330749511719034e+02 
7.999991416931152344e+00 1.339998626708984091e+02 6.000000000000000000e+00 1.540594999999999985e-02 5.175747000000000507e-07 8.999908000000000641e+01 1.679892999999999859e+01 8.206374359999999513e+01 3.667391586303710938e+01 2.814088816753571737e+05 1.800000000000000000e+02 2.054562756819425999e+02 1.827165374755859091e+02 
2.499997329711914062e+01 1.609998321533203125e+02 7.000000000000000000e+00 4.342971999999999631e-03 3.679196999999999987e-07 7.022557999999999367e+01 1.180696000000000012e+01 7.128890989999999306e+01 2.470994949340819957e+01 3.111591653148724072e+04 -9.000000000000000000e+01 2.192866143798827920e+02 2.007873992919921875e+02 
1.433331871032715021e+01 1.339998626708984091e+02 1.000000000000000000e+01 9.042190999999999770e-03 5.912469000000000346e-07 5.963537999999999784e+01 8.697762000000000882e+00 7.631864170000000058e+01 2.744875717163085938e+01 7.982275615542942433e+03 6.343494882292200998e+01 2.274475097656250000e+02 2.188582763671875000e+02 
8.999990463256835938e+00 1.676664886474609091e+02 1.000000000000000000e+01 2.381706999999999921e-02 3.877616000000000065e-07 8.206889999999999930e+01 6.769650000000000389e+00 8.795336910000000330e+01 2.440529060363769887e+01 1.750137937298626057e+05 1.800000000000000000e+02 2.150863713700641995e+02 1.967716522216796875e+02 
9.999989509582519531e+00 1.299998626708984091e+02 7.000000000000000000e+00 1.721895000000000023e-02 5.094708000000000121e-07 7.740556999999999732e+01 9.600175999999999377e+00 8.101741029999999455e+01 6.641673278808593750e+01 1.623208265206259966e+04 -6.819859051364818470e+01 2.205872739156087050e+02 2.048031463623046875e+02 
1.766664886474609020e+01 1.559998321533203125e+02 8.000000000000000000e+00 8.466542999999999985e-03 7.780531999999999701e-07 6.252776999999999674e+01 1.459863999999999962e+01 7.453035739999999976e+01 6.077921295166016336e+01 8.109446201590463170e+04 -1.268698976458440058e+02 2.115176544189453125e+02 1.894094543457030966e+02 
1.999997901916503906e+01 1.409998474121094034e+02 8.000000000000000000e+00 9.565043999999999977e-03 2.926042000000000017e-07 9.080347000000000435e+01 1.131673999999999936e+01 7.922608950000000050e+01 7.641996765136718750e+01 2.337815975260064879e+05 -3.865980825409008759e+01 2.150126166580789970e+02 1.900787353515625000e+02 
9.666656494140625000e+00 1.483331756591796875e+02 9.000000000000000000e+00 2.019380999999999954e-02 4.693805999999999911e-07 7.807607000000000141e+01 8.577809999999999491e+00 8.515104680000000315e+01 2.730192565917969105e+01 1.625118457933102909e+05 1.534349488229219958e+02 2.200462615966796989e+02 2.001181030273438068e+02 
8.333324432373046875e+00 1.373331909179688068e+02 1.000000000000000000e+01 8.856008999999999756e-03 5.039427999999999907e-07 8.069066999999999723e+01 1.990039000000000158e+01 8.296942140000000165e+01 7.179810333251953125e+01 2.038335055017488048e+04 5.903624346792648225e+01 2.231863535563151117e+02 2.135039367675780966e+02 
2.033331298828125000e+01 1.489998474121094034e+02 8.000000000000000000e+00 2.781364000000000058e-02 7.354405999999999793e-07 7.655850999999999829e+01 9.020053000000000765e+00 7.840814210000000628e+01 7.391135406494140625e+01 5.923691926531867648e+04 -1.615650511770780042e+02 2.249546402640964970e+02 2.101574859619140909e+02 
1.533331775665283025e+01 1.516665039062500000e+02 1.000000000000000000e+01 1.423145999999999960e-02 4.733459999999999824e-07 7.154712999999999568e+01 9.487769999999999371e+00 8.501150509999999372e+01 3.773859786987304688e+01 1.072695904206617997e+05 1.615650511770780042e+02 2.168090812777294900e+02 1.940944824218750000e+02 
3.999995708465576172e+00 1.383331909179688068e+02 9.000000000000000000e+00 5.300291000000000377e-03 2.184581999999999941e-07 7.490717999999999677e+01 9.797560999999999964e+00 8.690299989999999752e+01 4.929963684082031250e+01 1.096303804479949031e+04 0.000000000000000000e+00 2.185236244201659872e+02 2.094881896972655966e+02 
2.633330535888671875e+01 1.536665039062500000e+02 7.000000000000000000e+00 6.380933000000000091e-03 4.955056999999999872e-07 6.572453000000000145e+01 1.028946999999999967e+01 7.111448670000000050e+01 0.000000000000000000e+00 3.326057144509325735e+04 0.000000000000000000e+00 2.212875479239004903e+02 2.074803161621094034e+02 
1.399998569488525035e+01 1.386665191650390909e+02 9.000000000000000000e+00 2.191533000000000023e-02 3.892813000000000065e-07 8.595414999999999850e+01 7.510146999999999906e+00 8.390322109999999611e+01 2.695610427856444957e+01 2.797267834514822971e+04 -1.534349488229219958e+02 2.215991755894251867e+02 2.121653442382811932e+02 
7.999991416931152344e+00 1.706664886474609091e+02 9.000000000000000000e+00 1.030302999999999948e-02 3.393889999999999959e-07 5.961937000000000353e+01 3.984894999999999854e+00 8.671474460000000306e+01 2.756366348266601918e+01 4.135110043494835263e+05 6.343494882292200998e+01 2.182858486677471035e+02 1.961023559570311932e+02 
5.333327770233154297e+00 1.443331756591796875e+02 9.000000000000000000e+00 2.154222999999999902e-02 8.336068000000000500e-07 7.303055000000000518e+01 1.612135999999999925e+01 8.760124969999999678e+01 2.759972572326660156e+01 2.421145178998638876e+05 1.165650511770780042e+02 2.179280680855789001e+02 1.954330749511719034e+02 
1.233332061767577947e+01 1.393331909179688068e+02 6.000000000000000000e+00 2.761274999999999841e-02 6.812420999999999721e-07 6.202476000000000056e+01 6.228411000000000364e+00 9.024144739999999842e+01 2.710439491271973012e+01 7.516322634995517728e+04 1.534349488229219958e+02 2.176272509438651070e+02 1.994488220214844034e+02 
1.066665554046631037e+01 1.313331909179688068e+02 7.000000000000000000e+00 3.466959999999999752e-05 -1.480595999999999919e-08 9.576431999999999789e+01 2.733472000000000079e+01 7.453682709999999645e+01 1.214126968383789062e+01 5.462781869066526415e+05 1.800000000000000000e+02 2.191755627290702080e+02 1.947637786865234091e+02 
9.999989509582519531e+00 1.649998321533203125e+02 8.000000000000000000e+00 1.246915999999999997e-02 5.931210999999999734e-07 8.221107999999999549e+01 1.572220000000000084e+01 7.609984590000000537e+01 2.725712203979491832e+01 1.135943654517652030e+05 1.534349488229219958e+02 2.162767168680827012e+02 1.954330749511719034e+02 
1.166665458679199041e+01 1.293331909179688068e+02 8.000000000000000000e+00 1.670418999999999973e-04 4.543442999999999982e-08 8.425036000000000058e+01 1.827194000000000074e+01 6.786554719999999463e+01 0.000000000000000000e+00 2.112987090754621895e+05 0.000000000000000000e+00 2.141178103890389082e+02 1.947637786865234091e+02 
8.333324432373046875e+00 1.229998703002929972e+02 1.000000000000000000e+01 3.565329999999999888e-02 6.615875999999999598e-07 7.983247000000000071e+01 8.317652999999999963e+00 8.398619080000000281e+01 5.037244415283203125e+01 1.250088669046709983e+05 1.659637565320734893e+02 2.177670334525730027e+02 1.974409484863280966e+02 
1.199998760223389027e+01 1.266665344238280966e+02 8.000000000000000000e+00 6.851715999999999883e-03 1.736628999999999926e-07 9.676006999999999891e+01 1.013668000000000013e+01 8.313362879999999677e+01 2.715790748596191051e+01 1.881205133825306984e+04 1.534349488229219958e+02 2.267463476998466092e+02 2.188582763671875000e+02 
1.566665077209473012e+01 1.273331985473632955e+02 8.000000000000000000e+00 5.785313000000000261e-03 3.206521999999999892e-07 5.805387999999999948e+01 8.202849000000000501e+00 9.010623929999999859e+01 2.379151725769042969e+01 1.680485970753892907e+05 1.800000000000000000e+02 2.170137653501014938e+02 1.981102294921875000e+02 
2.799997138977051137e+01 1.383331909179688068e+02 8.000000000000000000e+00 3.087816000000000172e-03 -2.388186000000000207e-07 7.837761000000000422e+01 1.218801999999999985e+01 7.158216090000000520e+01 1.647035980224609020e+01 1.333117768070935927e+04 1.350000000000000000e+02 2.288976384943181870e+02 2.255511779785155966e+02 
1.566665077209473012e+01 1.356665191650390909e+02 1.000000000000000000e+01 1.847891000000000117e-02 2.527388000000000132e-07 8.188559999999999661e+01 3.364027999999999796e+00 8.623989869999999769e+01 3.892995071411132812e+01 5.684906452730303863e+04 -1.084349488229219958e+02 2.165546615955441894e+02 2.021259918212890909e+02 
1.466665172576903942e+01 1.193332061767577983e+02 7.000000000000000000e+00 1.269737999999999978e-01 1.142964999999999991e-06 9.912931000000000381e+01 1.122084000000000081e+01 8.668206790000000694e+01 2.685950851440430043e+01 2.977300414591756999e+05 1.534349488229219958e+02 2.170774756840297073e+02 1.940944824218750000e+02 
1.833331489562987926e+01 1.559998321533203125e+02 9.000000000000000000e+00 3.266392000000000015e-04 3.843445999999999964e-08 7.513612000000000535e+01 9.212476000000000553e+00 7.997185519999999315e+01 2.653021049499512074e+01 1.030785260133389966e+05 -1.534349488229219958e+02 2.149187699330003909e+02 1.967716522216796875e+02 
1.499998474121093928e+01 1.683331604003905966e+02 9.000000000000000000e+00 8.284049999999999400e-03 3.789243999999999808e-07 8.089539000000000613e+01 1.401159999999999961e+01 8.064231110000000058e+01 1.718409919738769887e+01 1.845349266924728872e+05 4.500000000000000000e+01 2.166577928941026983e+02 2.014566955566405966e+02 
1.266665363311767933e+01 1.319998626708984091e+02 1.000000000000000000e+01 5.988359000000000043e-02 9.474774000000000030e-07 9.302952000000000510e+01 1.612794999999999845e+01 9.071289830000000620e+01 5.494358444213867188e+01 1.422593977360646008e+06 6.343494882292200998e+01 2.102821468378392069e+02 1.813779602050780966e+02 
4.666661739349365234e+00 1.566665039062500000e+02 1.000000000000000000e+01 8.687342000000000675e-02 1.049161000000000033e-06 8.591261000000000081e+01 1.139581000000000088e+01 9.249214940000000240e+01 4.445807266235352273e+01 1.861269251325950900e+05 -3.369006752597979215e+01 2.141683074726778102e+02 1.920866088867188068e+02 
1.033332252502441051e+01 1.619998321533203125e+02 7.000000000000000000e+00 7.412483000000000266e-02 9.737777000000001025e-07 9.660224999999999795e+01 1.163841999999999999e+01 8.159355929999999546e+01 2.428303718566894887e+01 3.256082554366678814e+05 1.800000000000000000e+02 2.135816977726472885e+02 1.853937072753905966e+02 
1.199998760223389027e+01 1.596665039062500000e+02 8.000000000000000000e+00 8.926172999999999746e-02 1.256060000000000092e-06 9.211829000000000178e+01 1.472109000000000023e+01 8.759590910000000008e+01 1.726696472167969034e+02 1.552373826053190976e+06 1.209475707701209934e+01 2.189988372855486887e+02 1.894094543457030966e+02 
1.399998569488525035e+01 1.626665039062500000e+02 9.000000000000000000e+00 2.467348000000000111e-02 6.981868000000000193e-07 6.169563000000000130e+01 7.255471000000000004e+00 8.991989900000000091e+01 1.722087860107421875e+01 1.559391482311949949e+05 -1.350000000000000000e+02 2.139730141142495086e+02 1.947637786865234091e+02 
1.699998283386230113e+01 1.663331604003905966e+02 1.000000000000000000e+01 1.386297000000000050e-02 4.615399999999999890e-07 8.086767000000000394e+01 7.280229000000000283e+00 6.969049839999999563e+01 1.183572292327881037e+01 1.366515883560987131e+05 1.800000000000000000e+02 2.139994704906756908e+02 1.934252014160155966e+02 
9.999989509582519531e+00 1.303331909179688068e+02 6.000000000000000000e+00 6.419616000000000385e-03 5.596137000000000475e-07 6.258465999999999951e+01 1.786874999999999858e+01 8.701029210000000091e+01 2.728010940551758168e+01 1.217080977350290959e+04 1.534349488229219958e+02 2.174453209771050126e+02 2.081496124267578125e+02 
1.666664886474609020e+01 1.423331909179688068e+02 8.000000000000000000e+00 2.103748000000000076e-02 3.571354000000000230e-07 8.498417000000000598e+01 7.588155999999999679e+00 8.765801240000000405e+01 6.608574676513671875e+01 1.209621513066969055e+05 1.118014094863518011e+02 2.173960126793903100e+02 1.914173278808594034e+02 
1.399998569488525035e+01 1.429998474121094034e+02 9.000000000000000000e+00 6.769372999999999363e-02 9.713949000000000582e-07 8.151630000000000109e+01 1.130666000000000082e+01 9.296484379999999703e+01 7.192784881591796875e+01 2.266964834561675889e+04 0.000000000000000000e+00 2.270078762278837132e+02 2.188582763671875000e+02 
1.499998474121093928e+01 1.349998626708984091e+02 1.000000000000000000e+01 9.793493000000000337e-03 3.676690999999999739e-07 8.030480000000000018e+01 1.031788000000000061e+01 7.801223749999999768e+01 1.719670677185058949e+01 3.596757655705970246e+05 -1.350000000000000000e+02 2.143016543793063136e+02 1.920866088867188068e+02 
7.333325862884520596e+00 1.096665496826172017e+02 6.000000000000000000e+00 5.839155999999999860e-03 3.859931999999999918e-07 7.445390000000000441e+01 1.772985999999999862e+01 8.504312899999999331e+01 1.235497474670409979e+01 1.907950568399074837e+04 9.000000000000000000e+01 2.203402720860071895e+02 2.027952728271484091e+02 
8.333324432373046875e+00 1.349998626708984091e+02 6.000000000000000000e+00 4.639876999999999890e-02 7.107868999999999522e-07 8.767867999999999995e+01 1.035951000000000022e+01 8.642739109999999414e+01 3.868363571166992188e+01 9.789173701499562594e+04 1.615650511770780042e+02 2.140802722507052920e+02 1.907480316162109091e+02 
1.899998092651366832e+01 1.409998474121094034e+02 7.000000000000000000e+00 1.181625999999999993e-04 1.688142999999999885e-08 7.210106000000000392e+01 5.873709999999999987e+00 7.889220430000000306e+01 3.719281005859375000e+01 6.489524505832520845e+03 -1.615650511770780042e+02 2.256850372314453068e+02 2.195275573730469034e+02 
1.866664695739746094e+01 1.659998321533203125e+02 8.000000000000000000e+00 2.970828999999999831e-02 6.815633000000000293e-07 8.859721000000000402e+01 8.278154999999999930e+00 7.006089780000000644e+01 1.644972076416015909e+02 7.814332699681489430e+03 -1.029946167919164992e+02 2.254396362304688068e+02 2.168504028320311932e+02 
1.666664886474609020e+01 1.349998626708984091e+02 1.000000000000000000e+01 2.258084999999999953e-02 9.548145000000000297e-07 7.212877000000000294e+01 1.208938999999999986e+01 7.528398900000000538e+01 4.896893692016602273e+01 6.584930949721965590e+03 1.659637565320734893e+02 2.302362213134765909e+02 2.242126007080078125e+02 
2.166664314270019887e+01 1.433331909179688068e+02 8.000000000000000000e+00 6.211229000000000403e-03 1.944797000000000021e-07 8.334466999999999359e+01 7.047360000000000291e+00 7.899210359999999298e+01 5.741043853759766336e+01 5.101044510511724184e+03 0.000000000000000000e+00 2.293996047973633097e+02 2.262204742431640909e+02 
9.333323478698730469e+00 1.316665344238280966e+02 6.000000000000000000e+00 3.650872000000000145e-02 7.712463000000000522e-07 8.159224000000000387e+01 1.068201000000000001e+01 8.317957309999999893e+01 2.438239097595214844e+01 1.084073012256237998e+05 0.000000000000000000e+00 2.110693904876708871e+02 1.947637786865234091e+02 
4.999994754791259766e+00 1.473331756591796875e+02 8.000000000000000000e+00 2.007806000000000000e-03 -2.060719000000000018e-07 8.355087000000000330e+01 1.691320999999999941e+01 7.122928620000000421e+01 9.846387481689453125e+01 9.969787193677860778e+05 0.000000000000000000e+00 2.136278805830841918e+02 1.867322845458984091e+02 
1.799998092651366832e+01 1.353331909179688068e+02 8.000000000000000000e+00 8.168611999999999575e-04 6.552969000000000556e-08 8.401196000000000197e+01 8.953478999999999743e+00 7.368004609999999843e+01 3.706489181518554688e+01 1.372799042776578863e+05 9.000000000000000000e+01 2.134975630987258057e+02 1.920866088867188068e+02 
1.466665172576903942e+01 1.426665191650390909e+02 9.000000000000000000e+00 3.277156999999999987e-02 6.970753000000000427e-07 7.169213000000000591e+01 7.852706000000000408e+00 8.708135219999999777e+01 3.789983749389647727e+01 2.749510981873042183e+05 1.843494882292200998e+01 2.228125849184783078e+02 2.048031463623046875e+02 
1.566665077209473012e+01 1.553331756591796875e+02 9.000000000000000000e+00 2.791452000000000169e-02 4.462720999999999797e-07 8.897598000000000695e+01 8.197017000000000664e+00 8.419226840000000323e+01 4.941989898681641336e+01 9.265812117174637024e+03 9.000000000000000000e+01 2.244038282121931047e+02 2.128346557617188068e+02 
2.133331108093262074e+01 1.593331604003905966e+02 7.000000000000000000e+00 1.650052000000000116e-02 -3.605943000000000091e-07 8.168358999999999526e+01 8.782629000000000019e+00 8.745014949999999487e+01 3.452502441406250000e+01 7.036217138997616712e+04 1.800000000000000000e+02 2.159498940207741100e+02 2.001181030273438068e+02 
1.766664886474609020e+01 1.356665191650390909e+02 8.000000000000000000e+00 1.619140999999999983e-02 5.257139000000000261e-07 9.131695999999999458e+01 1.765123000000000175e+01 8.331304930000000297e+01 1.177208042144775035e+01 1.544721839635659999e+05 1.800000000000000000e+02 2.105828782421046981e+02 1.920866088867188068e+02 
2.199997711181640980e+01 1.646664886474609091e+02 9.000000000000000000e+00 1.609287999999999951e-03 -7.242258999999999444e-08 8.778934999999999889e+01 6.046414000000000399e+00 7.524641420000000380e+01 1.685747909545898082e+01 8.788253234096702363e+04 -1.350000000000000000e+02 2.192559630905373069e+02 1.974409484863280966e+02 
2.433330726623535156e+01 1.476665191650390909e+02 8.000000000000000000e+00 5.268008000000000239e-03 2.395073999999999970e-07 8.742051999999999623e+01 8.320921000000000234e+00 6.739725489999999297e+01 3.608493041992188211e+01 1.625515026012726885e+05 1.843494882292200998e+01 2.199548764742337994e+02 1.967716522216796875e+02 
2.266664314270019887e+01 1.356665191650390909e+02 8.000000000000000000e+00 1.196789000000000013e-02 3.239099999999999934e-07 8.090161999999999409e+01 5.418809999999999683e+00 7.338462069999999926e+01 1.137261104583740057e+01 2.282495237095316043e+04 1.800000000000000000e+02 2.220931786431206945e+02 2.061417388916015909e+02 
1.333331966400145951e+01 1.436665191650390909e+02 8.000000000000000000e+00 1.429612000000000070e-02 3.996737000000000063e-07 7.879591000000000633e+01 9.634823000000000803e+00 8.455428310000000636e+01 3.809946441650391336e+01 1.335723604657886899e+05 1.615650511770780042e+02 2.190590568542480128e+02 1.940944824218750000e+02 
1.366665267944335938e+01 1.333331909179688068e+02 9.000000000000000000e+00 2.405954999999999899e-02 4.374442000000000202e-07 8.527291999999999916e+01 6.855865999999999794e+00 8.024022669999999380e+01 1.722087860107421875e+01 7.912547417549033416e+05 -1.350000000000000000e+02 2.168312400535301094e+02 1.920866088867188068e+02 
