2.199997711181640980e+01 1.469998474121094034e+02 7.000000000000000000e+00 8.461636999999999501e-04 2.379633999999999933e-07 5.502577999999999747e+01 1.421291000000000082e+01 7.032280729999999380e+01 7.707020568847656250e+01 1.248033763495596068e+05 -1.286598082540901089e+02 2.208934615777463080e+02 2.001181030273438068e+02 
2.066664505004883168e+01 1.459998474121094034e+02 7.000000000000000000e+00 1.679581999999999950e-02 5.954082999999999834e-07 6.919310000000000116e+01 8.806428999999999618e+00 8.088520809999999983e+01 0.000000000000000000e+00 8.991889727517147548e+03 0.000000000000000000e+00 2.262204742431640909e+02 2.248818969726561932e+02 
1.299998664855957031e+01 1.339998626708984091e+02 8.000000000000000000e+00 1.846327999999999858e-02 3.988886999999999897e-07 8.949828999999999724e+01 1.095415999999999990e+01 8.474430850000000248e+01 2.701764678955078125e+01 4.637340354007044807e+05 1.534349488229219958e+02 2.168966864770015093e+02 1.820472412109375000e+02 
5.999993801116943359e+00 1.339998626708984091e+02 9.000000000000000000e+00 1.968863999999999857e-03 -1.777616000000000054e-07 7.993352000000000146e+01 1.753703000000000145e+01 8.086676789999999926e+01 3.903948211669921875e+01 4.941800775101284962e+05 1.084349488229219958e+02 2.124870592401831004e+02 1.787007904052734091e+02 
6.999992847442626953e+00 1.269998703002929972e+02 1.000000000000000000e+01 1.663368999999999959e-02 7.741260000000000062e-07 6.483065000000000566e+01 1.232879999999999932e+01 8.461648560000000430e+01 1.920033874511719034e+02 8.179427576403309104e+03 5.019442890773481025e+01 2.178543294270832860e+02 2.068110198974609091e+02 
1.266665363311767933e+01 1.489998474121094034e+02 7.000000000000000000e+00 9.680492000000000610e-03 5.549778000000000238e-07 7.969541999999999859e+01 1.420575999999999972e+01 7.162673949999999934e+01 8.113997650146484375e+01 1.540919768386498909e+05 2.656505117707799002e+01 2.091739139722741072e+02 1.880708618164061932e+02 
9.666656494140625000e+00 1.553331756591796875e+02 1.000000000000000000e+01 2.798343999999999832e-02 7.146925000000000187e-07 8.057903000000000304e+01 1.184531999999999918e+01 8.304733280000000661e+01 6.150185012817382812e+01 5.417170910144210211e+03 -5.313010235415598004e+01 2.213681106567383097e+02 2.121653442382811932e+02 
1.533331775665283025e+01 1.226665420532226989e+02 1.000000000000000000e+01 1.996556000000000025e-02 7.537982000000000219e-07 7.850513999999999726e+01 1.433470999999999940e+01 7.969915770000000066e+01 4.411463165283203125e+01 1.417559300799971097e+05 -1.236900675259797993e+02 2.161873579649167993e+02 1.880708618164061932e+02 
6.333326816558837891e+00 1.389998474121094034e+02 1.000000000000000000e+01 1.433314999999999936e-02 4.259867000000000117e-07 8.803547000000000367e+01 1.456279999999999930e+01 8.518140409999999463e+01 6.135654830932617188e+01 2.702025459020243725e+05 1.800000000000000000e+02 2.108876174001983088e+02 1.840551147460938068e+02 
1.233332061767577947e+01 1.419998474121094034e+02 7.000000000000000000e+00 1.346998999999999939e-02 7.913896999999999651e-07 6.780289999999999395e+01 1.268560000000000088e+01 7.537844090000000108e+01 4.941992950439453125e+01 3.624876654116959253e+04 9.000000000000000000e+01 2.127850686532480040e+02 1.940944824218750000e+02 
2.566663932800292969e+01 1.463331756591796875e+02 8.000000000000000000e+00 3.196908999999999949e-03 3.916923000000000140e-07 6.355178999999999689e+01 1.415414999999999957e+01 7.379705049999999744e+01 4.628450393676757812e+01 3.346919330087972776e+04 -1.659637565320734893e+02 2.222047237820096086e+02 2.074803161621094034e+02 
1.233332061767577947e+01 1.543331756591796875e+02 8.000000000000000000e+00 2.680950000000000000e-02 8.189334000000000399e-07 8.674627999999999872e+01 1.465361000000000047e+01 7.700924679999999967e+01 1.727763938903808949e+01 1.584108289931484906e+05 1.350000000000000000e+02 2.105488457114009861e+02 1.900787353515625000e+02 
1.199998760223389027e+01 1.696664886474609091e+02 9.000000000000000000e+00 4.870329999999999798e-02 9.225987999999999512e-07 8.835481000000000051e+01 1.112874000000000052e+01 7.842115019999999959e+01 3.706495666503906250e+01 1.128715508969457005e+05 9.000000000000000000e+01 2.186192358107794007e+02 1.961023559570311932e+02 
8.999990463256835938e+00 1.349998626708984091e+02 1.000000000000000000e+01 4.764332999999999763e-02 1.053418000000000017e-06 8.435250999999999522e+01 1.212701000000000029e+01 7.869591520000000173e+01 1.736119461059569957e+01 5.426313093971883973e+03 4.500000000000000000e+01 2.218700828552246094e+02 2.101574859619140909e+02 
4.999994754791259766e+00 1.309998626708984091e+02 6.000000000000000000e+00 3.364300000000000190e-03 2.208015999999999990e-07 8.179793999999999699e+01 1.528853999999999935e+01 8.008882900000000404e+01 0.000000000000000000e+00 5.646755211160596227e+05 0.000000000000000000e+00 2.126563850014896957e+02 1.900787353515625000e+02 
2.399997520446776988e+01 1.786664733886719034e+02 8.000000000000000000e+00 4.904839000000000247e-03 4.719356999999999952e-07 6.300267000000000195e+01 1.061342999999999925e+01 7.037355039999999917e+01 2.470994949340819957e+01 1.381171066124936078e+04 9.000000000000000000e+01 2.175805289528587139e+02 2.068110198974609091e+02 
2.199997711181640980e+01 1.746664886474609091e+02 8.000000000000000000e+00 3.526343999999999833e-03 3.030959000000000109e-07 6.275542999999999694e+01 7.083885000000000431e+00 6.968287660000000017e+01 2.291071128845214844e+01 3.564665549755468237e+04 1.800000000000000000e+02 2.173045578002929972e+02 2.061417388916015909e+02 
1.866664695739746094e+01 1.183332061767577983e+02 9.000000000000000000e+00 1.214823999999999982e-03 1.474359999999999975e-07 6.409475000000000477e+01 1.021744999999999948e+01 7.672422790000000248e+01 2.649059867858887074e+01 6.245490364037187101e+04 -1.534349488229219958e+02 2.120816946029663086e+02 1.974409484863280966e+02 
1.733331489562987926e+01 1.459998474121094034e+02 9.000000000000000000e+00 1.831854000000000121e-02 5.886279999999999952e-07 7.596939000000000419e+01 9.321972999999999843e+00 7.765573879999999463e+01 1.708762168884276988e+01 4.461538976968034694e+04 -1.350000000000000000e+02 2.150984272676355999e+02 2.007873992919921875e+02 
1.066665554046631037e+01 1.423331909179688068e+02 9.000000000000000000e+00 6.047452000000000036e-03 1.491219000000000113e-07 8.052537999999999840e+01 5.959065999999999974e+00 8.855784610000000612e+01 7.684847259521484375e+01 2.375298945901156985e+05 1.615650511770780042e+02 2.178201065930452955e+02 1.934252014160155966e+02 
1.966664695739746094e+01 1.429998474121094034e+02 1.000000000000000000e+01 1.325386000000000120e-04 2.967104000000000097e-08 7.510165000000000646e+01 1.451163000000000025e+01 7.930144500000000107e+01 5.078167724609375000e+01 7.753892599950842850e+03 -7.596375653207353196e+01 2.233202133178710938e+02 2.201968536376953125e+02 
1.599998283386229936e+01 1.319998626708984091e+02 6.000000000000000000e+00 3.667645000000000193e-03 1.441703999999999951e-07 7.853476999999999464e+01 1.105035999999999952e+01 9.401636510000000158e+01 3.768246078491210938e+01 1.875316590389765042e+05 -1.615650511770780042e+02 2.124528683944487000e+02 1.860629882812500000e+02 
1.433331871032715021e+01 1.306665344238280966e+02 7.000000000000000000e+00 1.238624999999999926e-03 5.370167999999999730e-08 7.318287999999999727e+01 3.356291999999999831e+00 8.500319670000000372e+01 1.235500621795653942e+01 8.382169417805677222e+04 -9.000000000000000000e+01 2.102105996268136039e+02 1.894094543457030966e+02 
1.833331489562987926e+01 1.516665039062500000e+02 7.000000000000000000e+00 1.119681999999999969e-02 4.277850000000000153e-07 7.002861000000000047e+01 9.311738000000000071e+00 8.383504489999999976e+01 2.649059867858887074e+01 1.081401988720845984e+05 -1.534349488229219958e+02 2.120524626582501924e+02 1.954330749511719034e+02 
1.699998283386230113e+01 1.559998321533203125e+02 8.000000000000000000e+00 3.245206000000000045e-03 -1.612918000000000017e-07 9.208619000000000199e+01 1.214795999999999943e+01 7.528422550000000513e+01 5.325500106811522727e+01 5.645240049027234782e+05 2.656505117707799002e+01 2.154620040538698902e+02 1.860629882812500000e+02 
2.233330917358398082e+01 1.436665191650390909e+02 8.000000000000000000e+00 5.342404999999999723e-03 3.128729999999999985e-07 7.601895000000000380e+01 1.046273000000000053e+01 7.334156040000000587e+01 6.005247497558593750e+01 4.344951769403357175e+05 5.313010235415598004e+01 2.201577120775367860e+02 2.007873992919921875e+02 
9.666656494140625000e+00 1.386665191650390909e+02 1.000000000000000000e+01 3.874879999999999818e-03 -1.361718999999999913e-07 8.404143000000000541e+01 1.105893000000000015e+01 9.209608459999999752e+01 2.438239097595214844e+01 4.335715423277897207e+04 1.800000000000000000e+02 2.230204257965087891e+02 2.094881896972655966e+02 
7.999991416931152344e+00 1.029998931884766051e+02 1.000000000000000000e+01 2.483758000000000146e-02 6.679228000000000072e-07 8.133933000000000391e+01 1.240526999999999980e+01 8.317781829999999843e+01 1.224481487274169922e+01 1.930365514011970954e+05 0.000000000000000000e+00 2.165911626681474900e+02 1.961023559570311932e+02 
1.466665172576903942e+01 1.433331909179688068e+02 7.000000000000000000e+00 1.733072000000000085e-02 5.844323999999999705e-07 6.522181999999999391e+01 6.712252000000000329e+00 8.089782710000000066e+01 3.893597793579102273e+01 6.647181988071914020e+03 1.084349488229219958e+02 2.185905517578125057e+02 2.108267669677734091e+02 
2.933330345153808949e+01 1.226665420532226989e+02 8.000000000000000000e+00 1.253842999999999971e-02 8.145609999999999841e-07 8.625136999999999432e+01 1.066989000000000054e+01 5.359777449999999988e+01 4.076088333129882812e+01 1.555741242920216064e+04 -3.369006752597979215e+01 2.250878284160907867e+02 2.195275573730469034e+02 
5.666660785675048828e+00 1.549998321533203125e+02 8.000000000000000000e+00 2.643683999999999878e-03 1.723227999999999898e-07 6.488299000000000660e+01 8.349235999999999436e+00 8.516235349999999471e+01 5.092251968383789062e+01 2.841940867833441007e+05 1.040362434679264965e+02 2.115539834682757885e+02 1.860629882812500000e+02 
1.133332157135009943e+01 1.469998474121094034e+02 8.000000000000000000e+00 4.963746000000000130e-02 1.501913999999999932e-06 8.286778999999999940e+01 1.944772000000000034e+01 8.228690339999999992e+01 7.832889556884765625e+01 3.995730700410882127e+05 -1.413401917459098911e+02 2.141371734310882005e+02 1.867322845458984091e+02 
1.833331489562987926e+01 1.486665191650390909e+02 9.000000000000000000e+00 3.946584000000000376e-03 3.572779999999999783e-07 7.602952999999999406e+01 1.624935999999999936e+01 7.323783869999999752e+01 1.235494232177734020e+01 8.077907559273159131e+04 9.000000000000000000e+01 2.121653548209897906e+02 1.914173278808594034e+02 
1.366665267944335938e+01 1.159998779296875000e+02 1.000000000000000000e+01 3.445282000000000205e-02 1.058849000000000007e-06 8.082703999999999667e+01 1.611949999999999861e+01 8.212571719999999686e+01 0.000000000000000000e+00 1.815317844644913857e+05 0.000000000000000000e+00 2.164960636812097903e+02 1.994488220214844034e+02 
1.033332252502441051e+01 1.273331985473632955e+02 6.000000000000000000e+00 5.501481999999999900e-02 8.377701999999999482e-07 8.791867999999999483e+01 9.839413000000000409e+00 8.259178919999999380e+01 6.925045776367187500e+01 1.040621208858604950e+05 4.500000000000000000e+01 2.220135002631645875e+02 2.027952728271484091e+02 
8.333324432373046875e+00 1.386665191650390909e+02 7.000000000000000000e+00 4.180836999999999748e-02 1.231973999999999938e-06 8.390516999999999825e+01 1.611683999999999983e+01 7.822521209999999314e+01 1.997144470214844034e+02 1.806599156578409020e+06 1.325104470780009080e+02 2.136852879210146909e+02 1.847244110107421875e+02 
1.266665363311767933e+01 1.396665191650390909e+02 7.000000000000000000e+00 3.649942999999999937e-02 9.094603999999999611e-07 8.877315000000000111e+01 1.308741999999999983e+01 7.575421910000000025e+01 1.724427413940430043e+01 3.094704528756068903e+05 4.500000000000000000e+01 2.148135463830197125e+02 1.900787353515625000e+02 
1.499998474121093928e+01 1.256665344238280966e+02 8.000000000000000000e+00 4.098658000000000162e-02 9.409175999999999603e-07 8.232008000000000436e+01 1.199360000000000070e+01 8.082230380000000025e+01 5.368476486206054688e+01 1.260805697047402064e+05 1.534349488229219958e+02 2.160824702212684940e+02 1.981102294921875000e+02 
1.399998569488525035e+01 1.746664886474609091e+02 9.000000000000000000e+00 4.901662000000000206e-03 5.537846999999999759e-07 6.156307000000000329e+01 1.165972999999999971e+01 6.870059200000000033e+01 7.058260345458984375e+01 7.999880470701120430e+03 -1.490362434679265107e+02 2.297900263468424100e+02 2.275590515136719034e+02 
1.033332252502441051e+01 1.363331909179688068e+02 1.000000000000000000e+01 3.018617999999999996e-02 7.758790000000000087e-07 8.277984999999999616e+01 9.282783000000000229e+00 7.321986389999999290e+01 2.752569580078125000e+01 1.364346618048509117e+05 1.165650511770780042e+02 2.075200752787071110e+02 1.867322845458984091e+02 
8.333324432373046875e+00 1.313331909179688068e+02 6.000000000000000000e+00 3.966813999999999930e-03 2.472275000000000080e-07 9.235312999999999306e+01 1.862404000000000082e+01 7.691941070000000025e+01 1.235497474670409979e+01 5.230907845411107992e+05 9.000000000000000000e+01 2.060287357082615074e+02 1.827165374755859091e+02 
1.533331775665283025e+01 1.256665344238280966e+02 7.000000000000000000e+00 3.132892000000000315e-02 7.109201999999999472e-07 8.182334000000000174e+01 1.072052000000000049e+01 8.219826510000000042e+01 3.893009948730468750e+01 6.495685526197050058e+04 1.084349488229219958e+02 2.071388400330835111e+02 1.894094543457030966e+02 
2.433330726623535156e+01 1.596665039062500000e+02 7.000000000000000000e+00 2.263315000000000118e-03 3.539297000000000170e-07 6.360672999999999888e+01 1.502134000000000036e+01 7.077748870000000636e+01 0.000000000000000000e+00 7.011265195218272856e+04 0.000000000000000000e+00 2.163842811584472940e+02 1.987795257568359091e+02 
1.233332061767577947e+01 1.273331985473632955e+02 8.000000000000000000e+00 8.092590999999999674e-03 5.612441000000000116e-07 7.375620000000000687e+01 1.855448000000000164e+01 8.094169619999999554e+01 2.750675582885741832e+01 2.750627701567226904e+05 -6.343494882292200998e+01 2.123840996718988094e+02 1.894094543457030966e+02 
1.866664695739746094e+01 1.509998474121094034e+02 8.000000000000000000e+00 1.347369999999999991e-02 6.815677000000000025e-07 6.937073999999999785e+01 1.150192000000000014e+01 7.660980990000000190e+01 7.780463409423828125e+01 5.041770913227596902e+05 -7.156505117707799002e+01 2.191342646018746052e+02 1.894094543457030966e+02 
4.666661739349365234e+00 1.573331756591796875e+02 8.000000000000000000e+00 1.142689000000000031e-02 5.188122999999999506e-07 8.137268000000000256e+01 1.767070999999999970e+01 8.383147429999999645e+01 1.235497474670409979e+01 3.942346412874865928e+05 9.000000000000000000e+01 2.156070931222704132e+02 1.907480316162109091e+02 
1.766664886474609020e+01 1.343331909179688068e+02 1.000000000000000000e+01 2.861013999999999832e-03 3.068255999999999758e-07 6.697468000000000643e+01 1.345575999999999972e+01 7.476838680000000181e+01 2.354463577270508168e+01 2.632550375095154159e+05 0.000000000000000000e+00 2.116925228745189997e+02 1.907480316162109091e+02 
1.233332061767577947e+01 1.163332138061523011e+02 1.000000000000000000e+01 1.747744999999999854e-02 9.409138000000000460e-07 6.202521999999999736e+01 1.295124999999999993e+01 8.306569670000000372e+01 7.845748901367187500e+01 5.902030450985015341e+04 -5.134019174590991241e+01 2.187365798950195028e+02 1.974409484863280966e+02 
1.099998855590819957e+01 1.636664886474609091e+02 1.000000000000000000e+01 1.258233999999999915e-02 5.637879999999999924e-07 6.222417000000000087e+01 6.991163000000000238e+00 7.845491789999999810e+01 3.642379760742188211e+01 2.426710515552938887e+04 1.800000000000000000e+02 2.246587948269313983e+02 2.034645690917969034e+02 
9.333323478698730469e+00 1.296665344238280966e+02 7.000000000000000000e+00 3.954569000000000140e-02 6.988372000000000368e-07 8.067109000000000663e+01 7.776409000000000127e+00 8.205238339999999653e+01 2.734469604492187855e+01 1.355317381377854908e+05 -1.534349488229219958e+02 2.215822854614258119e+02 1.947637786865234091e+02 
1.766664886474609020e+01 1.559998321533203125e+02 8.000000000000000000e+00 1.988173999999999844e-02 8.699634999999999801e-07 7.481006999999999607e+01 1.215302999999999933e+01 7.302379609999999843e+01 4.304887008666992188e+01 5.267549009112898493e+05 3.369006752597979215e+01 2.180561163738998118e+02 1.927559051513671875e+02 
1.799998092651366832e+01 1.403331909179688068e+02 8.000000000000000000e+00 5.827892000000000315e-03 2.562052999999999867e-07 8.448933999999999855e+01 1.101286999999999949e+01 7.640693659999999454e+01 5.108077621459960938e+01 8.881294634531122574e+04 1.350000000000000000e+02 2.062893696953269114e+02 1.894094543457030966e+02 
1.333331966400145951e+01 1.323331909179688068e+02 9.000000000000000000e+00 2.687287000000000009e-02 6.957764000000000178e-07 7.177724000000000615e+01 7.249750999999999834e+00 7.964154820000000257e+01 3.809992599487304688e+01 2.272843575448491902e+04 1.615650511770780042e+02 2.199212637508616979e+02 2.007873992919921875e+02 
1.499998474121093928e+01 1.223332061767577983e+02 9.000000000000000000e+00 3.165628999999999665e-02 9.169199000000000418e-07 7.707549000000000206e+01 1.272255999999999965e+01 8.199314119999999662e+01 4.927264022827147727e+01 7.563832118634911603e+04 1.403624346792648048e+01 2.230266637969434953e+02 2.081496124267578125e+02 
1.199998760223389027e+01 1.459998474121094034e+02 9.000000000000000000e+00 4.307868000000000114e-02 8.044079000000000466e-07 7.816227999999999554e+01 8.113421000000000660e+00 8.224076839999999322e+01 2.713084983825683949e+01 3.897950077770766075e+04 2.656505117707799002e+01 2.183505312163254075e+02 1.974409484863280966e+02 
1.399998569488525035e+01 1.313331909179688068e+02 9.000000000000000000e+00 8.321950999999999307e-03 3.984694999999999802e-07 8.165511999999999659e+01 1.207980000000000054e+01 7.378343959999999413e+01 2.470994949340819957e+01 4.533399718113012932e+04 9.000000000000000000e+01 2.236220469755284910e+02 1.974409484863280966e+02 
6.666659832000732422e+00 1.379998626708984091e+02 1.000000000000000000e+01 2.708472999999999870e-03 1.716801000000000048e-07 8.706759999999999877e+01 1.669741000000000142e+01 8.230112459999999430e+01 2.758537101745605113e+01 8.188023523481306620e+04 1.165650511770780042e+02 2.150544626871744924e+02 1.934252014160155966e+02 
9.666656494140625000e+00 1.459998474121094034e+02 1.000000000000000000e+01 2.533759000000000011e-02 6.060095999999999898e-07 7.980262999999999352e+01 1.095430999999999955e+01 8.568704219999999339e+01 2.470994949340819957e+01 1.760545021529422957e+04 9.000000000000000000e+01 2.235433079646184069e+02 2.108267669677734091e+02 
1.166665458679199041e+01 1.483331756591796875e+02 7.000000000000000000e+00 3.324598000000000136e-02 5.494123000000000260e-07 8.576443000000000438e+01 9.018592999999999194e+00 8.593636320000000239e+01 8.767313385009765625e+01 5.518801174644049752e+04 1.463099324740202007e+02 2.209967379686308959e+02 2.094881896972655966e+02 
1.966664695739746094e+01 1.473331756591796875e+02 8.000000000000000000e+00 1.838965999999999865e-02 6.855814999999999640e-07 7.200767999999999347e+01 1.087630000000000052e+01 8.003622439999999472e+01 3.699039840698242188e+01 1.267953000605589041e+05 1.615650511770780042e+02 2.125956139077945863e+02 1.974409484863280966e+02 
1.733331489562987926e+01 1.556665039062500000e+02 8.000000000000000000e+00 1.071053999999999930e-02 3.193485000000000223e-07 7.515645999999999560e+01 7.861742999999999704e+00 8.456467440000000124e+01 1.179369354248047053e+01 3.412205031960908673e+04 0.000000000000000000e+00 2.187553006685697028e+02 2.021259918212890909e+02 
1.466665172576903942e+01 1.199998779296875000e+02 8.000000000000000000e+00 1.346640999999999984e-02 4.427998999999999759e-07 7.816375999999999635e+01 8.676876000000000033e+00 7.677957150000000297e+01 1.717078971862792969e+01 1.208481668536090001e+05 4.500000000000000000e+01 2.140114224612057967e+02 1.914173278808594034e+02 
1.133332157135009943e+01 1.416665191650390909e+02 9.000000000000000000e+00 2.285409999999999872e-02 9.491067000000000002e-07 8.336208999999999492e+01 1.776901000000000153e+01 7.640766139999999496e+01 7.159263610839843750e+01 4.225717139541215729e+05 1.209637565320735035e+02 2.135508313999054906e+02 1.853937072753905966e+02 
1.666664886474609020e+01 1.506665039062500000e+02 1.000000000000000000e+01 5.052965000000000408e-03 3.456275999999999814e-07 6.895848999999999762e+01 1.293351000000000006e+01 8.147140500000000429e+01 6.050497055053710938e+01 1.670905154254366062e+05 -1.686900675259797993e+02 2.097569607712152049e+02 1.900787353515625000e+02 
1.499998474121093928e+01 1.436665191650390909e+02 7.000000000000000000e+00 1.215590000000000073e-02 3.149762000000000117e-07 8.327831999999999368e+01 1.010139000000000031e+01 8.672487639999999942e+01 5.083147811889647727e+01 9.692775006796466187e+04 1.040362434679264965e+02 2.138064949349181063e+02 1.961023559570311932e+02 
2.533330726623535156e+01 1.513331756591796875e+02 8.000000000000000000e+00 1.034112000000000009e-03 -1.061103999999999970e-07 6.834766000000000474e+01 1.104646999999999935e+01 8.256085210000000529e+01 1.664312934875487926e+01 9.678941931662427669e+04 4.500000000000000000e+01 2.154689080654046052e+02 2.027952728271484091e+02 
1.466665172576903942e+01 1.233332061767577983e+02 9.000000000000000000e+00 6.566829999999999889e-02 1.488579000000000084e-06 8.370598999999999990e+01 1.367351000000000028e+01 7.766390989999999306e+01 3.585748291015625000e+01 5.180150715935612243e+04 0.000000000000000000e+00 2.137613576253255019e+02 1.994488220214844034e+02 
6.333326816558837891e+00 1.376665191650390909e+02 9.000000000000000000e+00 4.296914000000000289e-02 6.976585000000000264e-07 8.121581000000000472e+01 9.078970999999999236e+00 8.790795900000000529e+01 5.066353607177733664e+01 2.102782586499662139e+05 -1.659637565320734893e+02 2.127824944830560128e+02 1.900787353515625000e+02 
1.333331966400145951e+01 1.306665344238280966e+02 1.000000000000000000e+01 2.721946999999999908e-02 5.609210999999999894e-07 8.360227999999999327e+01 9.013400999999999996e+00 8.160788730000000157e+01 6.002611160278320312e+01 2.818537575894995243e+05 1.800000000000000000e+02 2.139131257839113118e+02 1.927559051513671875e+02 
1.033332252502441051e+01 1.496665039062500000e+02 1.000000000000000000e+01 2.724408000000000038e-02 7.272803000000000144e-07 7.972217999999999449e+01 1.194355999999999973e+01 8.271800989999999842e+01 2.433411026000976918e+01 1.000386748963404971e+05 1.800000000000000000e+02 2.165790603225296138e+02 2.001181030273438068e+02 
1.533331775665283025e+01 1.666664886474609091e+02 1.000000000000000000e+01 9.406842000000000328e-03 5.829847000000000521e-07 7.265711000000000297e+01 1.614018000000000086e+01 7.991868589999999983e+01 2.742423629760741832e+01 1.589217399088740058e+04 1.165650511770780042e+02 2.229855626424154025e+02 2.121653442382811932e+02 
1.599998283386229936e+01 1.556665039062500000e+02 7.000000000000000000e+00 5.616447000000000106e-03 1.474771000000000097e-07 8.541446999999999434e+01 6.037640999999999813e+00 8.217792509999999595e+01 3.562891006469727273e+01 2.244386689046692918e+05 1.800000000000000000e+02 2.173661420934340924e+02 1.914173278808594034e+02 
2.599997329711914062e+01 1.539998321533203125e+02 7.000000000000000000e+00 1.227035999999999925e-02 4.359659000000000088e-07 8.371782000000000323e+01 9.009057000000000315e+00 7.086798860000000388e+01 1.235494232177734020e+01 1.371648880859976925e+05 -9.000000000000000000e+01 2.190934254414326858e+02 2.048031463623046875e+02 
1.099998855590819957e+01 1.436665191650390909e+02 8.000000000000000000e+00 1.036660000000000012e-02 -2.798219999999999761e-07 8.504218000000000188e+01 9.526023000000000351e+00 8.380706790000000694e+01 6.294725418090820312e+01 8.496647775411569455e+04 1.013099324740202007e+02 2.215566813151042140e+02 2.068110198974609091e+02 
1.433331871032715021e+01 1.356665191650390909e+02 9.000000000000000000e+00 2.484547999999999965e-02 3.888281000000000114e-07 8.640837999999999397e+01 7.168908000000000058e+00 8.594309230000000355e+01 2.692488479614258168e+01 1.237171810320249060e+05 -1.534349488229219958e+02 2.138781654604019877e+02 1.961023559570311932e+02 
9.666656494140625000e+00 1.679998321533203125e+02 9.000000000000000000e+00 2.326980000000000021e-02 5.159951999999999670e-07 6.683356000000000563e+01 6.238166999999999796e+00 9.092979429999999752e+01 1.235497474670409979e+01 2.261593250028578041e+05 9.000000000000000000e+01 2.214632952113352076e+02 2.007873992919921875e+02 
8.666657447814941406e+00 1.419998474121094034e+02 9.000000000000000000e+00 6.075889999999999763e-02 1.353601000000000078e-06 7.774054999999999893e+01 1.541655000000000086e+01 8.959618380000000570e+01 9.883985900878906250e+01 1.779223673735707125e+05 9.000000000000000000e+01 2.208814706583968928e+02 2.014566955566405966e+02 
1.699998283386230113e+01 1.473331756591796875e+02 1.000000000000000000e+01 2.033304000000000014e-02 5.760504000000000480e-07 7.662596000000000629e+01 1.022586000000000084e+01 8.307441710000000512e+01 3.891797256469727273e+01 2.761197797863178130e+04 -1.084349488229219958e+02 2.201968507312593033e+02 2.088188934326171875e+02 
1.666664886474609020e+01 1.546665039062500000e+02 1.000000000000000000e+01 1.078195000000000021e-02 6.246223000000000225e-07 5.696077999999999975e+01 9.497083999999999193e+00 8.476742550000000165e+01 3.762515258789061789e+01 1.053085994956405921e+04 -1.615650511770780042e+02 2.262204742431640909e+02 2.201968536376953125e+02 
1.433331871032715021e+01 1.359998626708984091e+02 6.000000000000000000e+00 3.169971000000000160e-03 1.988359000000000024e-07 5.667396999999999707e+01 6.394563999999999915e+00 8.945172119999999438e+01 3.442999267578125000e+01 9.313276887395144513e+03 -1.350000000000000000e+02 2.204836905343192086e+02 2.108267669677734091e+02 
1.233332061767577947e+01 1.329998626708984091e+02 7.000000000000000000e+00 1.176067000000000085e-02 5.638392000000000081e-07 9.093547999999999831e+01 1.735670000000000002e+01 7.210136409999999785e+01 4.974413681030272727e+01 1.865017553308797069e+05 1.403624346792648048e+01 2.233555225399757944e+02 1.961023559570311932e+02 
9.666656494140625000e+00 1.609998321533203125e+02 8.000000000000000000e+00 1.236713000000000048e-02 6.922078000000000423e-07 8.144701000000000590e+01 1.902450999999999937e+01 7.685536960000000306e+01 1.734453201293944957e+01 2.342306871045769949e+05 1.350000000000000000e+02 2.157980983491578115e+02 2.007873992919921875e+02 
1.933331298828125000e+01 1.139998779296875000e+02 8.000000000000000000e+00 4.168956000000000051e-02 1.259712999999999919e-06 8.294948999999999728e+01 1.400727000000000011e+01 7.390766139999999496e+01 2.326857948303223012e+01 7.772611941066303189e+03 1.800000000000000000e+02 2.259973754882811932e+02 2.175196838378905966e+02 
1.299998664855957031e+01 1.313331909179688068e+02 8.000000000000000000e+00 9.200674000000000699e-03 6.579353000000000244e-07 9.677871000000000379e+01 1.909693000000000040e+01 6.021452709999999797e+01 1.235497474670409979e+01 2.528000041223498993e+05 9.000000000000000000e+01 2.177286183190724103e+02 1.920866088867188068e+02 
7.333325862884520596e+00 1.586665039062500000e+02 1.000000000000000000e+01 2.519779999999999937e-02 1.268516000000000028e-06 7.098148999999999376e+01 1.569365999999999950e+01 7.614005280000000653e+01 6.644081878662109375e+01 4.359968488596894167e+04 1.118014094863518011e+02 2.215563502311707111e+02 2.081496124267578125e+02 
8.333324432373046875e+00 1.179998779296875000e+02 1.000000000000000000e+01 6.331261000000000527e-02 8.971605000000000350e-07 9.014737999999999829e+01 1.155827000000000027e+01 8.621560669999999504e+01 2.740268707275390980e+01 3.598469406423859182e+05 -1.534349488229219958e+02 2.185880272631374908e+02 1.961023559570311932e+02 
1.899998092651366832e+01 1.173332138061523011e+02 7.000000000000000000e+00 2.033344999999999944e-02 3.486705000000000251e-07 8.608996999999999389e+01 8.160519000000000744e+00 8.845663450000000694e+01 1.168164730072020951e+01 1.285842114017387939e+05 0.000000000000000000e+00 2.189123533614958035e+02 1.987795257568359091e+02 
1.033332252502441051e+01 1.273331985473632955e+02 8.000000000000000000e+00 2.354966000000000004e-02 3.137792999999999965e-07 9.451802000000000703e+01 7.595989999999999576e+00 8.733304599999999596e+01 2.753186988830566051e+01 5.273376705165705789e+04 6.343494882292200998e+01 2.228225324581831046e+02 2.001181030273438068e+02 
1.699998283386230113e+01 1.283332061767578125e+02 8.000000000000000000e+00 7.034620000000000109e-03 3.383123999999999874e-07 6.429722999999999900e+01 8.076330000000000453e+00 8.414672090000000537e+01 7.114050292968750000e+01 1.116716637866814999e+05 5.903624346792648225e+01 2.164881902358110892e+02 1.981102294921875000e+02 
1.033332252502441051e+01 1.436665191650390909e+02 1.000000000000000000e+01 3.313602999999999688e-02 7.474160999999999928e-07 7.181835999999999842e+01 1.014883999999999986e+01 9.133800510000000372e+01 3.466284942626953125e+01 3.159467582736226032e+05 1.350000000000000000e+02 2.172794281397110012e+02 1.914173278808594034e+02 
9.999989509582519531e+00 1.379998626708984091e+02 1.000000000000000000e+01 2.302361000000000164e-03 1.989868999999999883e-07 7.464822999999999809e+01 1.634681000000000139e+01 8.372325899999999876e+01 6.198399734497070312e+01 2.135727301048735098e+05 -1.130993247402020963e+01 2.217980684690838018e+02 1.920866088867188068e+02 
2.766663742065430043e+01 1.393331909179688068e+02 8.000000000000000000e+00 1.350967999999999917e-03 -1.636116000000000011e-07 7.383816000000000201e+01 1.234530999999999956e+01 7.001956180000000529e+01 0.000000000000000000e+00 1.944863831317261065e+04 0.000000000000000000e+00 2.263041353225708008e+02 2.195275573730469034e+02 
1.633331680297851918e+01 1.339998626708984091e+02 1.000000000000000000e+01 2.702718000000000134e-02 4.470732000000000067e-07 7.626913000000000409e+01 5.612476000000000020e+00 8.765528109999999629e+01 2.679173851013183949e+01 9.623993078806348785e+04 -1.534349488229219958e+02 2.175838654400550922e+02 2.021259918212890909e+02 
1.366665267944335938e+01 1.163332138061523011e+02 7.000000000000000000e+00 4.350238000000000022e-02 8.527235999999999582e-07 9.461171000000000220e+01 1.555489000000000033e+01 8.327973939999999686e+01 1.200544071197509943e+01 5.334892705830851337e+05 0.000000000000000000e+00 2.141531504058837925e+02 1.927559051513671875e+02 
1.366665267944335938e+01 1.226665420532226989e+02 7.000000000000000000e+00 4.368518000000000054e-03 1.866907000000000109e-07 9.341828999999999894e+01 1.266973999999999911e+01 7.735418699999999603e+01 1.720913696289062145e+01 8.643939787111780606e+05 1.350000000000000000e+02 2.188820247650145916e+02 1.920866088867188068e+02 
2.266664314270019887e+01 1.566665039062500000e+02 7.000000000000000000e+00 3.330883000000000194e-03 5.654756000000000320e-07 5.110676000000000130e+01 1.069754999999999967e+01 6.985249330000000612e+01 2.723604965209960938e+01 9.892105252572898462e+04 -1.165650511770780042e+02 2.199051095033302943e+02 1.967716522216796875e+02 
2.133331108093262074e+01 1.156665496826172017e+02 8.000000000000000000e+00 1.219336000000000031e-02 4.320671999999999847e-07 9.249405000000000143e+01 1.231573000000000029e+01 7.155288699999999835e+01 3.380413818359375000e+01 4.477566519922311272e+04 -1.350000000000000000e+02 2.159707550048827898e+02 1.974409484863280966e+02 
1.366665267944335938e+01 1.589998321533203125e+02 8.000000000000000000e+00 1.522805999999999986e-02 6.169818000000000277e-07 6.978443000000000040e+01 1.121611000000000047e+01 8.263524630000000570e+01 4.961724853515625000e+01 5.335831715321342017e+03 -1.659637565320734893e+02 2.302362213134765909e+02 2.268897705078125000e+02 
1.999997901916503906e+01 1.489998474121094034e+02 1.000000000000000000e+01 4.910503000000000090e-03 5.113703999999999744e-07 6.733014000000000010e+01 1.699026999999999887e+01 7.574213410000000124e+01 1.161062145233153942e+01 8.386934332726725552e+04 1.800000000000000000e+02 2.118152644230769113e+02 1.927559051513671875e+02 
8.666657447814941406e+00 1.379998626708984091e+02 1.000000000000000000e+01 2.512970999999999955e-02 5.161329000000000411e-07 9.045425000000000182e+01 1.092118999999999929e+01 8.160405729999999380e+01 1.221368312835693004e+01 1.371188060136211861e+05 1.800000000000000000e+02 2.176058322415493080e+02 1.940944824218750000e+02 
1.133332157135009943e+01 1.403331909179688068e+02 6.000000000000000000e+00 2.362977000000000133e-02 5.275871000000000431e-07 8.989417000000000257e+01 1.251824000000000048e+01 8.356649020000000405e+01 1.212776184082031072e+01 4.282207246172503801e+05 1.800000000000000000e+02 2.151035020936209889e+02 1.907480316162109091e+02 
2.199997711181640980e+01 1.509998474121094034e+02 7.000000000000000000e+00 1.142022000000000002e-02 2.960211999999999852e-07 7.195493000000000450e+01 6.610879999999999868e+00 8.929612729999999488e+01 2.291071128845214844e+01 6.365815760893421611e+03 0.000000000000000000e+00 2.208661407470702898e+02 2.068110198974609091e+02 
1.933331298828125000e+01 1.293331909179688068e+02 7.000000000000000000e+00 2.291661000000000045e-02 4.451103000000000229e-07 8.004755000000000109e+01 7.380969000000000335e+00 8.509792330000000504e+01 4.828768157958983664e+01 2.824445805648668902e+05 -1.659637565320734893e+02 2.164543466130527918e+02 1.934252014160155966e+02 
8.999990463256835938e+00 1.536665039062500000e+02 8.000000000000000000e+00 5.673022999999999955e-02 8.748858000000000321e-07 7.998946999999999719e+01 9.097913999999999390e+00 8.749602509999999711e+01 0.000000000000000000e+00 3.527217081270964263e+04 0.000000000000000000e+00 2.184463970477764008e+02 1.947637786865234091e+02 
1.766664886474609020e+01 1.566665039062500000e+02 9.000000000000000000e+00 9.651800999999999783e-03 3.640774000000000067e-07 7.614771000000000356e+01 9.144211999999999563e+00 7.907552339999999447e+01 2.736176681518555043e+01 9.423063682437212265e+04 1.165650511770780042e+02 2.152236453162298915e+02 1.940944824218750000e+02 
1.999997901916503906e+01 1.229998703002929972e+02 9.000000000000000000e+00 1.128299999999999963e-02 5.292021000000000480e-07 8.184771999999999537e+01 1.691838999999999871e+01 8.067858889999999406e+01 2.632332229614258168e+01 1.418660348461043031e+04 -2.656505117707799002e+01 2.164853279807350930e+02 2.041338653564453125e+02 
2.033331298828125000e+01 1.393331909179688068e+02 9.000000000000000000e+00 3.692777999999999859e-03 2.452939999999999994e-07 6.939887000000000228e+01 1.089553000000000083e+01 8.135022739999999430e+01 2.623667716979980113e+01 3.991316652353300015e+04 2.656505117707799002e+01 2.154902215773059879e+02 1.981102294921875000e+02 
1.499998474121093928e+01 1.683331604003905966e+02 9.000000000000000000e+00 1.059529000000000026e-02 4.625981000000000162e-07 7.670959000000000572e+01 1.330231000000000030e+01 8.189424900000000207e+01 2.386803245544433949e+01 2.108342595428464119e+05 1.800000000000000000e+02 2.161642654706847111e+02 1.967716522216796875e+02 
2.066664505004883168e+01 1.263331985473632955e+02 9.000000000000000000e+00 2.842708000000000040e-02 6.434121000000000099e-07 8.096464000000000283e+01 1.042454999999999998e+01 8.372859950000000140e+01 2.470994949340819957e+01 1.299393003814033000e+05 -9.000000000000000000e+01 2.098592817854172949e+02 1.920866088867188068e+02 
1.699998283386230113e+01 1.289998626708984091e+02 1.000000000000000000e+01 2.707342000000000082e-02 9.169419000000000139e-07 8.086462000000000216e+01 1.698629000000000033e+01 8.319203950000000702e+01 1.179417610168457031e+01 1.005953324442547979e+06 1.800000000000000000e+02 2.148573742859045979e+02 1.894094543457030966e+02 
6.666659832000732422e+00 1.573331756591796875e+02 1.000000000000000000e+01 5.602006000000000346e-02 8.815297000000000033e-07 9.167932000000000414e+01 1.327590000000000003e+01 8.640993500000000438e+01 2.758941268920898082e+01 5.169268528704076889e+05 -6.343494882292200998e+01 2.110051323883137115e+02 1.914173278808594034e+02 
1.033332252502441051e+01 1.603331604003905966e+02 7.000000000000000000e+00 3.417604999999999948e-02 6.804546000000000453e-07 8.775607999999999720e+01 1.031406999999999918e+01 7.958473970000000008e+01 2.725667953491210938e+01 3.604339838530428242e+05 1.534349488229219958e+02 2.110649104314796887e+02 1.860629882812500000e+02 
7.999991416931152344e+00 1.609998321533203125e+02 8.000000000000000000e+00 7.244821999999999373e-02 1.260459999999999999e-06 9.143756000000000483e+01 1.450453000000000081e+01 8.169316860000000702e+01 6.243338775634766336e+01 5.571523107044287026e+05 -1.130993247402020963e+01 2.079716727652200916e+02 1.807086639404296875e+02 
1.499998474121093928e+01 1.659998321533203125e+02 8.000000000000000000e+00 3.895694000000000240e-02 1.004094999999999913e-06 8.590582000000000562e+01 1.599918000000000085e+01 8.241243740000000173e+01 2.743299865722655895e+01 2.880210698842210113e+05 1.165650511770780042e+02 2.088497409381074874e+02 1.867322845458984091e+02 
1.366665267944335938e+01 1.613331604003905966e+02 9.000000000000000000e+00 2.645853000000000094e-02 7.170844000000000389e-07 6.328963000000000250e+01 6.611143000000000214e+00 8.631214900000000512e+01 2.698744201660155895e+01 2.575860598352169909e+05 -1.534349488229219958e+02 2.118081684804332951e+02 1.900787353515625000e+02 
1.666664886474609020e+01 1.646664886474609091e+02 1.000000000000000000e+01 1.759203999999999976e-02 5.821109000000000512e-07 8.546021000000000356e+01 1.082281000000000049e+01 7.198900600000000338e+01 2.367240905761719105e+01 3.260637978416443220e+05 1.800000000000000000e+02 2.177814658995596915e+02 1.974409484863280966e+02 
8.666657447814941406e+00 1.366665191650390909e+02 6.000000000000000000e+00 4.867170999999999997e-02 1.119848999999999932e-06 8.086991999999999337e+01 1.459951000000000043e+01 8.604872890000000041e+01 2.440579223632812145e+01 3.054629996252655983e+05 1.800000000000000000e+02 2.152857408311631957e+02 1.880708618164061932e+02 
1.166665458679199041e+01 1.389998474121094034e+02 7.000000000000000000e+00 4.299200000000000417e-03 1.909133000000000132e-07 8.028650000000000375e+01 8.631835000000000591e+00 7.767961119999999653e+01 5.003322601318358664e+01 7.670885286273165548e+04 -1.659637565320734893e+02 2.165920718009012091e+02 1.907480316162109091e+02 
1.499998474121093928e+01 1.259998703002929972e+02 7.000000000000000000e+00 1.068932000000000042e-02 3.001227000000000170e-07 8.301161000000000456e+01 9.509451999999999572e+00 8.370664220000000455e+01 3.790029907226561789e+01 5.303813956854419303e+03 -1.843494882292200998e+01 2.114960594177246094e+02 1.981102294921875000e+02 
1.866664695739746094e+01 1.399998474121094034e+02 8.000000000000000000e+00 2.013016000000000111e-02 3.683558000000000088e-07 8.504937999999999931e+01 6.723708000000000240e+00 8.218020629999999471e+01 1.235494232177734020e+01 5.988513723280445265e+04 -9.000000000000000000e+01 2.160501553079355972e+02 1.974409484863280966e+02 
9.333323478698730469e+00 1.543331756591796875e+02 9.000000000000000000e+00 1.397256000000000019e-02 4.472171000000000190e-07 8.132259000000000526e+01 1.438630000000000031e+01 8.880831150000000207e+01 1.736154365539551137e+01 8.132420832536112357e+03 -1.350000000000000000e+02 2.282283477783203125e+02 2.222047271728515909e+02 
1.533331775665283025e+01 1.436665191650390909e+02 9.000000000000000000e+00 4.882146999999999876e-02 9.874813000000000029e-07 8.125848000000000582e+01 1.365872000000000064e+01 8.894728849999999909e+01 2.679130744934082031e+01 3.136972071344887954e+05 2.656505117707799002e+01 2.119930902794947087e+02 1.914173278808594034e+02 
1.766664886474609020e+01 1.449998474121094034e+02 1.000000000000000000e+01 8.163033000000000095e-02 1.056771000000000033e-06 8.984769000000000005e+01 9.667920000000000513e+00 8.160063929999999743e+01 2.656950187683105113e+01 5.236064222865500051e+04 1.534349488229219958e+02 2.210334671020507926e+02 2.074803161621094034e+02 
1.199998760223389027e+01 1.349998626708984091e+02 1.000000000000000000e+01 2.999363000000000029e-02 7.270670999999999738e-07 8.130222000000000548e+01 1.062909999999999933e+01 8.038498690000000124e+01 1.208477210998534979e+01 2.983239836301815230e+05 1.800000000000000000e+02 2.158946945602828862e+02 1.934252014160155966e+02 
1.199998760223389027e+01 1.176665420532226989e+02 6.000000000000000000e+00 1.093175000000000049e-02 3.768582999999999753e-07 8.678489999999999327e+01 1.456040999999999919e+01 8.393088529999999992e+01 1.206962299346924006e+01 8.507442623306569876e+05 0.000000000000000000e+00 2.145606585000215887e+02 1.907480316162109091e+02 
7.999991416931152344e+00 1.353331909179688068e+02 6.000000000000000000e+00 5.480187000000000253e-02 7.671326999999999617e-07 9.435761999999999716e+01 1.105484000000000044e+01 8.356458279999999661e+01 2.756856536865234020e+01 7.209158893929322949e+04 1.165650511770780042e+02 2.213965255449402889e+02 2.088188934326171875e+02 
1.866664695739746094e+01 1.373331909179688068e+02 7.000000000000000000e+00 4.263005000000000022e-06 -1.434551000000000085e-09 7.997459000000000628e+01 6.477255000000000429e+00 8.265197750000000099e+01 1.701114082336426137e+01 1.365809021704703919e+05 -1.350000000000000000e+02 2.159325093587239905e+02 1.967716522216796875e+02 
2.533330726623535156e+01 1.519998474121094034e+02 7.000000000000000000e+00 2.494745000000000035e-03 1.833518999999999942e-07 8.209296999999999400e+01 1.792610000000000170e+01 8.468405909999999892e+01 1.519507141113280966e+02 6.202098760877661698e+04 -6.138954033403479116e+01 2.204377969360351983e+02 2.068110198974609091e+02 
1.599998283386229936e+01 1.653331604003905966e+02 8.000000000000000000e+00 1.708845000000000156e-02 4.630791999999999979e-07 9.383783999999999992e+01 8.782645000000000479e+00 6.796225739999999860e+01 4.407448959350585938e+01 2.177994976260474941e+05 -1.236900675259797993e+02 2.098208074396306984e+02 1.880708618164061932e+02 
1.299998664855957031e+01 1.423331909179688068e+02 8.000000000000000000e+00 5.406767999999999991e-02 1.230224999999999940e-06 9.517793000000000347e+01 1.859093999999999980e+01 7.986154940000000124e+01 1.724461746215819957e+01 5.087886423254250985e+04 1.350000000000000000e+02 2.130460016350997137e+02 1.947637786865234091e+02 
1.066665554046631037e+01 1.676664886474609091e+02 8.000000000000000000e+00 3.416799000000000225e-02 1.024731999999999941e-06 8.597083999999999548e+01 1.444843999999999973e+01 7.489491270000000611e+01 6.936065673828125000e+01 1.498698699897709012e+05 -1.350000000000000000e+02 2.149631130459071926e+02 1.954330749511719034e+02 
1.699998283386230113e+01 1.333331909179688068e+02 1.000000000000000000e+01 1.436828000000000063e-02 7.614226999999999986e-07 6.342978999999999701e+01 1.047138999999999953e+01 7.837815089999999429e+01 2.737087440490723012e+01 9.191619111773959958e+03 1.165650511770780042e+02 2.236389203752790138e+02 2.054724426269530966e+02 
7.999991416931152344e+00 1.643331604003905966e+02 1.000000000000000000e+01 4.679466000000000181e-02 8.560232000000000257e-07 9.322269000000000005e+01 1.442769000000000013e+01 8.387335969999999463e+01 5.512709808349608664e+01 3.508844020748491166e+05 1.165650511770780042e+02 2.130681206163509955e+02 1.874015808105469034e+02 
2.199997711181640980e+01 1.546665039062500000e+02 8.000000000000000000e+00 1.841954000000000031e-03 8.822333999999999780e-08 7.969468999999999426e+01 6.506958000000000020e+00 8.005427550000000281e+01 2.470988464355469105e+01 3.436193604573293851e+04 -9.000000000000000000e+01 2.229483817771628935e+02 1.994488220214844034e+02 
1.999997901916503906e+01 1.433331909179688068e+02 8.000000000000000000e+00 9.505091999999999708e-03 2.384543000000000020e-07 8.856493000000000393e+01 8.235044000000000253e+00 8.091461940000000652e+01 0.000000000000000000e+00 1.045268014529077045e+05 0.000000000000000000e+00 2.059516861527054061e+02 1.914173278808594034e+02 
1.466665172576903942e+01 1.143332138061523011e+02 9.000000000000000000e+00 5.493622000000000088e-02 1.705120999999999933e-06 9.362031000000000347e+01 2.059846999999999895e+01 7.253926090000000215e+01 2.470994949340819957e+01 4.104513982669446850e+05 -9.000000000000000000e+01 2.116238579117365077e+02 1.894094543457030966e+02 
1.399998569488525035e+01 1.313331909179688068e+02 9.000000000000000000e+00 4.636370000000000074e-02 9.988450999999999872e-07 8.673524000000000456e+01 1.318656999999999968e+01 8.035393519999999512e+01 7.303175354003906250e+01 4.397692833174429252e+05 -1.705376777919744029e+02 2.107720122828627893e+02 1.894094543457030966e+02 
1.733331489562987926e+01 1.439998474121094034e+02 9.000000000000000000e+00 3.469259000000000231e-02 6.658025999999999483e-07 7.841007000000000460e+01 6.741336000000000439e+00 7.954796600000000240e+01 1.707292747497558949e+01 1.312352765438318056e+04 4.500000000000000000e+01 2.167834640502929915e+02 2.068110198974609091e+02 
2.199997711181640980e+01 1.399998474121094034e+02 1.000000000000000000e+01 9.001897000000000024e-03 7.048611000000000462e-07 7.305338999999999317e+01 1.630480000000000018e+01 7.153367609999999388e+01 3.706502151489257812e+01 5.605009250784449250e+04 9.000000000000000000e+01 2.198774174776943937e+02 2.027952728271484091e+02 
9.666656494140625000e+00 1.313331909179688068e+02 6.000000000000000000e+00 2.665510999999999922e-02 5.659196000000000060e-07 8.974908999999999537e+01 1.247119000000000000e+01 8.401138310000000331e+01 6.566217041015625000e+01 3.152924440928816912e+05 1.581985905136482131e+02 2.132999911983636991e+02 1.914173278808594034e+02 
8.333324432373046875e+00 1.473331756591796875e+02 7.000000000000000000e+00 3.438961000000000101e-02 8.097711999999999898e-07 7.725535999999999603e+01 9.100680000000000547e+00 7.970150759999999934e+01 7.328351593017578125e+01 2.038743160673862076e+04 0.000000000000000000e+00 2.238556447347004905e+02 2.081496124267578125e+02 
7.333325862884520596e+00 1.493331756591796875e+02 8.000000000000000000e+00 3.783580999999999750e-02 8.652102999999999796e-07 9.691608999999999696e+01 1.357709000000000010e+01 7.301393889999999942e+01 2.470994949340819957e+01 2.097437505170537916e+05 9.000000000000000000e+01 2.118698240007672950e+02 1.894094543457030966e+02 
1.933331298828125000e+01 1.343331909179688068e+02 8.000000000000000000e+00 9.048377000000000460e-04 -8.186739999999999628e-08 7.763315000000000055e+01 9.181298999999999211e+00 7.440022279999999455e+01 1.165804862976074041e+01 1.334718908931445912e+05 0.000000000000000000e+00 2.060832504716892117e+02 1.867322845458984091e+02 
1.499998474121093928e+01 1.389998474121094034e+02 9.000000000000000000e+00 5.426981000000000166e-02 6.255860999999999666e-07 7.970386999999999489e+01 4.997040000000000148e+00 8.708998870000000636e+01 1.235500621795653942e+01 8.883614925531829067e+04 -9.000000000000000000e+01 2.213456350298069992e+02 2.001181030273438068e+02 
1.766664886474609020e+01 1.569998321533203125e+02 9.000000000000000000e+00 1.865081000000000030e-02 4.229825000000000092e-07 8.825884000000000640e+01 9.804565999999999448e+00 8.064140319999999917e+01 0.000000000000000000e+00 3.843943008752727765e+05 0.000000000000000000e+00 2.095906323802713871e+02 1.887401580810546875e+02 
1.966664695739746094e+01 1.559998321533203125e+02 7.000000000000000000e+00 8.922671999999999548e-03 -2.461215000000000245e-07 8.282765999999999451e+01 8.605275000000000674e+00 8.450976559999999438e+01 2.470994949340819957e+01 1.603263421350344142e+05 -9.000000000000000000e+01 2.194250076047835876e+02 1.954330749511719034e+02 
1.599998283386229936e+01 1.389998474121094034e+02 8.000000000000000000e+00 5.153849000000000277e-03 1.099442000000000059e-07 9.624830000000000041e+01 6.800455999999999612e+00 8.466035460000000512e+01 1.187615013122558949e+01 2.969834585429803119e+05 1.800000000000000000e+02 2.082923889160155966e+02 1.880708618164061932e+02 
1.866664695739746094e+01 1.356665191650390909e+02 8.000000000000000000e+00 5.404990000000000142e-03 3.208338000000000151e-07 8.380665999999999372e+01 1.660185999999999851e+01 7.855775450000000149e+01 0.000000000000000000e+00 3.769754277740623220e+05 0.000000000000000000e+00 2.189367381654936935e+02 1.900787353515625000e+02 
2.166664314270019887e+01 1.643331604003905966e+02 9.000000000000000000e+00 2.623287000000000188e-03 -1.002527999999999936e-07 9.235007000000000232e+01 6.411872999999999934e+00 7.263343810000000644e+01 5.196353149414061789e+01 2.717803533871002146e+05 1.534349488229219958e+02 2.181544129993993977e+02 1.940944824218750000e+02 
1.799998092651366832e+01 1.409998474121094034e+02 9.000000000000000000e+00 3.293116000000000099e-02 4.103387000000000029e-07 9.139780000000000371e+01 6.739673999999999943e+00 8.542691039999999703e+01 1.707326126098633168e+01 3.667875187980959890e+05 1.350000000000000000e+02 2.159381579198870895e+02 1.894094543457030966e+02 
1.599998283386229936e+01 1.479998474121094034e+02 1.000000000000000000e+01 7.711947000000000246e-03 4.226368000000000169e-07 5.328141999999999712e+01 6.643339000000000105e+00 8.865915680000000521e+01 2.740707397460937855e+01 6.342828674320033315e+04 6.343494882292200998e+01 2.164599749247232978e+02 1.947637786865234091e+02 
1.633331680297851918e+01 1.379998626708984091e+02 1.000000000000000000e+01 4.506512000000000018e-02 9.231700999999999664e-07 8.631431999999999505e+01 1.235243000000000002e+01 8.119096369999999752e+01 3.890554046630858664e+01 3.962288506186737795e+05 7.156505117707799002e+01 2.097994878521789133e+02 1.813779602050780966e+02 
2.466664123535155895e+01 1.506665039062500000e+02 8.000000000000000000e+00 1.820576999999999984e-06 1.054349000000000078e-09 8.557004000000000588e+01 7.441946999999999868e+00 7.047804259999999488e+01 3.368304061889647727e+01 5.273878886343565537e+05 0.000000000000000000e+00 2.161083199070419028e+02 1.920866088867188068e+02 
2.099997901916503906e+01 1.366665191650390909e+02 8.000000000000000000e+00 1.300369000000000004e-02 3.833147000000000118e-07 8.723739000000000487e+01 8.502940999999999860e+00 7.262793729999999925e+01 2.470994949340819957e+01 5.461460288230043370e+05 -9.000000000000000000e+01 2.143224844059473924e+02 1.914173278808594034e+02 
1.433331871032715021e+01 1.426665191650390909e+02 8.000000000000000000e+00 3.874687000000000270e-02 7.392847000000000422e-07 8.343635999999999342e+01 1.166085999999999956e+01 8.739826970000000017e+01 3.591098403930664062e+01 5.371816326966438210e+05 1.800000000000000000e+02 2.124420181123336988e+02 1.880708618164061932e+02 
1.499998474121093928e+01 1.293331909179688068e+02 9.000000000000000000e+00 3.487863000000000074e-02 5.631781000000000341e-07 8.991716999999999871e+01 1.004340999999999973e+01 8.519290920000000256e+01 2.390434646606444957e+01 3.247457465938535752e+05 1.800000000000000000e+02 2.133837380545479903e+02 1.840551147460938068e+02 
1.166665458679199041e+01 1.403331909179688068e+02 9.000000000000000000e+00 6.019204000000000221e-02 1.039643999999999909e-06 8.132356000000000051e+01 1.164728000000000030e+01 8.753691860000000702e+01 7.091827392578125000e+01 2.556037507017946045e+05 3.096375653207352130e+01 2.130037305329975084e+02 1.894094543457030966e+02 
