9.999989509582519531e+00 2.606663818359375000e+02 8.000000000000000000e+00 3.416574999999999820e-03 3.748967999999999878e-07 6.960639999999999361e+01 1.345142000000000060e+01 6.904084009999999694e+01 7.115496826171875000e+01 2.259265639447424037e+05 1.490362434679265107e+02 2.286331286401805869e+02 2.175196838378905966e+02 
1.333331966400145951e+01 3.376663208007811932e+02 9.000000000000000000e+00 3.321973000000000287e-02 6.972440999999999588e-07 8.689879999999999427e+01 7.551447999999999716e+00 7.134592440000000124e+01 2.704757118225098012e+01 7.621719723012398754e+04 -1.534349488229219958e+02 2.140792945727966980e+02 1.934252014160155966e+02 
1.266665363311767933e+01 2.619997253417968750e+02 8.000000000000000000e+00 3.368401999999999941e-03 3.470548000000000221e-07 7.028031000000000006e+01 1.331124999999999936e+01 7.045098110000000702e+01 1.036295166015625000e+02 2.677389430307102157e+05 -1.350000000000000000e+02 2.197082691192626953e+02 1.927559051513671875e+02 
7.333325862884520596e+00 2.726663818359375000e+02 8.000000000000000000e+00 1.554582000000000012e-02 5.495872999999999862e-07 8.224268999999999608e+01 9.438050999999999746e+00 7.056544490000000280e+01 3.478960418701171875e+01 5.448206293215031110e+03 4.500000000000000000e+01 2.310728340148926065e+02 2.295669250488280966e+02 
2.966663551330566051e+01 2.983330078125000000e+02 9.000000000000000000e+00 7.398102000000000150e-03 4.431549999999999736e-07 8.017950000000000443e+01 1.429176999999999964e+01 7.301405330000000049e+01 2.695550727844237926e+01 3.346682522674523352e+04 -6.343494882292200998e+01 2.169699118477957995e+02 1.994488220214844034e+02 
2.899996948242187855e+01 3.059996948242188068e+02 7.000000000000000000e+00 9.287145999999999596e-04 -1.255098000000000060e-07 5.947377000000000180e+01 7.718194000000000443e+00 7.504310610000000281e+01 1.080615234375000000e+01 4.326128679784036649e+04 1.800000000000000000e+02 2.196391092936198106e+02 2.081496124267578125e+02 
1.766664886474609020e+01 2.723330383300781250e+02 8.000000000000000000e+00 3.229665999999999960e-03 1.857987999999999974e-07 8.149535000000000196e+01 1.084029999999999916e+01 7.598635099999999909e+01 2.470994949340819957e+01 2.488534000356036995e+04 9.000000000000000000e+01 2.233319533498664100e+02 2.114960632324219034e+02 
9.666656494140625000e+00 2.643330688476561932e+02 7.000000000000000000e+00 6.171748000000000338e-03 5.481104000000000242e-07 5.736486000000000018e+01 1.010769999999999946e+01 7.615511320000000239e+01 2.435965919494628906e+01 1.083297684010912053e+04 1.800000000000000000e+02 2.284793300628662109e+02 2.201968536376953125e+02 
8.333324432373046875e+00 3.349996643066406250e+02 8.000000000000000000e+00 5.666952000000000491e-04 -1.183180000000000011e-07 7.169453000000000031e+01 1.610549999999999926e+01 7.041434479999999496e+01 5.510717773437500000e+01 1.874783126170058094e+05 1.165650511770780042e+02 2.193384129620980900e+02 1.987795257568359091e+02 
1.166665458679199041e+01 2.669997253417968750e+02 7.000000000000000000e+00 3.112405000000000033e-02 5.917013000000000416e-07 9.124150000000000205e+01 1.086153000000000013e+01 8.098796839999999975e+01 2.470994949340819957e+01 1.695209513180076901e+05 -9.000000000000000000e+01 2.207120997111003078e+02 2.021259918212890909e+02 
1.266665363311767933e+01 3.373329772949218750e+02 8.000000000000000000e+00 1.536022000000000082e-02 6.780582000000000067e-07 8.671850999999999487e+01 1.288050999999999924e+01 6.690096280000000206e+01 2.411010551452637074e+01 7.370976197236269945e+04 1.800000000000000000e+02 2.148303516734729897e+02 1.981102294921875000e+02 
1.466665172576903942e+01 2.663330688476561932e+02 7.000000000000000000e+00 8.308295000000000263e-03 3.735542999999999875e-07 7.241003000000000611e+01 1.106966000000000072e+01 8.324691009999999380e+01 2.695610427856444957e+01 4.787397793096835085e+04 -2.656505117707799002e+01 2.153630803426106866e+02 1.927559051513671875e+02 
6.666659832000732422e+00 2.693330383300781250e+02 1.000000000000000000e+01 1.514130999999999984e-02 7.439088999999999758e-07 8.224869999999999948e+01 1.084674000000000049e+01 6.298817059999999657e+01 1.235497474670409979e+01 1.364027312837240970e+04 9.000000000000000000e+01 2.251496063232422102e+02 2.121653442382811932e+02 
9.999989509582519531e+00 2.623330688476561932e+02 1.000000000000000000e+01 8.636371000000000325e-03 5.298264999999999831e-07 8.758926999999999907e+01 1.539178000000000068e+01 6.629124450000000479e+01 1.734488296508789062e+01 1.218172952253846961e+04 -1.350000000000000000e+02 2.255511847601995896e+02 2.128346557617188068e+02 
2.466664123535155895e+01 2.933330383300781250e+02 7.000000000000000000e+00 7.619912000000000000e-06 6.333573999999999702e-09 8.178951000000000704e+01 2.437959000000000032e+01 7.621897889999999620e+01 0.000000000000000000e+00 5.247417692685192014e+04 0.000000000000000000e+00 2.260611198061988887e+02 2.148425292968750000e+02 
2.166664314270019887e+01 3.176663208007811932e+02 9.000000000000000000e+00 3.671802000000000052e-04 8.491693000000000281e-08 8.054124000000000194e+01 1.800779999999999959e+01 6.709626009999999496e+01 1.150773048400879084e+01 2.002250635457203025e+05 1.800000000000000000e+02 2.181591365352558114e+02 1.954330749511719034e+02 
1.699998283386230113e+01 3.043330078125000000e+02 8.000000000000000000e+00 2.008267999999999859e-02 8.021911999999999709e-07 8.020637999999999579e+01 1.421978999999999971e+01 7.552793880000000115e+01 1.708728790283203125e+01 3.546631545778796863e+04 1.350000000000000000e+02 2.110746567337600936e+02 1.961023559570311932e+02 
