1.433331871032715021e+01 2.636663818359375000e+02 6.000000000000000000e+00 6.477613000000000121e-03 2.056965999999999971e-07 7.516804000000000485e+01 6.696517000000000053e+00 8.517462159999999471e+01 1.195168590545653942e+01 2.261077263673766865e+05 1.800000000000000000e+02 2.207401593376609128e+02 1.974409484863280966e+02 
2.733330535888671875e+01 2.996663513183593750e+02 7.000000000000000000e+00 1.701423000000000085e-03 1.953580999999999870e-07 5.707166000000000139e+01 7.187063000000000201e+00 7.515715790000000140e+01 2.527437400817871094e+01 1.929314483351430099e+05 -1.534349488229219958e+02 2.196546407772015925e+02 2.061417388916015909e+02 
9.666656494140625000e+00 2.633330688476561932e+02 8.000000000000000000e+00 1.019253999999999993e-02 6.070856000000000452e-07 6.893726999999999805e+01 9.637295999999999196e+00 7.006012730000000488e+01 2.730370330810546875e+01 6.768790975027629429e+03 1.534349488229219958e+02 2.231417358398437898e+02 2.215354309082030966e+02 
1.466665172576903942e+01 2.603330688476561932e+02 8.000000000000000000e+00 7.955440999999999511e-04 6.436019999999999950e-08 8.563912000000000546e+01 1.235762000000000072e+01 8.070967860000000371e+01 2.390532493591308949e+01 1.675555155526614981e+05 1.800000000000000000e+02 2.080486820765904099e+02 1.927559051513671875e+02 
1.566665077209473012e+01 2.609997253417968750e+02 8.000000000000000000e+00 5.011234999999999735e-04 3.573274999999999947e-08 8.900763999999999498e+01 9.612821999999999534e+00 8.186832429999999761e+01 3.568774032592772727e+01 1.813084363410880906e+05 1.800000000000000000e+02 2.167575733713860018e+02 1.954330749511719034e+02 
1.099998855590819957e+01 3.273329772949218750e+02 8.000000000000000000e+00 8.892448000000000713e-03 4.375282000000000095e-07 8.362814000000000192e+01 1.078720999999999997e+01 6.751762390000000380e+01 2.752019309997558949e+01 4.585764866514787718e+04 1.165650511770780042e+02 2.191535451552447000e+02 2.088188934326171875e+02 
8.999990463256835938e+00 3.163330078125000000e+02 9.000000000000000000e+00 1.990137000000000156e-02 4.798612999999999613e-07 7.607426999999999850e+01 7.122452000000000005e+00 8.145992280000000108e+01 4.413873672485352273e+01 5.293362313413651282e+04 1.463099324740202007e+02 2.185665275378104866e+02 2.034645690917969034e+02 
2.033331298828125000e+01 3.133330078125000000e+02 9.000000000000000000e+00 1.767566999999999945e-04 -6.922740999999999349e-08 6.303390999999999877e+01 1.491389999999999993e+01 6.882949069999999381e+01 1.235500621795653942e+01 1.158815196279013981e+04 -9.000000000000000000e+01 2.204943152533637090e+02 2.141732177734375000e+02 
1.033332252502441051e+01 2.679997253417968750e+02 1.000000000000000000e+01 3.576224000000000069e-02 7.070337000000000269e-07 8.956802000000000419e+01 7.614057999999999993e+00 7.061704249999999661e+01 1.732777976989746094e+01 8.110535636448461446e+03 1.350000000000000000e+02 2.249934412638345975e+02 2.181889801025390909e+02 
1.466665172576903942e+01 2.763330383300781250e+02 8.000000000000000000e+00 2.143827000000000059e-03 3.364969000000000067e-07 6.296377999999999986e+01 1.141194999999999915e+01 6.491136930000000405e+01 1.706335296630859091e+02 1.196722987277958055e+04 -1.202564371635292986e+02 2.272615966796875000e+02 2.215354309082030966e+02 
2.499997329711914062e+01 2.706663818359375000e+02 8.000000000000000000e+00 4.031042999999999779e-03 -2.268067999999999898e-07 8.259998000000000218e+01 1.304700000000000060e+01 7.812837220000000116e+01 4.177411651611328125e+01 1.745142982964407929e+04 -3.369006752597979215e+01 2.237823410034179972e+02 2.114960632324219034e+02 
1.433331871032715021e+01 3.329996643066406250e+02 9.000000000000000000e+00 1.973921000000000009e-02 6.651890999999999540e-07 8.329485999999999990e+01 9.752264999999999517e+00 6.931572719999999777e+01 1.719670677185058949e+01 5.055904741036538326e+04 1.350000000000000000e+02 2.212712410374691956e+02 2.041338653564453125e+02 
1.699998283386230113e+01 2.786663818359375000e+02 1.000000000000000000e+01 7.909380000000000577e-03 3.361574000000000055e-07 7.367267999999999972e+01 1.008527999999999913e+01 8.218445590000000323e+01 1.710319519042969105e+01 6.431814778274965647e+04 -1.350000000000000000e+02 2.162767168940330009e+02 1.907480316162109091e+02 
9.333323478698730469e+00 2.643330688476561932e+02 7.000000000000000000e+00 2.143532000000000076e-02 1.013318999999999996e-06 7.855616000000000554e+01 1.406047000000000047e+01 6.981156919999999388e+01 6.101567459106445312e+01 2.006623564074781025e+05 1.800000000000000000e+02 2.208661427884489115e+02 2.068110198974609091e+02 
2.933330345153808949e+01 2.683330383300781250e+02 8.000000000000000000e+00 1.271821999999999927e-03 1.357452000000000130e-07 6.657278999999999769e+01 1.004157999999999973e+01 7.771516420000000380e+01 0.000000000000000000e+00 9.697212358199017763e+04 0.000000000000000000e+00 2.115539044038748955e+02 1.967716522216796875e+02 
2.166664314270019887e+01 2.649997253417968750e+02 9.000000000000000000e+00 2.508857999999999921e-02 4.705602999999999761e-07 9.360448999999999842e+01 1.092312000000000083e+01 8.254802700000000470e+01 7.787165069580078125e+01 2.055719420149385987e+05 2.656505117707799002e+01 2.121986117155655904e+02 1.880708618164061932e+02 
1.099998855590819957e+01 3.119996643066406250e+02 9.000000000000000000e+00 1.908278000000000014e-03 -7.482452000000000250e-08 9.172383999999999560e+01 8.766643000000000185e+00 8.324703220000000670e+01 1.730884552001953125e+01 3.099898235385649969e+04 1.350000000000000000e+02 2.227867186173149037e+02 2.101574859619140909e+02 
8.333324432373046875e+00 3.206663208007811932e+02 9.000000000000000000e+00 2.957579000000000111e-02 7.868751999999999679e-07 7.979816999999999894e+01 8.761172999999999433e+00 7.355422210000000405e+01 3.664153671264647727e+01 6.235128327465128386e+05 1.800000000000000000e+02 2.198337723808870123e+02 1.940944824218750000e+02 
1.133332157135009943e+01 2.646663818359375000e+02 7.000000000000000000e+00 4.070366999999999735e-02 8.238945000000000194e-07 8.695118999999999687e+01 1.237232000000000021e+01 8.251672360000000594e+01 3.836445617675781250e+01 9.288841362159821438e+04 1.615650511770780042e+02 2.173353895104449975e+02 2.007873992919921875e+02 
1.266665363311767933e+01 3.249996643066406250e+02 7.000000000000000000e+00 1.003292000000000073e-02 6.768571999999999948e-07 7.435275000000000034e+01 1.243088000000000015e+01 6.686965179999999975e+01 4.375892639160156250e+01 3.753592358930820774e+04 1.463099324740202007e+02 2.182845905848911912e+02 2.027952728271484091e+02 
1.033332252502441051e+01 2.616663818359375000e+02 8.000000000000000000e+00 1.129734999999999941e-02 6.559336999999999994e-07 6.347433999999999799e+01 8.325170999999999211e+00 7.234314729999999827e+01 5.505116271972656250e+01 7.569234391440144100e+04 1.165650511770780042e+02 2.154640045166015909e+02 1.947637786865234091e+02 
1.566665077209473012e+01 2.679997253417968750e+02 9.000000000000000000e+00 8.451800999999999888e-04 -8.775938999999999715e-08 6.830204999999999416e+01 7.345305999999999891e+00 7.466068269999999529e+01 7.412990570068359375e+01 7.544541520989300625e+04 9.000000000000000000e+01 2.174257488585355134e+02 1.967716522216796875e+02 
1.233332061767577947e+01 2.669997253417968750e+02 9.000000000000000000e+00 8.644409000000000468e-03 4.708553000000000195e-07 8.633272999999999797e+01 1.481841999999999970e+01 7.028726960000000190e+01 3.449983978271483664e+01 4.294877790987408662e+04 4.500000000000000000e+01 2.218282494544982910e+02 1.994488220214844034e+02 
1.799998092651366832e+01 2.686663818359375000e+02 1.000000000000000000e+01 2.528369000000000254e-04 2.874354000000000143e-08 7.126688000000000045e+01 7.548474999999999824e+00 8.427199550000000272e+01 0.000000000000000000e+00 5.226241394826954092e+03 0.000000000000000000e+00 2.248818893432616903e+02 2.195275573730469034e+02 
1.499998474121093928e+01 2.863330383300781250e+02 8.000000000000000000e+00 8.200918999999999332e-05 1.440720999999999868e-07 3.649387000000000114e+01 1.478484000000000087e+01 6.357744979999999657e+01 2.470994949340819957e+01 9.295041661852859761e+03 9.000000000000000000e+01 2.296625453404018060e+02 2.228740234375000000e+02 
1.033332252502441051e+01 3.349996643066406250e+02 8.000000000000000000e+00 5.959719999999999948e-03 4.838660999999999920e-07 7.989427000000000589e+01 1.419791999999999987e+01 6.508043670000000702e+01 3.855343627929688211e+01 1.135601957926525938e+05 -1.615650511770780042e+02 2.227226302737282140e+02 2.094881896972655966e+02 
7.999991416931152344e+00 2.616663818359375000e+02 8.000000000000000000e+00 1.468569000000000081e-03 1.243969999999999988e-07 7.456338999999999828e+01 8.864917999999999410e+00 7.303630830000000174e+01 6.112299346923828125e+01 1.550330188269611972e+05 1.800000000000000000e+02 2.155646512215598136e+02 1.947637786865234091e+02 
1.333331966400145951e+01 3.293329772949218750e+02 9.000000000000000000e+00 3.402908000000000321e-02 9.326257999999999655e-07 8.648830999999999847e+01 1.336355000000000004e+01 7.560772710000000529e+01 5.173284530639647727e+01 1.122090037475697027e+05 -4.500000000000000000e+01 2.119024200439453125e+02 1.947637786865234091e+02 
1.633331680297851918e+01 3.209996643066406250e+02 9.000000000000000000e+00 3.175976999999999967e-03 5.020228000000000370e-07 6.802710000000000434e+01 1.781566000000000116e+01 6.675899510000000703e+01 4.888916397094727273e+01 2.450800099798628071e+05 1.659637565320734893e+02 2.169331565774897115e+02 1.974409484863280966e+02 
7.999991416931152344e+00 2.636663818359375000e+02 6.000000000000000000e+00 2.407955000000000165e-02 6.173759999999999823e-07 9.477044999999999675e+01 1.612562000000000140e+01 8.141681669999999826e+01 5.482320404052733664e+01 4.758827401019827812e+05 -2.656505117707799002e+01 2.194395962088449039e+02 1.920866088867188068e+02 
2.799997138977051137e+01 3.023330078125000000e+02 9.000000000000000000e+00 5.385148000000000192e-03 6.826345000000000369e-07 5.801937999999999818e+01 1.418375999999999948e+01 7.291484830000000272e+01 4.306097793579102273e+01 5.704618289804716187e+04 -5.630993247402020785e+01 2.212363898094664023e+02 2.081496124267578125e+02 
7.333325862884520596e+00 2.613330688476561932e+02 9.000000000000000000e+00 1.879298000000000080e-02 6.889705999999999609e-07 8.266761999999999944e+01 1.083924999999999983e+01 6.996575160000000437e+01 1.224481487274169922e+01 1.417014753062562086e+05 1.800000000000000000e+02 2.170498953599195886e+02 1.987795257568359091e+02 
1.199998760223389027e+01 3.219996643066406250e+02 1.000000000000000000e+01 3.470960999999999838e-03 3.942309999999999783e-07 6.831611999999999796e+01 1.506963999999999970e+01 7.209716029999999876e+01 4.941992950439453125e+01 7.254701765358545526e+04 9.000000000000000000e+01 2.238283773351598995e+02 2.108267669677734091e+02 
1.033332252502441051e+01 2.653330688476561932e+02 7.000000000000000000e+00 8.912491999999999290e-03 3.817198000000000218e-07 8.101337999999999795e+01 1.136661999999999928e+01 7.605525210000000413e+01 2.682395629882811932e+02 1.272978826026587049e+06 1.615650511770780042e+02 2.187383215086078110e+02 1.927559051513671875e+02 
2.766663742065430043e+01 3.013330078125000000e+02 7.000000000000000000e+00 2.670893000000000247e-04 -9.278881999999999350e-08 4.313387000000000171e+01 7.978883999999999865e+00 8.021012120000000323e+01 1.094171047210693004e+01 4.990208986716005893e+04 1.800000000000000000e+02 2.168503961330507082e+02 2.014566955566405966e+02 
1.466665172576903942e+01 2.619997253417968750e+02 7.000000000000000000e+00 7.535634000000000256e-03 -5.152276000000000177e-07 6.724782000000000437e+01 1.139203999999999972e+01 7.463313290000000677e+01 8.835901641845703125e+01 2.393601067203616913e+04 -1.236900675259797993e+02 2.279680684407551894e+02 2.161810913085938068e+02 
1.566665077209473012e+01 2.623330688476561932e+02 6.000000000000000000e+00 4.247772999999999691e-05 -7.355773000000000258e-09 8.375753000000000270e+01 8.628315999999999875e+00 8.138909150000000636e+01 4.345532226562500000e+01 1.587086025643500034e+04 -3.369006752597979215e+01 2.132808405558268134e+02 1.947637786865234091e+02 
1.133332157135009943e+01 3.243330078125000000e+02 8.000000000000000000e+00 1.129686000000000058e-02 4.302502000000000154e-07 8.717153999999999314e+01 9.409349000000000629e+00 6.758121490000000620e+01 3.836445617675781250e+01 4.714453042337954685e+04 -1.615650511770780042e+02 2.234859418596539911e+02 2.074803161621094034e+02 
1.866664695739746094e+01 3.129996643066406250e+02 8.000000000000000000e+00 4.501465000000000175e-04 2.297371000000000065e-07 4.958803000000000338e+01 1.282276000000000060e+01 6.186414340000000323e+01 3.504633712768554688e+01 2.600458376074302942e+04 1.800000000000000000e+02 2.293326789855956918e+02 2.201968536376953125e+02 
2.233330917358398082e+01 2.976663513183593750e+02 9.000000000000000000e+00 5.767623000000000368e-03 4.576604000000000050e-07 7.042574000000000467e+01 1.658445000000000036e+01 7.994948580000000504e+01 4.719394683837891336e+01 2.170156094862708123e+05 1.659637565320734893e+02 2.167760289063928099e+02 2.001181030273438068e+02 
9.333323478698730469e+00 2.646663818359375000e+02 9.000000000000000000e+00 3.813703999999999792e-03 2.663306999999999749e-07 8.867458999999999492e+01 1.453223999999999982e+01 6.873301700000000380e+01 1.735335540771484020e+01 2.424962005838080950e+05 -4.500000000000000000e+01 2.149509527962966899e+02 1.927559051513671875e+02 
1.166665458679199041e+01 3.219996643066406250e+02 8.000000000000000000e+00 2.840490000000000029e-02 9.682785000000000502e-07 7.895665999999999940e+01 1.146302000000000021e+01 7.232206730000000050e+01 1.210099887847900035e+01 6.725457501074002721e+03 0.000000000000000000e+00 2.250157531738281023e+02 2.168504028320311932e+02 
1.866664695739746094e+01 2.683330383300781250e+02 8.000000000000000000e+00 1.790722000000000017e-03 1.941051999999999877e-07 6.487733000000000061e+01 8.809039999999999537e+00 7.164903259999999818e+01 1.170341205596924006e+01 1.821067122787778135e+04 1.800000000000000000e+02 2.266507328578404099e+02 2.141732177734375000e+02 
9.666656494140625000e+00 2.616663818359375000e+02 7.000000000000000000e+00 6.541281000000000352e-03 4.752183000000000169e-07 6.032424999999999926e+01 8.754001999999999839e+00 7.569718930000000512e+01 3.848134613037108664e+01 1.786705085094408132e+05 1.615650511770780042e+02 2.163585674401485903e+02 1.961023559570311932e+02 
2.199997711181640980e+01 2.819996948242188068e+02 8.000000000000000000e+00 3.491028999999999877e-04 -4.705067000000000292e-08 6.397402999999999906e+01 5.843396000000000257e+00 7.632464600000000132e+01 3.436579132080078125e+01 4.714655152501267730e+04 1.800000000000000000e+02 2.161268355910841876e+02 2.021259918212890909e+02 
8.999990463256835938e+00 3.296663208007811932e+02 8.000000000000000000e+00 5.442757000000000324e-03 4.142296999999999945e-07 7.603830000000000666e+01 1.427145999999999937e+01 7.184864810000000546e+01 4.434627914428710938e+01 2.522604915188979066e+05 1.236900675259797993e+02 2.177319883941322018e+02 2.001181030273438068e+02 
4.999994754791259766e+00 3.313329772949218750e+02 7.000000000000000000e+00 2.073983000000000163e-03 -1.387050999999999891e-07 7.484863000000000000e+01 1.208830000000000027e+01 8.587786099999999578e+01 5.076946258544921875e+01 2.148680516784926003e+05 -1.659637565320734893e+02 2.177797296609089130e+02 1.987795257568359091e+02 
1.233332061767577947e+01 3.386663208007811932e+02 8.000000000000000000e+00 1.110182000000000009e-02 6.353893000000000289e-07 7.598991999999999791e+01 1.373799999999999955e+01 7.253588870000000099e+01 3.620934677124022727e+01 1.744021780865906112e+04 0.000000000000000000e+00 2.245729863093449126e+02 2.181889801025390909e+02 
1.166665458679199041e+01 2.683330383300781250e+02 6.000000000000000000e+00 2.473575000000000079e-02 3.839032000000000041e-07 9.889815000000000111e+01 1.036054000000000030e+01 8.454155729999999380e+01 1.729895401000976918e+01 1.695480543935562018e+05 1.350000000000000000e+02 2.197612797570606915e+02 2.048031463623046875e+02 
1.066665554046631037e+01 3.129996643066406250e+02 7.000000000000000000e+00 2.965005000000000158e-03 2.442144000000000140e-07 7.573099999999999454e+01 1.113551999999999964e+01 6.997225190000000339e+01 3.844449234008789062e+01 5.127813923679309664e+04 1.615650511770780042e+02 2.204434336612098946e+02 2.088188934326171875e+02 
8.666657447814941406e+00 2.649997253417968750e+02 9.000000000000000000e+00 3.629832000000000197e-02 8.868514000000000264e-07 9.266758000000000095e+01 1.084820999999999991e+01 6.853138730000000578e+01 1.737635993957519887e+01 2.621441155637322809e+05 -1.350000000000000000e+02 2.159140802887436905e+02 1.974409484863280966e+02 
1.166665458679199041e+01 2.626663818359375000e+02 7.000000000000000000e+00 4.034921999999999814e-02 7.345791000000000215e-07 9.081928999999999519e+01 1.088883000000000045e+01 7.969390869999999438e+01 8.633149719238281250e+01 2.163846009744422045e+05 1.350000000000000000e+02 2.196772162395974988e+02 2.041338653564453125e+02 
1.166665458679199041e+01 3.176663208007811932e+02 8.000000000000000000e+00 2.600351999999999872e-02 1.073016999999999979e-06 7.373314999999999486e+01 1.291732999999999976e+01 7.462575529999999446e+01 2.750740814208984020e+01 7.939493234315169684e+04 1.165650511770780042e+02 2.177352204403634914e+02 2.007873992919921875e+02 
1.299998664855957031e+01 3.319996643066406250e+02 8.000000000000000000e+00 2.785798999999999914e-02 7.633901999999999929e-07 8.993533999999999651e+01 1.025558000000000014e+01 6.835612489999999752e+01 3.819335174560546875e+01 6.020960120505991654e+04 -1.615650511770780042e+02 2.186054243299695941e+02 2.061417388916015909e+02 
8.333324432373046875e+00 3.389996337890625000e+02 9.000000000000000000e+00 7.789416999999999869e-03 4.171953000000000009e-07 7.836423999999999523e+01 1.155851000000000006e+01 7.233712010000000703e+01 3.871324920654296875e+01 4.888960581235592254e+05 -1.615650511770780042e+02 2.219072633955213973e+02 2.034645690917969034e+02 
1.199998760223389027e+01 3.349996643066406250e+02 9.000000000000000000e+00 1.133065999999999934e-02 7.938871000000000388e-07 6.561369000000000540e+01 1.208403999999999989e+01 7.211045839999999885e+01 6.177490615844727273e+01 5.375112197453468980e+03 9.000000000000000000e+01 2.282283477783203125e+02 2.242126007080078125e+02 
1.433331871032715021e+01 2.689997253417968750e+02 1.000000000000000000e+01 1.627185999999999910e-02 3.812127000000000106e-07 8.930836999999999648e+01 8.913743000000000194e+00 7.778984830000000272e+01 3.706495666503906250e+01 1.996929170654888003e+04 -9.000000000000000000e+01 2.217585327148437102e+02 2.101574859619140909e+02 
1.033332252502441051e+01 2.876663818359375000e+02 1.000000000000000000e+01 6.249735999999999660e-03 4.731658999999999978e-07 5.590742999999999796e+01 7.250308000000000419e+00 7.625066379999999810e+01 2.725845336914062145e+01 2.621045590884340927e+05 1.534349488229219958e+02 2.156946600687871864e+02 1.920866088867188068e+02 
1.366665267944335938e+01 2.653330688476561932e+02 8.000000000000000000e+00 2.131142999999999840e-03 1.393427000000000027e-07 6.025751999999999953e+01 6.037468999999999753e+00 8.675798029999999983e+01 1.127676086425780966e+02 1.067544023388441929e+04 -1.306012946450044865e+02 2.231250000000000000e+02 2.148425292968750000e+02 
1.966664695739746094e+01 2.659997253417968750e+02 1.000000000000000000e+01 1.474899000000000002e-02 6.367180999999999898e-07 8.108259999999999934e+01 1.234338999999999942e+01 7.170018770000000075e+01 1.163453197479248047e+01 8.795546118902244780e+04 1.800000000000000000e+02 2.194980327381807115e+02 1.961023559570311932e+02 
7.666658878326416016e+00 3.223330078125000000e+02 7.000000000000000000e+00 3.830579000000000189e-03 2.410155000000000051e-07 6.975100000000000477e+01 7.272756000000000220e+00 7.280441279999999438e+01 6.606562805175781250e+01 2.559323287984500930e+05 -1.581985905136482131e+02 2.254123404482577939e+02 2.114960632324219034e+02 
1.933331298828125000e+01 2.799996948242188068e+02 8.000000000000000000e+00 4.118109999999999913e-04 -1.050052000000000038e-07 5.730145999999999873e+01 1.329759999999999920e+01 7.793581389999999942e+01 5.077085876464843750e+01 1.128597092309925065e+05 7.596375653207353196e+01 2.194506306264592013e+02 2.054724426269530966e+02 
1.466665172576903942e+01 3.296663208007811932e+02 8.000000000000000000e+00 7.844817000000000456e-03 7.529211999999999539e-07 7.101057000000000130e+01 1.081094000000000044e+01 5.817803570000000235e+01 1.235500621795653942e+01 1.196740994120596952e+04 9.000000000000000000e+01 2.270384945339627052e+02 2.181889801025390909e+02 
1.599998283386229936e+01 3.039996948242188068e+02 8.000000000000000000e+00 6.602219999999999790e-03 4.907955000000000090e-07 7.613128000000000384e+01 1.482187000000000054e+01 7.136867519999999843e+01 3.768199920654296875e+01 1.294162703383277985e+05 1.615650511770780042e+02 2.210027338144730891e+02 2.081496124267578125e+02 
1.166665458679199041e+01 3.316663208007811932e+02 8.000000000000000000e+00 3.467089999999999755e-02 9.033003000000000249e-07 8.451019999999999754e+01 1.199338000000000015e+01 7.599048609999999826e+01 2.718335342407226918e+01 3.633694675628664845e+04 -1.534349488229219958e+02 2.213371265552661953e+02 2.094881896972655966e+02 
8.333324432373046875e+00 3.053330078125000000e+02 1.000000000000000000e+01 1.364043000000000026e-02 4.961170000000000478e-07 7.991600999999999999e+01 1.286837000000000053e+01 8.154707340000000215e+01 1.737635993957519887e+01 1.711830385196302086e+05 1.350000000000000000e+02 2.164679418896872107e+02 1.994488220214844034e+02 
1.033332252502441051e+01 3.153330078125000000e+02 1.000000000000000000e+01 2.824708000000000080e-02 8.154222999999999576e-07 6.806919000000000608e+01 8.992675999999999448e+00 8.410234830000000272e+01 1.733612442016601918e+01 5.811256634219073021e+04 -1.350000000000000000e+02 2.177064663199491008e+02 2.041338653564453125e+02 
2.899996948242187855e+01 3.279996643066406250e+02 1.000000000000000000e+01 4.695359999999999985e-03 4.390220000000000252e-07 8.269380999999999915e+01 1.654633000000000109e+01 6.485018159999999909e+01 2.161316871643066051e+01 1.296224259272154013e+05 1.800000000000000000e+02 2.188086929321289062e+02 2.041338653564453125e+02 
9.666656494140625000e+00 2.659997253417968750e+02 7.000000000000000000e+00 3.504912999999999779e-02 5.976123999999999866e-07 9.048860000000000525e+01 9.441950999999999539e+00 8.065847019999999645e+01 4.871829605102539062e+01 1.137587732625655044e+05 1.800000000000000000e+02 2.188742050897506886e+02 1.994488220214844034e+02 
1.466665172576903942e+01 2.623330688476561932e+02 7.000000000000000000e+00 3.403818999999999877e-04 3.513348999999999838e-08 8.199012999999999352e+01 1.157301999999999964e+01 8.395410160000000133e+01 3.795143890380858664e+01 1.369285341217225941e+05 -1.615650511770780042e+02 2.091178049624544997e+02 1.887401580810546875e+02 
7.666658878326416016e+00 3.346663208007811932e+02 8.000000000000000000e+00 2.315833999999999948e-02 6.557427999999999603e-07 9.017266999999999655e+01 1.177983000000000047e+01 7.259363559999999893e+01 4.422108459472656250e+01 8.984956634285982000e+04 1.463099324740202007e+02 2.225495124585700921e+02 2.027952728271484091e+02 
8.999990463256835938e+00 3.229996643066406250e+02 9.000000000000000000e+00 1.502267000000000012e-02 4.835449999999999799e-07 8.139645000000000152e+01 1.140984000000000087e+01 8.014973449999999389e+01 6.571997070312500000e+01 5.101521511440589093e+05 1.581985905136482131e+02 2.217009773660213057e+02 1.994488220214844034e+02 
1.033332252502441051e+01 2.659997253417968750e+02 1.000000000000000000e+01 3.246448999999999863e-02 6.102304999999999929e-07 8.786803000000000452e+01 9.697414999999999452e+00 8.082875819999999578e+01 1.732708168029785156e+01 2.350851276400008937e+05 -4.500000000000000000e+01 2.169965617738920969e+02 1.934252014160155966e+02 
1.066665554046631037e+01 3.126663513183593750e+02 7.000000000000000000e+00 1.499271999999999931e-02 5.497599000000000284e-07 8.825569000000000131e+01 1.081587999999999994e+01 6.799268340000000421e+01 1.214176845550536932e+01 3.915381050582606258e+04 1.800000000000000000e+02 2.173812113794787138e+02 2.048031463623046875e+02 
2.599997329711914062e+01 2.846663818359375000e+02 8.000000000000000000e+00 1.121108999999999994e-02 4.776301000000000147e-07 8.164555000000000007e+01 1.334169999999999945e+01 7.724918370000000323e+01 2.220965003967285156e+01 2.298313291065382946e+05 1.800000000000000000e+02 2.192217009349535886e+02 2.041338653564453125e+02 
1.399998569488525035e+01 3.303329772949218750e+02 9.000000000000000000e+00 1.452410999999999980e-02 1.271886000000000091e-06 7.090761999999999432e+01 1.591296999999999962e+01 6.370775989999999922e+01 2.397552299499512074e+01 1.066570486861981954e+04 1.800000000000000000e+02 2.242962608337402060e+02 2.175196838378905966e+02 
1.033332252502441051e+01 2.603330688476561932e+02 1.000000000000000000e+01 2.006731999999999960e-02 6.811885000000000384e-07 9.938125999999999749e+01 1.563171999999999962e+01 6.867703249999999571e+01 2.752547645568848012e+01 2.200850783101556008e+05 1.165650511770780042e+02 2.189896637150114884e+02 1.920866088867188068e+02 
5.333327770233154297e+00 3.309996643066406250e+02 1.000000000000000000e+01 2.335848999999999868e-04 -2.013516999999999924e-08 7.865849000000000046e+01 6.560476000000000418e+00 8.548204800000000603e+01 5.503707885742188211e+01 3.829450205737460055e+04 1.534349488229219958e+02 2.226349846976144136e+02 2.074803161621094034e+02 
1.299998664855957031e+01 3.146663513183593750e+02 8.000000000000000000e+00 1.358470999999999984e-02 5.875670999999999754e-07 8.529778000000000304e+01 1.362904999999999944e+01 7.165545649999999966e+01 4.974413681030272727e+01 4.282428858686953026e+04 1.659637565320734893e+02 2.213471956253052042e+02 2.074803161621094034e+02 
9.999989509582519531e+00 3.369996337890625000e+02 9.000000000000000000e+00 1.183214999999999961e-02 4.290903000000000157e-07 8.722633000000000436e+01 1.040751999999999988e+01 7.101674649999999644e+01 2.730192565917969105e+01 1.758655817039906105e+05 -1.534349488229219958e+02 2.154294380774865090e+02 1.961023559570311932e+02 
1.933331298828125000e+01 2.673330688476561932e+02 6.000000000000000000e+00 2.532866999999999844e-03 1.350382999999999976e-07 8.813658999999999821e+01 1.330538999999999916e+01 8.188262179999999546e+01 2.331704711914062145e+01 5.703291480617148045e+04 1.800000000000000000e+02 2.176565870805220015e+02 2.027952728271484091e+02 
1.066665554046631037e+01 3.186663208007811932e+02 7.000000000000000000e+00 8.876581999999999181e-03 5.255984000000000142e-07 7.958459000000000572e+01 1.268656000000000006e+01 6.857614900000000091e+01 3.642429351806641336e+01 2.159486768120491979e+04 0.000000000000000000e+00 2.258021659851073935e+02 2.161810913085938068e+02 
2.499997329711914062e+01 2.949996948242188068e+02 8.000000000000000000e+00 3.888996999999999940e-03 2.758698000000000103e-07 8.280937000000000126e+01 1.652993999999999986e+01 7.669020079999999950e+01 5.065902709960938211e+01 2.962474276222552871e+05 1.040362434679264965e+02 2.209505081817883081e+02 1.994488220214844034e+02 
1.099998855590819957e+01 3.299996643066406250e+02 8.000000000000000000e+00 1.807577000000000142e-02 5.505572999999999744e-07 9.253185999999999467e+01 1.322901000000000060e+01 7.420416260000000364e+01 1.731708335876464844e+01 5.582343874831836438e+05 -4.500000000000000000e+01 2.183199260545812876e+02 1.987795257568359091e+02 
1.199998760223389027e+01 2.639997253417968750e+02 7.000000000000000000e+00 4.690301000000000192e-02 7.246613000000000358e-07 9.172168999999999528e+01 1.198747000000000007e+01 8.643949890000000380e+01 2.749988555908203125e+01 6.177726061355522688e+04 1.165650511770780042e+02 2.162247533383576865e+02 1.987795257568359091e+02 
2.366664123535155895e+01 3.129996643066406250e+02 9.000000000000000000e+00 3.439688999999999789e-04 1.369312000000000079e-07 5.510233999999999810e+01 1.403946000000000005e+01 6.825005339999999876e+01 2.576034355163573863e+01 1.371228907481947972e+05 1.534349488229219958e+02 2.215231538825078985e+02 2.034645690917969034e+02 
1.099998855590819957e+01 3.093330078125000000e+02 8.000000000000000000e+00 1.968046000000000031e-02 4.546373999999999918e-07 8.605239000000000260e+01 7.728498000000000090e+00 7.543950649999999314e+01 2.752591705322265980e+01 1.482634502997068921e+04 -6.343494882292200998e+01 2.198317843350496901e+02 2.068110198974609091e+02 
1.199998760223389027e+01 3.193330078125000000e+02 9.000000000000000000e+00 2.550111999999999865e-02 6.612995000000000116e-07 8.917203999999999553e+01 1.003503000000000078e+01 7.139809420000000273e+01 0.000000000000000000e+00 1.531070105018029863e+05 0.000000000000000000e+00 2.136213572987338978e+02 1.981102294921875000e+02 
2.899996948242187855e+01 2.736663818359375000e+02 8.000000000000000000e+00 4.298970000000000048e-03 -2.706230000000000007e-07 8.309122999999999593e+01 1.470612999999999992e+01 7.608898159999999677e+01 2.492458534240723012e+01 4.320067431357094028e+04 -1.534349488229219958e+02 2.185979885525173927e+02 2.081496124267578125e+02 
1.833331489562987926e+01 2.999996948242188068e+02 8.000000000000000000e+00 8.051826999999999249e-03 5.475284999999999917e-07 7.569961999999999591e+01 1.217578999999999922e+01 6.734755710000000306e+01 4.293746185302733664e+01 1.355235064381133125e+05 1.463099324740202007e+02 2.131371154785155966e+02 1.954330749511719034e+02 
1.833331489562987926e+01 3.286663208007811932e+02 8.000000000000000000e+00 1.167706999999999946e-02 9.975037999999999989e-07 9.227025000000000432e+01 1.719441000000000130e+01 5.308600619999999992e+01 3.518341827392578125e+01 1.825925146080703053e+04 1.800000000000000000e+02 2.220613065447126075e+02 2.114960632324219034e+02 
