-11.66665458679199 138.6665191650391 3	0.2865277	-2.669658e-06	91.79671	11.621	   81.3428116    	27.1574649810791 18840.41365282858 -153.434948822922 216.5635550362723 200.7873992919922
9.99998950958252 260.6663818359375 8	0.01738997	1.042257e-06	70.48753	13.08856	   69.6090698    	71.15496826171875 225926.5639447424 149.0362434679265 228.6331286401806 217.5196838378906
11.66665458679199 148.9998474121094 9	0.009971462	3.053531e-07	77.00901	7.4343	   81.0926132    	43.94704055786133 75290.41301020654 -146.3099324740202 216.6711205073765 197.4409484863281
8.333324432373047 112.999885559082 12	0.1159296	1.460959e-06	100.1189	12.20318	   75.8998871    	24.7099494934082 294672.2464031448 -90 217.1033067131922 191.4173278808594
-13.33331966400146 90.33323669433594 3	0.08556563	-1.556315e-06	87.19305	10.32458	   71.9423981    	49.68147277832031 716650.8244805742 -165.9637565320735 210.1537351465937 180.0393676757812
14.66665172576904 259.9997253417969 8	0.00923548	-4.050743e-07	69.48186	8.669843	   79.6176834    	0 139607.1284543723 0 217.5005635579427 197.4409484863281
13.66665267944336 250.9997406005859 8	0.009144168	5.631788e-07	76.08164	9.399672	   63.0535240    	49.55146408081055 10682.903413498 165.9637565320735 219.6112232208252 204.1338653564453
13.33331966400146 337.6663208007812 9	0.1273341	1.707399e-06	87.21158	7.463026	   70.8578033    	27.04757118225098 76217.19723012399 -153.434948822922 214.0792945727967 193.4252014160156
12.66665363311768 261.9997253417969 8	0.01725831	9.131059e-07	75.02821	13.27426	   70.0647430    	103.6295166015625 267738.9430307102 -135 219.7082691192627 192.7559051513672
12.99998664855957 254.6663970947266 9	0.04759603	2.040784e-06	85.66298	18.73793	   66.2527008    	36.11477661132812 85660.31450040698 180 221.8805377483368 204.8031463623047
-15.33331775665283 81.333251953125 1	0.2712171	-3.720172e-06	98.65318	17.06439	   73.1217575    	12.35494232177734 553448.9875490481 -90 215.0698880647358 181.3779602050781
-17.66664886474609 153.9998321533203 3	0.004622858	5.167483e-07	69.31511	15.7432	   69.5044327    	219.9994201660156 14398.89995370146 29.35775354279127 219.8926266756925 202.7952728271484
4.333328723907471 163.6664886474609 8	0.0003686937	-4.883762e-08	53.08111	4.810966	   87.9079895    	116.3941040039062 6849.369750925848 57.9946167919165 221.1338562011719 212.1653442382812
11.66665458679199 340.9996337890625 8	0.01717296	8.945738e-07	80.11566	15.53264	   70.3970947    	36.25479125976562 161301.6741709347 180 221.2621397654216 204.1338653564453
7.333325862884521 272.6663818359375 8	0.05233228	1.247815e-06	82.01373	9.997711	   71.7270737    	34.78960418701172 5448.206293215031 45 231.0728340148926 229.5669250488281
14.33331871032715 153.3331756591797 9	0.04748812	9.193585e-07	81.54884	9.055566	   78.7863007    	27.44875717163086 47929.10734049532 63.43494882292201 208.8746723598904 188.7401580810547
7.999991416931152 179.9998168945312 11	0.04096907	1.039251e-06	64.16311	6.801841	   82.4414749    	34.78889465332031 206701.845537558 -135 206.5204106381065 183.3858337402344
-13.99998569488525 80.99991607666016 1	0.01366559	-1.581929e-06	43.11422	8.937468	   74.6926880    	0 215896.1392649264 0 220.1018296229987 200.7873992919922
-17.33331489562988 82.99991607666016 3	0.0148472	-1.316398e-06	94.25294	19.57493	   51.8294868    	27.38936805725098 790566.4512784306 -63.43494882292201 217.1756060649309 194.094482421875
1.999997854232788 139.9998474121094 4	0.07422218	7.65063e-07	82.47786	6.165938	   88.8097382    	111.8759231567383 1492903.156462505 83.65980825409009 217.478546282567 188.7401580810547
29.66663551330566 298.3330078125 9	0.02240227	7.232209e-07	87.58678	13.04662	   73.0852203    	26.95550727844238 33466.82522674523 -63.43494882292201 216.9699118477958 199.4488220214844
8.666657447814941 256.9997253417969 9	0.04666204	8.352769e-07	92.83929	8.32997	   70.3369293    	62.33329391479492 58373.57429198137 -11.30993247402021 221.8622975903888 208.8188934326172
-8.666657447814941 178.9998168945312 2	0.1574043	-1.983148e-06	81.51263	9.379273	   80.9212875    	17.3611946105957 20364.03536037025 -45 221.0000030517578 203.4645690917969
-14.99998474121094 44.66661834716797 2	0.1307743	-1.81078e-06	98.32667	12.06198	   71.9561234    	12.35500621795654 265474.9920541986 90 214.2501978302002 186.06298828125
-12.33332061767578 114.6665496826172 2	0.07424503	-8.762877e-07	84.59175	8.889743	   89.7683334    	38.97327423095703 143617.0764343821 -108.434948822922 220.0029453741056 200.1181030273438
-11.99998760223389 212.9997711181641 3	0.03514633	5.25434e-07	86.84599	7.132163	   82.4569550    	27.49352264404297 651893.5596368522 -116.565051177078 212.7024409290204 190.0787353515625
7.666658878326416 61.66660308837891 6	0.01042313	5.463526e-07	78.96201	19.56885	   85.3366699    	66.42499542236328 772275.5359968795 111.8014094863518 215.1547783865056 192.7559051513672
28.99996948242188 305.9996948242188 7	0.01301982	-5.597213e-07	68.37074	8.135879	   75.7017441    	10.80615234375 43261.28679784037 180 219.6391092936198 208.1496124267578
14.66665172576904 240.999755859375 8	0.03475522	9.904244e-07	93.24231	11.62477	   65.0906601    	96.94573974609375 10628.13412862107 150.2551187030578 228.5629940032959 222.8740234375
-0.6666659712791443 88.66657257080078 9	0.1104478	-2.188886e-06	97.71861	19.02686	   74.7420273    	284.430908203125 4029438.835624188 -92.48955292199915 218.0070411356704 184.0551147460938
11.3333215713501 197.9997863769531 10	0.04771068	1.187687e-06	83.87936	14.033	   78.7902451    	181.9178009033203 1203503.009722886 180 222.6816148693929 190.7480316162109
14.66665172576904 91.66657257080078 11	0.05657532	1.684085e-06	85.15152	16.02316	   72.7460403    	23.90483665466309 335055.5855323615 180 217.7826220194499 196.7716522216797
-19.66664695739746 198.6664581298828 2	0.05776921	-1.279102e-06	97.73576	15.58083	   72.3997726    	26.36650657653809 160426.0096062353 -26.56505117707799 215.4524383544922 196.1023559570312
-15.33331775665283 90.99990844726562 3	0.04643099	-1.449205e-06	92.25198	14.13182	   64.4451294    	60.88947296142578 170775.1754689283 11.30993247402021 219.4082295025966 202.7952728271484
5.999993801116943 243.6664123535156 7	0.001323254	1.029541e-07	77.45907	7.815671	   71.8493958    	205.7589263916016 258176.9170966374 17.35402463626133 213.1427330541863 192.0866088867188
17.33331489562988 147.9998474121094 8	0.009624544	6.1124e-07	65.92338	13.11993	   79.8681717    	71.77006530761719 106168.3379118389 170.5376777919744 224.6174800543137 210.8267669677734
-16.66664886474609 41.99995803833008 2	0.02409658	-9.412517e-07	82.01405	14.41694	   72.8516693    	11.83596515655518 18427.21338772355 180 221.3920146397182 206.1417388916016
-12.99998664855957 95.99990081787109 3	0.1083504	-2.379755e-06	84.17505	11.73567	   68.1832123    	12.3549747467041 115074.2397886612 -90 211.0991588858671 190.7480316162109
11.66665458679199 252.6663970947266 6	0.05351952	8.942997e-07	80.76148	8.851096	   83.3394699    	34.6057014465332 17490.93321069967 -135 225.396732036884 216.1810913085938
17.66664886474609 272.3330383300781 8	0.002466034	1.55002e-07	84.09685	10.35	   72.5263290    	24.7099494934082 24885.34000356037 90 223.3319533498664 211.4960632324219
-5.666660785675049 62.99993515014648 9	0.1312671	-1.855869e-06	87.30571	9.383883	   73.5243073    	17.4371223449707 527427.5386762972 135 217.5266220013712 194.094482421875
9.666656494140625 264.3330688476562 7	0.01375363	1.003504e-06	55.6694	10.53283	   76.8181152    	24.35965919494629 10832.97684010912 180 228.4793300628662 220.1968536376953
8.333324432373047 334.9996643066406 8	0.0006215332	-1.285623e-07	71.31292	15.78684	   69.4645462    	55.107177734375 187478.3126170058 116.565051177078 219.3384129620981 198.7795257568359
14.99998474121094 87.66657257080078 5	0.04065785	9.244125e-07	84.9602	13.26412	   81.8010483    	27.44095993041992 576037.1276354473 63.43494882292201 211.1598765289729 189.4094543457031
24.33330726623535 155.3331756591797 7	0.03333185	9.076028e-07	80.27763	11.325	   77.1622314    	67.20652008056641 70134.18780214578 30.96375653207352 223.3042755126953 198.7795257568359
-13.66665267944336 162.66650390625 2	0.1854406	-1.466949e-06	95.86989	9.364956	   84.4483032    	54.97237777709961 8009.39018691485 63.43494882292201 226.889767964681 220.1968536376953
7.333325862884521 159.3331604003906 4	0.1101834	1.924357e-06	87.6776	13.41163	   76.9183121    	54.85819244384766 450711.4107982503 153.434948822922 216.8241086193442 192.0866088867188
6.333326816558838 169.3331604003906 8	0.008537533	6.568002e-07	84.24342	23.35826	   73.9710541    	27.58918952941895 20481.97178481414 63.43494882292201 225.5511820475261 219.5275573730469
-7.999991416931152 165.9998321533203 11	0.01999109	-1.174737e-06	52.0677	10.34495	   85.4632187    	17.39107704162598 195846.9020175272 45 214.7635073131985 198.7795257568359
-10.9999885559082 174.6664886474609 3	0.3061622	-1.961972e-06	94.05957	7.932408	   83.5721588    	82.62845611572266 133432.7943521483 116.565051177078 215.038575914171 190.0787353515625
11.66665458679199 266.9997253417969 7	0.1271241	1.425841e-06	93.17818	11.00396	   82.0342178    	24.7099494934082 169520.9513180077 -90 220.7120997111003 202.1259918212891
16.9999828338623 129.6665344238281 8	0.03217212	8.679087e-07	67.13919	10.80292	   91.7130280    	37.56630325317383 118209.5451612733 -18.43494882292201 211.5258095635308 196.1023559570312
12.66665363311768 337.3329772949219 8	0.05488076	1.5943e-06	89.86102	13.28821	   65.1292114    	24.11010551452637 73709.7619723627 180 214.830351673473 198.1102294921875
8.333324432373047 344.6663208007812 9	0.01144438	5.822684e-07	87.51854	12.05941	   63.2897148    	12.22380638122559 107381.8227649943 180 217.9771763282486 200.7873992919922
-6.999992847442627 84.33324432373047 10	0.01321641	-2.036741e-06	52.17738	18.00519	   69.8202362    	380.4762878417969 27278.78285649899 1.847610265994596 224.2460655212402 208.1496124267578
-11.3333215713501 94.66656494140625 1	0.1158489	-2.675239e-06	85.42893	18.47767	   77.5798035    	66.32913970947266 125298.7675346655 -111.8014094863518 216.5121509182838 200.1181030273438
8.999990463256836 121.999870300293 7	0.0196697	4.727726e-07	94.876	15.31134	   85.0605698    	154.1724243164062 5425.039834770287 118.6104596659652 231.240161895752 228.2283477783203
13.33331966400146 248.3330688476562 7	0.002736575	2.193496e-07	73.98882	8.426085	   67.1466980    	17.23237037658691 62797.74253658445 135 219.3424361208652 204.1338653564453
6.333326816558838 94.33323669433594 11	0.159587	2.203774e-06	99.40019	18.14932	   81.1101379    	87.02059173583984 326161.7088376762 45 214.5008739647007 193.4252014160156
17.66664886474609 157.3331756591797 9	0.00304932	-1.13531e-07	98.09392	9.856156	   76.7125778    	0 79785.30587342352 0 224.0589922295242 210.1574859619141
14.66665172576904 170.3331604003906 9	0.05447973	9.136518e-07	97.88799	13.22875	   78.6521225    	51.66265106201172 128934.6532655732 -135 223.3087117303278 206.8110198974609
8.999990463256836 251.9997406005859 6	0.09057726	9.046141e-07	83.74665	6.843919	   88.3427200    	27.36522102355957 141077.9516641539 -153.434948822922 216.6766369159405 192.0866088867188
14.66665172576904 266.3330688476562 7	0.03730219	9.046154e-07	72.94136	10.8482	   86.9933395    	26.95610427856445 47873.97793096835 -26.56505117707799 215.3630803426107 192.7559051513672
13.99998569488525 167.6664886474609 9	0.04124685	9.588329e-07	73.02177	7.852983	   78.7072983    	38.09946441650391 183823.5496897404 -161.565051177078 219.5712094514266 198.1102294921875
6.666659832000732 269.3330383300781 10	0.05434154	1.840513e-06	82.60923	11.22353	   61.7768517    	12.3549747467041 13640.27312837241 90 225.1496063232422 212.1653442382812
17.66664886474609 255.3330688476562 8	0.002004667	-6.672954e-08	85.59815	7.873121	   92.9520416    	63.73513412475586 171404.6194256266 158.1985905136482 216.8248491360031 195.4330749511719
18.66664695739746 143.9998474121094 8	0.02063586	3.754504e-07	83.33759	6.998561	   84.6771774    	17.01147079467773 24722.5806943596 135 217.9776217811986 196.7716522216797
9.99998950958252 141.9998474121094 9	0.1808367	1.759858e-06	88.62622	11.00766	   87.3201294    	27.53762245178223 20294.85765415186 63.43494882292201 225.1049875895182 208.8188934326172
9.99998950958252 262.3330688476562 10	0.02605592	1.105414e-06	88.41093	15.59264	   66.0457993    	17.34488296508789 12181.72952253847 -135 225.5511847601996 212.8346557617188
14.99998474121094 138.9998474121094 10	0.04827373	6.873648e-07	82.75356	8.408231	   88.2265701    	11.93377304077148 76929.91147013629 0 220.8199854883654 205.4724426269531
15.66665077209473 133.3331909179688 11	0.03708331	1.133564e-06	74.91942	9.883132	   73.1644211    	54.8817024230957 56875.91931785677 -63.43494882292201 213.9708858756132 200.1181030273438
0.6666659712791443 70.33325958251953 11	0.1717613	2.562071e-06	85.90701	13.04987	   78.0724716    	49.41224670410156 387093.0909607017 180 217.1826672384925 189.4094543457031
24.66664123535156 293.3330383300781 7	0.002972784	2.548852e-07	91.84221	23.48128	   76.8143845    	0 52474.17692685192 0 226.0611198061989 214.842529296875
10.33332252502441 254.3330688476562 8	0.09241498	1.072481e-06	91.88105	9.064922	   80.8570938    	17.33612442016602 27041.35154414774 -135 213.1023620605469 204.1338653564453
-12.66665363311768 92.66657257080078 4	0.08675845	-1.240537e-06	86.95442	9.949991	   80.1746826    	12.05431365966797 52245.01323872639 180 222.99414453751 206.8110198974609
5.333327770233154 154.9998321533203 8	0.06644499	1.374921e-06	82.66908	12.30505	   78.9482040    	61.50731658935547 335024.5127232737 180 213.3482250602878 192.0866088867188
16.9999828338623 142.6665191650391 9	0.01639058	4.273177e-07	69.81429	6.536886	   86.1487274    	17.11640548706055 206255.7434397058 -45 222.9123837416339 206.1417388916016
18.33331489562988 67.66659545898438 9	0.08806553	2.707239e-06	85.56332	15.66193	   65.5609665    	16.99518013000488 134208.8368547958 135 215.3623577229028 192.7559051513672
21.6666431427002 317.6663208007812 9	0.0007099086	1.38953e-07	77.0478	17.7685	   67.9166489    	11.50773048400879 200225.0635457203 180 218.1591365352558 195.4330749511719
-10.33332252502441 50.6666145324707 12	0.01956343	-2.050198e-06	89.23643	21.19755	   49.8337135    	12.14151954650879 386365.6750891561 180 214.3183203210364 187.4015808105469
-9.99998950958252 96.66656494140625 2	0.3086567	-2.805594e-06	94.08475	12.02197	   80.3401108    	71.26371765136719 647492.9181561192 30.96375653207352 212.4196580158146 186.06298828125
14.33331871032715 72.99992370605469 5	0.1780139	1.754226e-06	86.17442	11.5252	   90.9416885    	37.95143890380859 87785.78181593932 -161.565051177078 212.3985928622159 195.4330749511719
9.666656494140625 240.999755859375 7	0.03059666	4.758414e-07	97.62787	8.251907	   76.7703171    	48.669189453125 154314.2366387835 180 215.089101289448 194.7637786865234
11.3333215713501 241.9997406005859 7	0.01056433	3.819758e-07	86.2999	11.20149	   75.1446533    	65.48109436035156 6733.470220082657 -21.80140948635181 227.8267730712891 222.2047271728516
16.9999828338623 136.9998626708984 8	0.09347595	1.33831e-06	86.89448	12.57046	   85.9787445    	23.58786201477051 216552.6774757933 180 217.0937735817649 196.7716522216797
-12.33332061767578 129.9998626708984 2	0.06657396	-2.238039e-06	81.68422	18.00435	   72.9313889    	62.93525695800781 10733.24362099226 -101.3099324740202 226.1368160247803 218.1889801025391
17.33331489562988 257.6664123535156 8	0.01918747	-3.780536e-07	93.40547	6.436702	   71.8568344    	27.38947105407715 152031.115142102 -63.43494882292201 205.2589596715467 188.0708618164062
16.9999828338623 304.3330078125 8	0.07484267	1.777709e-06	85.59481	15.01747	   75.3186111    	17.08728790283203 35466.31545778797 135 211.0746567337601 196.1023559570312
11.3333215713501 241.6664123535156 9	0.03763789	1.055012e-06	94.78381	16.75892	   73.4332352    	12.10000801086426 420333.326039698 180 216.6294429974678 194.7637786865234
