1.433331871032715021e+01 2.636663818359375000e+02 6.000000000000000000e+00 3.936856999999999857e-02 6.523243999999999805e-07 7.897602000000000544e+01 7.245764000000000316e+00 8.488790889999999933e+01 1.195168590545653942e+01 2.261077263673766865e+05 1.800000000000000000e+02 2.207401593376609128e+02 1.974409484863280966e+02 
2.733330535888671875e+01 2.996663513183593750e+02 7.000000000000000000e+00 7.268369999999999692e-03 5.352853999999999606e-07 5.566138000000000119e+01 7.058698999999999835e+00 7.516188049999999521e+01 2.527437400817871094e+01 1.929314483351430099e+05 -1.534349488229219958e+02 2.196546407772015925e+02 2.061417388916015909e+02 
9.666656494140625000e+00 2.633330688476561932e+02 8.000000000000000000e+00 2.809872999999999885e-02 1.465333000000000036e-06 6.383494999999999919e+01 1.029442000000000057e+01 6.979988860000000273e+01 2.730370330810546875e+01 6.768790975027629429e+03 1.534349488229219958e+02 2.231417358398437898e+02 2.215354309082030966e+02 
1.466665172576903942e+01 2.603330688476561932e+02 8.000000000000000000e+00 2.379586999999999848e-03 1.343757000000000086e-07 8.637219000000000335e+01 1.301046999999999976e+01 8.134258269999999413e+01 2.390532493591308949e+01 1.675555155526614981e+05 1.800000000000000000e+02 2.080486820765904099e+02 1.927559051513671875e+02 
1.566665077209473012e+01 2.609997253417968750e+02 8.000000000000000000e+00 3.520394000000000301e-02 5.730192000000000414e-07 9.042810000000000059e+01 1.039892000000000039e+01 8.523447419999999397e+01 3.568774032592772727e+01 1.813084363410880906e+05 1.800000000000000000e+02 2.167575733713860018e+02 1.954330749511719034e+02 
1.099998855590819957e+01 3.273329772949218750e+02 8.000000000000000000e+00 3.005075999999999928e-02 9.872529000000000933e-07 8.300515000000000043e+01 1.085365000000000002e+01 6.810129550000000620e+01 2.752019309997558949e+01 4.585764866514787718e+04 1.165650511770780042e+02 2.191535451552447000e+02 2.088188934326171875e+02 
8.999990463256835938e+00 3.163330078125000000e+02 9.000000000000000000e+00 6.812564000000000120e-02 8.578065000000000388e-07 8.662775999999999499e+01 7.433595999999999648e+00 8.161019899999999438e+01 4.413873672485352273e+01 5.293362313413651282e+04 1.463099324740202007e+02 2.185665275378104866e+02 2.034645690917969034e+02 
2.033331298828125000e+01 3.133330078125000000e+02 9.000000000000000000e+00 3.754089000000000167e-04 -1.161645999999999998e-07 6.331029999999999802e+01 1.488350999999999935e+01 6.794633480000000247e+01 1.235500621795653942e+01 1.158815196279013981e+04 -9.000000000000000000e+01 2.204943152533637090e+02 2.141732177734375000e+02 
1.033332252502441051e+01 2.679997253417968750e+02 1.000000000000000000e+01 1.041243000000000030e-01 1.371738999999999946e-06 9.010200000000000387e+01 8.328849999999999199e+00 7.389900969999999347e+01 1.732777976989746094e+01 8.110535636448461446e+03 1.350000000000000000e+02 2.249934412638345975e+02 2.181889801025390909e+02 
1.466665172576903942e+01 2.763330383300781250e+02 8.000000000000000000e+00 1.183579000000000055e-02 1.097807000000000084e-06 6.349004000000000048e+01 1.159807999999999950e+01 6.335418700000000314e+01 1.706335296630859091e+02 1.196722987277958055e+04 -1.202564371635292986e+02 2.272615966796875000e+02 2.215354309082030966e+02 
2.499997329711914062e+01 2.706663818359375000e+02 8.000000000000000000e+00 2.678656000000000093e-02 -7.278417000000000104e-07 8.508240000000000691e+01 1.240367999999999959e+01 7.811391450000000702e+01 4.177411651611328125e+01 1.745142982964407929e+04 -3.369006752597979215e+01 2.237823410034179972e+02 2.114960632324219034e+02 
1.433331871032715021e+01 3.329996643066406250e+02 9.000000000000000000e+00 1.021949999999999942e-01 1.945660000000000020e-06 8.659185999999999694e+01 1.050407000000000046e+01 6.914499659999999892e+01 1.719670677185058949e+01 5.055904741036538326e+04 1.350000000000000000e+02 2.212712410374691956e+02 2.041338653564453125e+02 
1.699998283386230113e+01 2.786663818359375000e+02 1.000000000000000000e+01 2.340203000000000075e-02 7.602176000000000429e-07 7.114188000000000045e+01 1.058766999999999925e+01 8.259677120000000627e+01 1.710319519042969105e+01 6.431814778274965647e+04 -1.350000000000000000e+02 2.162767168940330009e+02 1.907480316162109091e+02 
9.333323478698730469e+00 2.643330688476561932e+02 7.000000000000000000e+00 5.184819000000000233e-02 1.997504999999999860e-06 7.816244000000000369e+01 1.467803999999999931e+01 6.822512050000000272e+01 6.101567459106445312e+01 2.006623564074781025e+05 1.800000000000000000e+02 2.208661427884489115e+02 2.068110198974609091e+02 
2.933330345153808949e+01 2.683330383300781250e+02 8.000000000000000000e+00 4.759099999999999781e-07 -5.945810000000000378e-10 7.326089000000000340e+01 1.033643999999999963e+01 7.764531709999999975e+01 0.000000000000000000e+00 9.697212358199017763e+04 0.000000000000000000e+00 2.115539044038748955e+02 1.967716522216796875e+02 
2.166664314270019887e+01 2.649997253417968750e+02 9.000000000000000000e+00 6.571465999999999419e-02 9.587136000000000225e-07 9.474618999999999858e+01 1.182362999999999964e+01 8.100290680000000521e+01 7.787165069580078125e+01 2.055719420149385987e+05 2.656505117707799002e+01 2.121986117155655904e+02 1.880708618164061932e+02 
1.099998855590819957e+01 3.119996643066406250e+02 9.000000000000000000e+00 6.370154999999999741e-03 1.613284999999999877e-07 9.367288000000000636e+01 9.164044000000000523e+00 8.413436129999999480e+01 1.730884552001953125e+01 3.099898235385649969e+04 1.350000000000000000e+02 2.227867186173149037e+02 2.101574859619140909e+02 
8.333324432373046875e+00 3.206663208007811932e+02 9.000000000000000000e+00 9.532656000000000462e-02 1.677266999999999954e-06 8.336485000000000412e+01 9.271399000000000612e+00 7.252104950000000372e+01 3.664153671264647727e+01 6.235128327465128386e+05 1.800000000000000000e+02 2.198337723808870123e+02 1.940944824218750000e+02 
1.133332157135009943e+01 2.646663818359375000e+02 7.000000000000000000e+00 9.230807000000000595e-02 1.396257999999999982e-06 8.864117000000000246e+01 1.277530999999999928e+01 8.266832730000000140e+01 3.836445617675781250e+01 9.288841362159821438e+04 1.615650511770780042e+02 2.173353895104449975e+02 2.007873992919921875e+02 
1.266665363311767933e+01 3.249996643066406250e+02 7.000000000000000000e+00 4.921907999999999839e-02 1.824645000000000044e-06 7.772911999999999466e+01 1.281417000000000073e+01 6.694879149999999868e+01 4.375892639160156250e+01 3.753592358930820774e+04 1.463099324740202007e+02 2.182845905848911912e+02 2.027952728271484091e+02 
1.033332252502441051e+01 2.616663818359375000e+02 8.000000000000000000e+00 5.197613999999999707e-02 1.212799000000000033e-06 7.446174999999999500e+01 8.633466000000000307e+00 7.627300259999999810e+01 5.505116271972656250e+01 7.569234391440144100e+04 1.165650511770780042e+02 2.154640045166015909e+02 1.947637786865234091e+02 
1.566665077209473012e+01 2.679997253417968750e+02 9.000000000000000000e+00 1.327091000000000078e-03 1.007166000000000060e-07 7.987027000000000498e+01 7.220460000000000100e+00 6.893860630000000356e+01 7.412990570068359375e+01 7.544541520989300625e+04 9.000000000000000000e+01 2.174257488585355134e+02 1.967716522216796875e+02 
1.233332061767577947e+01 2.669997253417968750e+02 9.000000000000000000e+00 2.640477000000000102e-02 8.694747999999999580e-07 9.523803999999999803e+01 1.451229000000000013e+01 6.747028349999999364e+01 3.449983978271483664e+01 4.294877790987408662e+04 4.500000000000000000e+01 2.218282494544982910e+02 1.994488220214844034e+02 
1.499998474121093928e+01 2.863330383300781250e+02 8.000000000000000000e+00 8.731903000000000277e-04 5.348983000000000325e-07 4.337277000000000271e+01 1.511114000000000068e+01 6.161161040000000355e+01 2.470994949340819957e+01 9.295041661852859761e+03 9.000000000000000000e+01 2.296625453404018060e+02 2.228740234375000000e+02 
1.033332252502441051e+01 3.349996643066406250e+02 8.000000000000000000e+00 2.535489999999999966e-02 1.088904999999999995e-06 8.817239999999999611e+01 1.467811000000000021e+01 6.453603359999999611e+01 3.855343627929688211e+01 1.135601957926525938e+05 -1.615650511770780042e+02 2.227226302737282140e+02 2.094881896972655966e+02 
7.999991416931152344e+00 2.616663818359375000e+02 8.000000000000000000e+00 1.425982999999999938e-02 5.839824999999999818e-07 7.577288000000000068e+01 9.255668000000000006e+00 7.174057009999999934e+01 6.112299346923828125e+01 1.550330188269611972e+05 1.800000000000000000e+02 2.155646512215598136e+02 1.947637786865234091e+02 
1.333331966400145951e+01 3.293329772949218750e+02 9.000000000000000000e+00 1.247875999999999985e-01 2.123357000000000158e-06 9.128951999999999600e+01 1.331758999999999915e+01 7.311083979999999372e+01 5.173284530639647727e+01 1.122090037475697027e+05 -4.500000000000000000e+01 2.119024200439453125e+02 1.947637786865234091e+02 
1.633331680297851918e+01 3.209996643066406250e+02 9.000000000000000000e+00 1.231481000000000069e-02 1.295700999999999963e-06 6.796067999999999643e+01 1.772848000000000113e+01 6.521054839999999331e+01 4.888916397094727273e+01 2.450800099798628071e+05 1.659637565320734893e+02 2.169331565774897115e+02 1.974409484863280966e+02 
7.999991416931152344e+00 2.636663818359375000e+02 6.000000000000000000e+00 9.311598999999999571e-02 1.464301999999999952e-06 9.813042000000000087e+01 1.650632999999999839e+01 8.091397859999999298e+01 5.482320404052733664e+01 4.758827401019827812e+05 -2.656505117707799002e+01 2.194395962088449039e+02 1.920866088867188068e+02 
2.799997138977051137e+01 3.023330078125000000e+02 9.000000000000000000e+00 1.796365000000000114e-02 1.444323999999999904e-06 5.943034000000000106e+01 1.525967999999999947e+01 7.527388759999999479e+01 4.306097793579102273e+01 5.704618289804716187e+04 -5.630993247402020785e+01 2.212363898094664023e+02 2.081496124267578125e+02 
7.333325862884520596e+00 2.613330688476561932e+02 9.000000000000000000e+00 6.984841999999999440e-02 1.522839000000000075e-06 8.449956000000000245e+01 1.106714000000000020e+01 7.183606720000000223e+01 1.224481487274169922e+01 1.417014753062562086e+05 1.800000000000000000e+02 2.170498953599195886e+02 1.987795257568359091e+02 
1.199998760223389027e+01 3.219996643066406250e+02 1.000000000000000000e+01 1.129658000000000051e-02 8.793520999999999905e-07 6.760057999999999367e+01 1.484824000000000055e+01 7.187023929999999439e+01 4.941992950439453125e+01 7.254701765358545526e+04 9.000000000000000000e+01 2.238283773351598995e+02 2.108267669677734091e+02 
1.033332252502441051e+01 2.653330688476561932e+02 7.000000000000000000e+00 2.252107999999999888e-02 1.009739000000000066e-06 7.109483000000000175e+01 1.164315999999999995e+01 7.320413969999999892e+01 2.682395629882811932e+02 1.272978826026587049e+06 1.615650511770780042e+02 2.187383215086078110e+02 1.927559051513671875e+02 
2.766663742065430043e+01 3.013330078125000000e+02 7.000000000000000000e+00 8.131882999999999473e-03 -6.708337999999999993e-07 5.065657999999999817e+01 8.150043000000000148e+00 7.981909939999999892e+01 1.094171047210693004e+01 4.990208986716005893e+04 1.800000000000000000e+02 2.168503961330507082e+02 2.014566955566405966e+02 
1.466665172576903942e+01 2.619997253417968750e+02 7.000000000000000000e+00 1.496398999999999993e-02 -8.184597999999999476e-07 6.404107999999999379e+01 1.112494000000000050e+01 7.750389859999999942e+01 8.835901641845703125e+01 2.393601067203616913e+04 -1.236900675259797993e+02 2.279680684407551894e+02 2.161810913085938068e+02 
1.566665077209473012e+01 2.623330688476561932e+02 6.000000000000000000e+00 1.130020999999999977e-02 3.509140000000000147e-07 8.742844999999999800e+01 8.988146999999999665e+00 7.353580469999999991e+01 4.345532226562500000e+01 1.587086025643500034e+04 -3.369006752597979215e+01 2.132808405558268134e+02 1.947637786865234091e+02 
1.133332157135009943e+01 3.243330078125000000e+02 8.000000000000000000e+00 5.077269000000000226e-02 1.137392000000000104e-06 8.947475000000000023e+01 9.619830999999999577e+00 6.731099700000000041e+01 3.836445617675781250e+01 4.714453042337954685e+04 -1.615650511770780042e+02 2.234859418596539911e+02 2.074803161621094034e+02 
1.866664695739746094e+01 3.129996643066406250e+02 8.000000000000000000e+00 2.090600000000000184e-03 5.178378999999999892e-07 5.445895999999999759e+01 1.245125999999999955e+01 6.191832349999999963e+01 3.504633712768554688e+01 2.600458376074302942e+04 1.800000000000000000e+02 2.293326789855956918e+02 2.201968536376953125e+02 
2.233330917358398082e+01 2.976663513183593750e+02 9.000000000000000000e+00 2.754289999999999863e-02 1.076401000000000005e-06 7.620905000000000484e+01 1.640838000000000108e+01 8.076792140000000586e+01 4.719394683837891336e+01 2.170156094862708123e+05 1.659637565320734893e+02 2.167760289063928099e+02 2.001181030273438068e+02 
9.333323478698730469e+00 2.646663818359375000e+02 9.000000000000000000e+00 1.843747999999999915e-02 7.040514999999999964e-07 9.134338999999999942e+01 1.495261999999999958e+01 7.018321989999999744e+01 1.735335540771484020e+01 2.424962005838080950e+05 -4.500000000000000000e+01 2.149509527962966899e+02 1.927559051513671875e+02 
1.166665458679199041e+01 3.219996643066406250e+02 8.000000000000000000e+00 1.183876999999999985e-01 2.296083999999999902e-06 8.545963000000000420e+01 1.178894000000000020e+01 7.053522490000000289e+01 1.210099887847900035e+01 6.725457501074002721e+03 0.000000000000000000e+00 2.250157531738281023e+02 2.168504028320311932e+02 
1.866664695739746094e+01 2.683330383300781250e+02 8.000000000000000000e+00 7.289542999999999891e-03 4.064886999999999783e-07 7.124456000000000699e+01 8.918777000000000399e+00 7.226936340000000314e+01 1.170341205596924006e+01 1.821067122787778135e+04 1.800000000000000000e+02 2.266507328578404099e+02 2.141732177734375000e+02 
9.666656494140625000e+00 2.616663818359375000e+02 7.000000000000000000e+00 1.475575999999999971e-02 8.386777000000000111e-07 6.090102999999999867e+01 9.187086000000000752e+00 7.515751649999999984e+01 3.848134613037108664e+01 1.786705085094408132e+05 1.615650511770780042e+02 2.163585674401485903e+02 1.961023559570311932e+02 
2.199997711181640980e+01 2.819996948242188068e+02 8.000000000000000000e+00 2.928079000000000098e-03 -1.959595000000000019e-07 6.387100000000000222e+01 5.927477999999999803e+00 7.637890620000000297e+01 3.436579132080078125e+01 4.714655152501267730e+04 1.800000000000000000e+02 2.161268355910841876e+02 2.021259918212890909e+02 
8.999990463256835938e+00 3.296663208007811932e+02 8.000000000000000000e+00 1.302111000000000067e-02 9.628276000000000817e-07 6.710756999999999550e+01 1.463288999999999973e+01 7.212435150000000306e+01 4.434627914428710938e+01 2.522604915188979066e+05 1.236900675259797993e+02 2.177319883941322018e+02 2.001181030273438068e+02 
4.999994754791259766e+00 3.313329772949218750e+02 7.000000000000000000e+00 3.018540999999999802e-04 -3.652395000000000062e-08 7.717480000000000473e+01 1.224934000000000012e+01 8.579213710000000503e+01 5.076946258544921875e+01 2.148680516784926003e+05 -1.659637565320734893e+02 2.177797296609089130e+02 1.987795257568359091e+02 
1.233332061767577947e+01 3.386663208007811932e+02 8.000000000000000000e+00 4.318257000000000345e-02 1.619905000000000078e-06 7.396058999999999628e+01 1.411788999999999916e+01 7.418543239999999628e+01 3.620934677124022727e+01 1.744021780865906112e+04 0.000000000000000000e+00 2.245729863093449126e+02 2.181889801025390909e+02 
1.166665458679199041e+01 2.683330383300781250e+02 6.000000000000000000e+00 6.104479000000000155e-02 7.396809999999999913e-07 9.942056999999999789e+01 1.095608999999999966e+01 8.346273039999999810e+01 1.729895401000976918e+01 1.695480543935562018e+05 1.350000000000000000e+02 2.197612797570606915e+02 2.048031463623046875e+02 
1.066665554046631037e+01 3.129996643066406250e+02 7.000000000000000000e+00 1.512170000000000007e-02 5.255977999999999553e-07 8.632564999999999600e+01 1.116527999999999921e+01 7.209154510000000471e+01 3.844449234008789062e+01 5.127813923679309664e+04 1.615650511770780042e+02 2.204434336612098946e+02 2.088188934326171875e+02 
8.666657447814941406e+00 2.649997253417968750e+02 9.000000000000000000e+00 7.788148999999999766e-02 1.692249999999999976e-06 9.340507999999999811e+01 1.103206999999999915e+01 6.385546490000000119e+01 1.737635993957519887e+01 2.621441155637322809e+05 -1.350000000000000000e+02 2.159140802887436905e+02 1.974409484863280966e+02 
1.166665458679199041e+01 2.626663818359375000e+02 7.000000000000000000e+00 1.195153000000000049e-01 1.485250999999999910e-06 9.175065999999999633e+01 1.145803000000000083e+01 8.111352540000000033e+01 8.633149719238281250e+01 2.163846009744422045e+05 1.350000000000000000e+02 2.196772162395974988e+02 2.041338653564453125e+02 
1.166665458679199041e+01 3.176663208007811932e+02 8.000000000000000000e+00 1.057580999999999938e-01 2.405826000000000198e-06 7.738146999999999309e+01 1.217258999999999958e+01 7.415055080000000487e+01 2.750740814208984020e+01 7.939493234315169684e+04 1.165650511770780042e+02 2.177352204403634914e+02 2.007873992919921875e+02 
1.299998664855957031e+01 3.319996643066406250e+02 8.000000000000000000e+00 1.176008000000000053e-01 1.956788999999999960e-06 9.222735000000000127e+01 1.056958999999999982e+01 6.798140720000000670e+01 3.819335174560546875e+01 6.020960120505991654e+04 -1.615650511770780042e+02 2.186054243299695941e+02 2.061417388916015909e+02 
8.333324432373046875e+00 3.389996337890625000e+02 9.000000000000000000e+00 2.372151000000000121e-02 1.032894999999999959e-06 7.381739000000000317e+01 1.179233999999999938e+01 7.125215149999999653e+01 3.871324920654296875e+01 4.888960581235592254e+05 -1.615650511770780042e+02 2.219072633955213973e+02 2.034645690917969034e+02 
1.199998760223389027e+01 3.349996643066406250e+02 9.000000000000000000e+00 3.670703000000000160e-02 1.787625000000000101e-06 6.448220000000000596e+01 1.229067000000000043e+01 7.280398560000000430e+01 6.177490615844727273e+01 5.375112197453468980e+03 9.000000000000000000e+01 2.282283477783203125e+02 2.242126007080078125e+02 
1.433331871032715021e+01 2.689997253417968750e+02 1.000000000000000000e+01 8.494860999999999385e-02 1.377633000000000012e-06 9.141849000000000558e+01 1.000686999999999927e+01 7.199551390000000595e+01 3.706495666503906250e+01 1.996929170654888003e+04 -9.000000000000000000e+01 2.217585327148437102e+02 2.101574859619140909e+02 
1.033332252502441051e+01 2.876663818359375000e+02 1.000000000000000000e+01 2.260356999999999991e-02 1.175764999999999914e-06 5.438429000000000002e+01 7.384387000000000256e+00 7.672429660000000240e+01 2.725845336914062145e+01 2.621045590884340927e+05 1.534349488229219958e+02 2.156946600687871864e+02 1.920866088867188068e+02 
1.366665267944335938e+01 2.653330688476561932e+02 8.000000000000000000e+00 2.249576999999999827e-02 5.746928000000000121e-07 6.472848000000000468e+01 6.120067999999999842e+00 8.753861999999999455e+01 1.127676086425780966e+02 1.067544023388441929e+04 -1.306012946450044865e+02 2.231250000000000000e+02 2.148425292968750000e+02 
1.966664695739746094e+01 2.659997253417968750e+02 1.000000000000000000e+01 5.521540999999999949e-02 1.569736999999999943e-06 8.095399000000000456e+01 1.236908000000000030e+01 7.107254790000000355e+01 1.163453197479248047e+01 8.795546118902244780e+04 1.800000000000000000e+02 2.194980327381807115e+02 1.961023559570311932e+02 
7.666658878326416016e+00 3.223330078125000000e+02 7.000000000000000000e+00 2.053494999999999973e-02 5.528897000000000463e-07 7.826448000000000604e+01 7.713377999999999624e+00 7.624586490000000083e+01 6.606562805175781250e+01 2.559323287984500930e+05 -1.581985905136482131e+02 2.254123404482577939e+02 2.114960632324219034e+02 
1.933331298828125000e+01 2.799996948242188068e+02 8.000000000000000000e+00 1.095353000000000082e-03 -1.846243999999999945e-07 5.670510000000000161e+01 1.291493999999999964e+01 8.138891599999999471e+01 5.077085876464843750e+01 1.128597092309925065e+05 7.596375653207353196e+01 2.194506306264592013e+02 2.054724426269530966e+02 
1.466665172576903942e+01 3.296663208007811932e+02 8.000000000000000000e+00 1.857678999999999928e-02 2.007800000000000072e-06 5.970924999999999727e+01 1.117719999999999914e+01 5.713499070000000302e+01 1.235500621795653942e+01 1.196740994120596952e+04 9.000000000000000000e+01 2.270384945339627052e+02 2.181889801025390909e+02 
1.599998283386229936e+01 3.039996948242188068e+02 8.000000000000000000e+00 2.670468000000000147e-02 1.107403000000000060e-06 7.990035000000000309e+01 1.525507999999999953e+01 7.296727749999999446e+01 3.768199920654296875e+01 1.294162703383277985e+05 1.615650511770780042e+02 2.210027338144730891e+02 2.081496124267578125e+02 
1.166665458679199041e+01 3.316663208007811932e+02 8.000000000000000000e+00 1.251913000000000054e-01 2.189681999999999900e-06 8.230646000000000129e+01 1.198799999999999955e+01 7.687035369999999546e+01 2.718335342407226918e+01 3.633694675628664845e+04 -1.534349488229219958e+02 2.213371265552661953e+02 2.094881896972655966e+02 
8.333324432373046875e+00 3.053330078125000000e+02 1.000000000000000000e+01 6.280806999999999363e-02 1.275602999999999991e-06 8.335260999999999854e+01 1.323938000000000059e+01 8.199346160000000339e+01 1.737635993957519887e+01 1.711830385196302086e+05 1.350000000000000000e+02 2.164679418896872107e+02 1.994488220214844034e+02 
1.033332252502441051e+01 3.153330078125000000e+02 1.000000000000000000e+01 1.014241000000000031e-01 1.624217000000000097e-06 7.598053000000000168e+01 9.184851000000000099e+00 8.229934690000000330e+01 1.733612442016601918e+01 5.811256634219073021e+04 -1.350000000000000000e+02 2.177064663199491008e+02 2.041338653564453125e+02 
2.899996948242187855e+01 3.279996643066406250e+02 1.000000000000000000e+01 1.170008999999999980e-02 7.341606000000000102e-07 8.479425999999999419e+01 1.627856999999999843e+01 6.585726169999999513e+01 2.161316871643066051e+01 1.296224259272154013e+05 1.800000000000000000e+02 2.188086929321289062e+02 2.041338653564453125e+02 
9.666656494140625000e+00 2.659997253417968750e+02 7.000000000000000000e+00 8.667281000000000291e-02 9.813073999999999823e-07 9.674537999999999727e+01 9.804460000000000619e+00 8.060059359999999629e+01 4.871829605102539062e+01 1.137587732625655044e+05 1.800000000000000000e+02 2.188742050897506886e+02 1.994488220214844034e+02 
1.466665172576903942e+01 2.623330688476561932e+02 7.000000000000000000e+00 2.043050999999999895e-02 4.303103000000000227e-07 9.133769999999999811e+01 1.137945999999999991e+01 8.380785369999999546e+01 3.795143890380858664e+01 1.369285341217225941e+05 -1.615650511770780042e+02 2.091178049624544997e+02 1.887401580810546875e+02 
7.666658878326416016e+00 3.346663208007811932e+02 8.000000000000000000e+00 6.548689000000000593e-02 1.418118999999999915e-06 8.838799000000000206e+01 1.214288999999999952e+01 7.200447080000000710e+01 4.422108459472656250e+01 8.984956634285982000e+04 1.463099324740202007e+02 2.225495124585700921e+02 2.027952728271484091e+02 
8.999990463256835938e+00 3.229996643066406250e+02 9.000000000000000000e+00 4.870268999999999987e-02 1.139216000000000055e-06 7.959646999999999650e+01 1.142590000000000039e+01 7.907057949999999380e+01 6.571997070312500000e+01 5.101521511440589093e+05 1.581985905136482131e+02 2.217009773660213057e+02 1.994488220214844034e+02 
1.033332252502441051e+01 2.659997253417968750e+02 1.000000000000000000e+01 1.278084999999999916e-01 1.400354999999999995e-06 9.210282999999999731e+01 9.791254999999999598e+00 8.063273619999999653e+01 1.732708168029785156e+01 2.350851276400008937e+05 -4.500000000000000000e+01 2.169965617738920969e+02 1.934252014160155966e+02 
1.066665554046631037e+01 3.126663513183593750e+02 7.000000000000000000e+00 7.815806000000000142e-02 1.348175000000000014e-06 9.669513999999999498e+01 1.098222999999999949e+01 6.907952120000000207e+01 1.214176845550536932e+01 3.915381050582606258e+04 1.800000000000000000e+02 2.173812113794787138e+02 2.048031463623046875e+02 
2.599997329711914062e+01 2.846663818359375000e+02 8.000000000000000000e+00 4.027295999999999654e-02 1.065155000000000011e-06 8.354793999999999699e+01 1.345162999999999975e+01 7.766268159999999909e+01 2.220965003967285156e+01 2.298313291065382946e+05 1.800000000000000000e+02 2.192217009349535886e+02 2.041338653564453125e+02 
1.399998569488525035e+01 3.303329772949218750e+02 9.000000000000000000e+00 5.787599999999999689e-02 3.058992999999999868e-06 7.102843000000000018e+01 1.592737999999999943e+01 6.504070280000000537e+01 2.397552299499512074e+01 1.066570486861981954e+04 1.800000000000000000e+02 2.242962608337402060e+02 2.175196838378905966e+02 
1.033332252502441051e+01 2.603330688476561932e+02 1.000000000000000000e+01 5.358547999999999784e-02 1.322969000000000072e-06 9.993953000000000486e+01 1.663353999999999999e+01 6.974678799999999512e+01 2.752547645568848012e+01 2.200850783101556008e+05 1.165650511770780042e+02 2.189896637150114884e+02 1.920866088867188068e+02 
5.333327770233154297e+00 3.309996643066406250e+02 1.000000000000000000e+01 8.255714000000000802e-03 2.246018000000000042e-07 7.962646999999999764e+01 7.383366999999999791e+00 8.569947050000000388e+01 5.503707885742188211e+01 3.829450205737460055e+04 1.534349488229219958e+02 2.226349846976144136e+02 2.074803161621094034e+02 
1.299998664855957031e+01 3.146663513183593750e+02 8.000000000000000000e+00 4.763698999999999711e-02 1.455393000000000094e-06 8.489028000000000418e+01 1.445730000000000004e+01 7.111705019999999422e+01 4.974413681030272727e+01 4.282428858686953026e+04 1.659637565320734893e+02 2.213471956253052042e+02 2.074803161621094034e+02 
9.999989509582519531e+00 3.369996337890625000e+02 9.000000000000000000e+00 4.312620999999999816e-02 1.072878999999999982e-06 8.675894999999999868e+01 1.052712000000000003e+01 6.976070400000000404e+01 2.730192565917969105e+01 1.758655817039906105e+05 -1.534349488229219958e+02 2.154294380774865090e+02 1.961023559570311932e+02 
1.933331298828125000e+01 2.673330688476561932e+02 6.000000000000000000e+00 1.110113000000000072e-02 3.492881000000000160e-07 8.819181000000000381e+01 1.325137999999999927e+01 8.313860320000000570e+01 2.331704711914062145e+01 5.703291480617148045e+04 1.800000000000000000e+02 2.176565870805220015e+02 2.027952728271484091e+02 
1.066665554046631037e+01 3.186663208007811932e+02 7.000000000000000000e+00 3.676954000000000333e-02 1.076880000000000098e-06 8.822871999999999559e+01 1.257474000000000025e+01 6.917549900000000207e+01 3.642429351806641336e+01 2.159486768120491979e+04 0.000000000000000000e+00 2.258021659851073935e+02 2.161810913085938068e+02 
2.499997329711914062e+01 2.949996948242188068e+02 8.000000000000000000e+00 7.356612999999999694e-03 4.272319000000000049e-07 8.168789999999999907e+01 1.690148999999999901e+01 7.798097230000000479e+01 5.065902709960938211e+01 2.962474276222552871e+05 1.040362434679264965e+02 2.209505081817883081e+02 1.994488220214844034e+02 
1.099998855590819957e+01 3.299996643066406250e+02 8.000000000000000000e+00 9.395768000000000175e-02 1.396759000000000047e-06 9.638433999999999457e+01 1.347372000000000014e+01 7.801885219999999777e+01 1.731708335876464844e+01 5.582343874831836438e+05 -4.500000000000000000e+01 2.183199260545812876e+02 1.987795257568359091e+02 
1.199998760223389027e+01 2.639997253417968750e+02 7.000000000000000000e+00 1.402872000000000008e-01 1.442948000000000038e-06 9.247480000000000189e+01 1.244255000000000067e+01 8.874423219999999901e+01 2.749988555908203125e+01 6.177726061355522688e+04 1.165650511770780042e+02 2.162247533383576865e+02 1.987795257568359091e+02 
2.366664123535155895e+01 3.129996643066406250e+02 9.000000000000000000e+00 4.599273999999999767e-04 1.612180000000000080e-07 5.444823000000000235e+01 1.440901999999999994e+01 7.084472660000000133e+01 2.576034355163573863e+01 1.371228907481947972e+05 1.534349488229219958e+02 2.215231538825078985e+02 2.034645690917969034e+02 
1.099998855590819957e+01 3.093330078125000000e+02 8.000000000000000000e+00 5.588242000000000209e-02 8.847215000000000386e-07 8.915413999999999817e+01 8.055488000000000426e+00 7.482059479999999496e+01 2.752591705322265980e+01 1.482634502997068921e+04 -6.343494882292200998e+01 2.198317843350496901e+02 2.068110198974609091e+02 
1.199998760223389027e+01 3.193330078125000000e+02 9.000000000000000000e+00 6.887873999999999386e-02 1.356170000000000053e-06 9.359130000000000393e+01 1.024410999999999916e+01 6.661464689999999678e+01 0.000000000000000000e+00 1.531070105018029863e+05 0.000000000000000000e+00 2.136213572987338978e+02 1.981102294921875000e+02 
2.899996948242187855e+01 2.736663818359375000e+02 8.000000000000000000e+00 2.147837000000000010e-02 -6.305540000000000491e-07 9.214493000000000222e+01 1.476252999999999993e+01 7.696015169999999728e+01 2.492458534240723012e+01 4.320067431357094028e+04 -1.534349488229219958e+02 2.185979885525173927e+02 2.081496124267578125e+02 
1.833331489562987926e+01 2.999996948242188068e+02 8.000000000000000000e+00 3.305164000000000019e-02 1.205858000000000077e-06 8.682671000000000561e+01 1.299853000000000058e+01 6.490792079999999942e+01 4.293746185302733664e+01 1.355235064381133125e+05 1.463099324740202007e+02 2.131371154785155966e+02 1.954330749511719034e+02 
1.833331489562987926e+01 3.286663208007811932e+02 8.000000000000000000e+00 2.739704000000000098e-02 2.019011000000000158e-06 8.878077999999999292e+01 1.804195999999999955e+01 5.259606550000000169e+01 3.518341827392578125e+01 1.825925146080703053e+04 1.800000000000000000e+02 2.220613065447126075e+02 2.114960632324219034e+02 
