1.466665172576903942e+01 2.626663818359375000e+02 6.000000000000000000e+00 4.824864000000000236e-02 6.334296999999999986e-07 8.524997000000000469e+01 7.186861999999999639e+00 8.520871730000000355e+01 1.195266437530517933e+01 7.171921949664270505e+04 1.800000000000000000e+02 2.174577147872360001e+02 2.001181030273438068e+02 
9.666656494140625000e+00 2.616663818359375000e+02 7.000000000000000000e+00 7.230483999999999523e-02 1.580086999999999980e-06 7.542368000000000450e+01 9.267015000000000668e+00 7.530409240000000182e+01 7.827808380126953125e+01 1.597286125547240081e+05 3.865980825409008759e+01 2.209795821884931115e+02 1.974409484863280966e+02 
2.833330345153808949e+01 2.986663513183593750e+02 7.000000000000000000e+00 9.059268000000000529e-03 7.669120999999999710e-07 5.461088999999999771e+01 8.925157000000000451e+00 7.381421659999999463e+01 1.647065353393555043e+01 8.473226791094269720e+04 -4.500000000000000000e+01 2.161715427943638019e+02 2.041338653564453125e+02 
1.099998855590819957e+01 2.606663818359375000e+02 8.000000000000000000e+00 2.816072999999999840e-02 1.424891000000000077e-06 6.814846000000000004e+01 1.254612999999999978e+01 7.117330929999999967e+01 0.000000000000000000e+00 1.226489636426513025e+05 0.000000000000000000e+00 2.150263913332761092e+02 1.940944824218750000e+02 
1.666664886474609020e+01 2.646663818359375000e+02 9.000000000000000000e+00 1.643853999999999932e-04 5.225476999999999987e-08 5.053721999999999781e+01 8.666729000000000127e+00 7.956588750000000232e+01 1.235500621795653942e+01 2.896354746605670880e+04 -9.000000000000000000e+01 2.119523988203569047e+02 1.927559051513671875e+02 
1.099998855590819957e+01 2.643330688476561932e+02 9.000000000000000000e+00 4.087016000000000260e-02 1.347416000000000026e-06 7.803197000000000116e+01 1.010849999999999937e+01 6.705531310000000644e+01 3.460639572143554688e+01 3.371574096927770734e+04 1.350000000000000000e+02 2.193401586914062875e+02 2.081496124267578125e+02 
1.299998664855957031e+01 2.663330688476561932e+02 6.000000000000000000e+00 1.611295999999999909e-02 5.820331000000000001e-07 7.605490000000000350e+01 1.078119000000000050e+01 7.845832059999999331e+01 3.452282333374022727e+01 6.694728959808662694e+03 -1.350000000000000000e+02 2.169842529296875000e+02 2.081496124267578125e+02 
6.999992847442626953e+00 2.643330688476561932e+02 7.000000000000000000e+00 6.548199999999999681e-03 6.134267000000000014e-07 5.482592000000000354e+01 6.766608999999999874e+00 6.805680850000000248e+01 2.450739097595214844e+01 5.452286976415416575e+03 0.000000000000000000e+00 2.292322845458984091e+02 2.242126007080078125e+02 
2.799997138977051137e+01 2.756663818359375000e+02 8.000000000000000000e+00 8.836762999999999216e-03 2.271793000000000019e-07 8.427491999999999450e+01 8.834078999999999127e+00 8.687856290000000570e+01 4.092568969726561789e+01 4.973933573948704725e+04 3.369006752597979215e+01 2.224006165295112112e+02 2.074803161621094034e+02 
1.299998664855957031e+01 3.259996643066406250e+02 8.000000000000000000e+00 6.639098999999999695e-02 1.851831000000000007e-06 8.230876000000000658e+01 1.008023000000000025e+01 6.368494799999999856e+01 1.725592422485351918e+01 2.410344612861506175e+04 -4.500000000000000000e+01 2.235061230129666114e+02 2.101574859619140909e+02 
1.099998855590819957e+01 3.116663513183593750e+02 9.000000000000000000e+00 6.147032000000000190e-02 1.642986000000000019e-06 6.882773000000000252e+01 9.885498000000000118e+00 7.829496000000000322e+01 5.003370666503906250e+01 1.886234793896763877e+05 -1.659637565320734893e+02 2.166974138532366112e+02 1.974409484863280966e+02 
2.066664505004883168e+01 3.119996643066406250e+02 9.000000000000000000e+00 7.447261999999999849e-04 1.751760000000000064e-07 5.968430000000000035e+01 1.442374000000000045e+01 7.283570100000000025e+01 2.728075027465819957e+01 1.492299349224856123e+05 1.165650511770780042e+02 2.138385843737372056e+02 1.961023559570311932e+02 
1.466665172576903942e+01 2.676663818359375000e+02 9.000000000000000000e+00 2.549440999999999860e-02 9.144646000000000079e-07 8.302570000000000050e+01 1.219140999999999941e+01 6.980345920000000604e+01 3.795143890380858664e+01 6.377157072305962356e+04 -1.615650511770780042e+02 2.151213935216267998e+02 1.934252014160155966e+02 
9.999989509582519531e+00 2.676663818359375000e+02 1.000000000000000000e+01 1.183662999999999937e-01 1.613769999999999925e-06 9.251071000000000311e+01 9.760310000000000485e+00 7.281604000000000099e+01 3.901633453369141336e+01 1.623085504622938970e+04 -1.084349488229219958e+02 2.205314979553222940e+02 2.027952728271484091e+02 
1.266665363311767933e+01 2.606663818359375000e+02 7.000000000000000000e+00 9.480313000000000628e-03 2.546559999999999743e-07 8.610217000000000098e+01 8.458856000000000819e+00 8.112493899999999769e+01 2.707635688781737926e+01 1.876469550493400893e+05 1.534349488229219958e+02 2.075089991978236981e+02 1.874015808105469034e+02 
9.999989509582519531e+00 2.626663818359375000e+02 7.000000000000000000e+00 1.107714000000000060e-01 2.180454999999999946e-06 8.620470000000000255e+01 1.238219999999999921e+01 7.145095059999999876e+01 1.734418296813964844e+01 5.729797306545292959e+05 4.500000000000000000e+01 2.123468844215825015e+02 1.874015808105469034e+02 
1.233332061767577947e+01 2.719997253417968750e+02 8.000000000000000000e+00 1.058718000000000020e-01 2.160080000000000162e-06 8.726833000000000595e+01 1.470681000000000083e+01 7.460723880000000463e+01 5.186323928833007812e+01 7.130674323887046194e+05 -1.350000000000000000e+02 2.126849367242110134e+02 1.827165374755859091e+02 
2.599997329711914062e+01 2.703330383300781250e+02 8.000000000000000000e+00 2.233579000000000120e-02 -7.998933000000000043e-07 7.870775999999999328e+01 1.474266000000000076e+01 8.100263209999999958e+01 5.082761383056641336e+01 1.936311694697414932e+05 -1.534349488229219958e+02 2.213094946988829008e+02 2.068110198974609091e+02 
1.566665077209473012e+01 3.303329772949218750e+02 8.000000000000000000e+00 7.673236999999999419e-02 1.825635000000000055e-06 9.033132000000000517e+01 1.415699000000000041e+01 6.937624359999999513e+01 4.340713119506835938e+01 1.057536590648027959e+04 -1.463099324740202007e+02 2.215354347229003906e+02 2.094881896972655966e+02 
1.499998474121093928e+01 3.313329772949218750e+02 9.000000000000000000e+00 4.564307000000000086e-02 1.443635999999999971e-06 8.319070999999999572e+01 1.095260999999999996e+01 6.479597470000000214e+01 3.784706115722656250e+01 1.989203512538678115e+04 1.615650511770780042e+02 2.219816284179688068e+02 2.094881896972655966e+02 
1.799998092651366832e+01 2.796663818359375000e+02 1.000000000000000000e+01 2.713468999999999950e-02 5.717265999999999997e-07 8.767556000000000438e+01 1.180455000000000076e+01 8.435970310000000438e+01 1.174958515167235973e+01 2.309823157708139915e+05 0.000000000000000000e+00 2.146534561760680901e+02 1.874015808105469034e+02 
8.333324432373046875e+00 2.616663818359375000e+02 7.000000000000000000e+00 3.701146000000000297e-02 1.735019000000000007e-06 8.044158000000000186e+01 1.344787999999999961e+01 6.143980030000000170e+01 5.210734176635742188e+01 2.446166582122598993e+04 1.350000000000000000e+02 2.210892418755425126e+02 2.094881896972655966e+02 
2.866663742065430043e+01 2.693330383300781250e+02 8.000000000000000000e+00 2.623625999999999874e-05 -8.969930999999999762e-09 8.038720999999999606e+01 9.860134000000000398e+00 6.825094599999999900e+01 1.235506916046142933e+01 1.351539200003140140e+05 -9.000000000000000000e+01 2.057772083282470987e+02 1.900787353515625000e+02 
1.399998569488525035e+01 3.389996337890625000e+02 8.000000000000000000e+00 6.096678999999999987e-02 1.510317000000000011e-06 9.159539999999999793e+01 1.181056000000000061e+01 6.508325960000000521e+01 2.470994949340819957e+01 6.928483713750087190e+04 -9.000000000000000000e+01 2.166058464050292969e+02 1.994488220214844034e+02 
1.066665554046631037e+01 2.989996948242188068e+02 8.000000000000000000e+00 8.037194000000000282e-02 1.563252999999999896e-06 8.278500999999999976e+01 1.221709000000000067e+01 7.857082370000000537e+01 1.235497474670409979e+01 6.751770413405827640e+03 -9.000000000000000000e+01 2.278267761230468977e+02 2.248818969726561932e+02 
1.466665172576903942e+01 3.203330078125000000e+02 8.000000000000000000e+00 5.874962999999999713e-02 1.939445000000000199e-06 8.783727000000000373e+01 1.299741000000000035e+01 6.128273389999999665e+01 3.789983749389647727e+01 6.242786577633916022e+04 1.615650511770780042e+02 2.119802314271317982e+02 1.954330749511719034e+02 
1.299998664855957031e+01 2.619997253417968750e+02 8.000000000000000000e+00 3.259001000000000259e-02 1.268442000000000103e-06 9.876237000000000421e+01 1.735896999999999935e+01 6.217310710000000284e+01 3.606565856933593750e+01 1.245873651513020042e+06 1.800000000000000000e+02 2.104784822914222104e+02 1.860629882812500000e+02 
2.199997711181640980e+01 2.679997253417968750e+02 9.000000000000000000e+00 4.904735999999999818e-02 1.324478000000000010e-06 8.428888999999999498e+01 1.307301999999999964e+01 7.292618559999999661e+01 1.145371913909911932e+01 2.695481424095067778e+05 0.000000000000000000e+00 2.197043544841262133e+02 1.967716522216796875e+02 
1.199998760223389027e+01 3.103330078125000000e+02 9.000000000000000000e+00 4.642468999999999762e-02 5.562422999999999886e-07 9.913035999999999603e+01 7.151210999999999984e+00 7.709191889999999603e+01 7.359831237792968750e+01 8.736502888261764019e+04 -1.705376777919744029e+02 2.194760758620041941e+02 2.054724426269530966e+02 
1.466665172576903942e+01 3.299996643066406250e+02 9.000000000000000000e+00 3.204131999999999814e-02 1.380074000000000053e-06 7.852926999999999680e+01 1.410806000000000004e+01 6.851152799999999843e+01 3.440583038330078125e+01 3.987528887317587942e+04 -1.350000000000000000e+02 2.122099736531575900e+02 1.987795257568359091e+02 
1.233332061767577947e+01 2.653330688476561932e+02 9.000000000000000000e+00 9.016821999999999337e-02 1.429285000000000030e-06 8.340055999999999869e+01 8.535363000000000255e+00 7.510892490000000521e+01 3.823714828491210938e+01 3.191922531498168828e+05 -1.615650511770780042e+02 2.168897653146952109e+02 1.947637786865234091e+02 
7.999991416931152344e+00 3.173330078125000000e+02 9.000000000000000000e+00 8.522346999999999562e-02 1.395994000000000106e-06 7.547418000000000404e+01 7.950980000000000381e+00 8.067513280000000009e+01 2.756432723999023082e+01 3.943401188048811164e+05 1.165650511770780042e+02 2.190890592903926120e+02 1.947637786865234091e+02 
1.166665458679199041e+01 3.229996643066406250e+02 7.000000000000000000e+00 6.143317000000000222e-02 2.165894999999999953e-06 8.273609000000000435e+01 1.271978999999999971e+01 6.198570629999999682e+01 7.795108795166015625e+01 6.725366481042434316e+03 7.156505117707799002e+01 2.260866180419922102e+02 2.175196838378905966e+02 
1.299998664855957031e+01 2.616663818359375000e+02 7.000000000000000000e+00 8.785827000000000220e-02 1.249564999999999953e-06 9.396829999999999927e+01 1.230929000000000073e+01 7.997580720000000554e+01 2.704669189453125000e+01 1.177329817485818930e+05 1.534349488229219958e+02 2.125152117989279930e+02 1.940944824218750000e+02 
1.433331871032715021e+01 3.216663208007811932e+02 7.000000000000000000e+00 2.722855999999999888e-02 1.773198999999999995e-06 7.261436000000000490e+01 1.307360000000000078e+01 6.012917709999999971e+01 3.795143890380858664e+01 6.651089264951838413e+04 1.615650511770780042e+02 2.191795275878905898e+02 2.061417388916015909e+02 
1.333331966400145951e+01 2.619997253417968750e+02 8.000000000000000000e+00 1.862486000000000003e-02 5.890473000000000497e-07 6.623357000000000028e+01 7.112867999999999746e+00 8.257102969999999686e+01 5.086878967285156250e+01 1.777536871687211969e+05 -1.040362434679264965e+02 2.198596898129111992e+02 2.014566955566405966e+02 
1.399998569488525035e+01 2.633330688476561932e+02 9.000000000000000000e+00 1.915120999999999837e-02 4.702046000000000254e-07 7.920882000000000289e+01 8.693887999999999394e+00 8.273378750000000537e+01 1.235497474670409979e+01 1.720216168159572117e+05 -9.000000000000000000e+01 2.125492899103682021e+02 1.927559051513671875e+02 
1.266665363311767933e+01 3.183330078125000000e+02 9.000000000000000000e+00 6.006820999999999688e-02 1.313658999999999945e-06 8.595530999999999722e+01 8.088561000000000334e+00 6.531880950000000041e+01 3.898302459716796875e+01 5.363230134449245270e+03 -1.084349488229219958e+02 2.300688972473145100e+02 2.255511779785155966e+02 
1.266665363311767933e+01 2.663330688476561932e+02 9.000000000000000000e+00 2.004140000000000088e-02 5.842244999999999915e-07 9.723080000000000211e+01 1.214134999999999920e+01 6.872051999999999339e+01 1.724461746215819957e+01 4.420753018748932664e+04 4.500000000000000000e+01 2.201968527129201902e+02 1.967716522216796875e+02 
1.166665458679199041e+01 3.179996643066406250e+02 1.000000000000000000e+01 1.674513999999999994e-03 5.591069000000000128e-07 4.812691999999999837e+01 1.593515000000000015e+01 6.894265749999999571e+01 2.470994949340819957e+01 6.725457501074002721e+03 -9.000000000000000000e+01 2.274252014160155966e+02 2.228740234375000000e+02 
1.833331489562987926e+01 2.676663818359375000e+02 1.000000000000000000e+01 1.519160999999999992e-03 1.199031999999999960e-07 7.228898999999999830e+01 8.769882000000000843e+00 7.734332279999999571e+01 2.734176063537598012e+01 3.520908675295407738e+04 1.165650511770780042e+02 2.152887143735532050e+02 1.987795257568359091e+02 
9.999989509582519531e+00 2.616663818359375000e+02 1.000000000000000000e+01 3.766713000000000006e-02 1.070636999999999927e-06 7.639588999999999430e+01 8.539614000000000260e+00 7.083233640000000264e+01 3.464415740966796875e+01 1.176332383756870986e+05 1.350000000000000000e+02 2.162503409550108131e+02 1.967716522216796875e+02 
1.366665267944335938e+01 2.629997253417968750e+02 6.000000000000000000e+00 2.300711000000000075e-02 8.776266000000000059e-07 7.073288999999999760e+01 1.148268999999999984e+01 7.909304050000000075e+01 2.698700523376464844e+01 3.497486731605143286e+05 1.534349488229219958e+02 2.094677534030593904e+02 1.867322845458984091e+02 
1.666664886474609020e+01 2.843330383300781250e+02 8.000000000000000000e+00 5.554349000000000092e-03 4.423213000000000103e-07 8.356408999999999310e+01 1.701547000000000054e+01 6.841198730000000694e+01 2.367144012451171875e+01 7.766879629018860578e+04 1.800000000000000000e+02 2.194594972254865866e+02 2.048031463623046875e+02 
9.333323478698730469e+00 3.306663208007811932e+02 8.000000000000000000e+00 1.779100999999999946e-02 7.410459000000000381e-07 8.222990000000000066e+01 1.131115999999999921e+01 6.759595489999999529e+01 3.473030853271483664e+01 1.057486993782202044e+05 -1.350000000000000000e+02 2.172279436160355885e+02 2.034645690917969034e+02 
1.166665458679199041e+01 3.163330078125000000e+02 8.000000000000000000e+00 5.381985000000000241e-02 1.964162999999999798e-06 7.303167000000000542e+01 1.396471999999999980e+01 7.311342620000000636e+01 6.294146728515625000e+01 2.622963598738753935e+05 1.013099324740202007e+02 2.249608337402343921e+02 2.081496124267578125e+02 
1.399998569488525035e+01 3.296663208007811932e+02 9.000000000000000000e+00 4.394560000000000133e-02 1.747835999999999955e-06 7.713884000000000185e+01 1.377045000000000030e+01 6.821417999999999893e+01 6.132565307617188211e+01 4.797300887416374753e+05 -1.686900675259797993e+02 2.197599533504910028e+02 1.954330749511719034e+02 
1.566665077209473012e+01 3.163330078125000000e+02 9.000000000000000000e+00 3.046449000000000032e-02 2.007708999999999889e-06 6.514567999999999870e+01 1.644511999999999929e+01 7.161330409999999347e+01 2.379151725769042969e+01 1.838678701601669891e+05 1.800000000000000000e+02 2.169226209242567052e+02 1.927559051513671875e+02 
9.333323478698730469e+00 2.633330688476561932e+02 6.000000000000000000e+00 3.342835000000000251e-02 1.176244000000000007e-06 7.678167999999999438e+01 1.846428999999999832e+01 8.599376680000000306e+01 4.434572982788085938e+01 1.423371006375224970e+05 1.236900675259797993e+02 2.199928764706565971e+02 1.967716522216796875e+02 
1.299998664855957031e+01 3.383329772949218750e+02 8.000000000000000000e+00 6.847006999999999399e-02 2.043568000000000184e-06 8.258311999999999387e+01 1.161994999999999933e+01 6.412866970000000322e+01 2.404345321655273082e+01 4.551549909481716895e+04 1.800000000000000000e+02 2.172834670122931868e+02 2.014566955566405966e+02 
2.633330535888671875e+01 3.043330078125000000e+02 9.000000000000000000e+00 1.584160999999999903e-02 1.097946999999999925e-06 6.321753999999999962e+01 1.429851999999999990e+01 7.584484860000000594e+01 1.235494232177734020e+01 1.389573236804206099e+05 -9.000000000000000000e+01 2.130774865614629050e+02 1.947637786865234091e+02 
2.366664123535155895e+01 3.136663513183593750e+02 9.000000000000000000e+00 4.740090999999999879e-04 -1.894232999999999913e-07 5.414945000000000164e+01 1.748551000000000144e+01 7.184922029999999893e+01 2.716574859619140980e+01 1.598729148380506958e+05 6.343494882292200998e+01 2.146369911253921998e+02 2.007873992919921875e+02 
1.366665267944335938e+01 2.606663818359375000e+02 1.000000000000000000e+01 3.435388999999999804e-02 1.122814000000000038e-06 8.536668000000000234e+01 1.537923999999999936e+01 7.400655360000000371e+01 4.941992950439453125e+01 5.335831715321342017e+03 -9.000000000000000000e+01 2.257185058593750000e+02 2.201968536376953125e+02 
1.233332061767577947e+01 3.213330078125000000e+02 1.000000000000000000e+01 1.448848999999999970e-02 7.526263999999999478e-07 7.986096999999999468e+01 1.492233000000000054e+01 7.158861539999999479e+01 1.726690864562987926e+01 9.253504958614463976e+04 1.350000000000000000e+02 2.223987238787223077e+02 2.088188934326171875e+02 
1.533331775665283025e+01 2.676663818359375000e+02 6.000000000000000000e+00 1.629634999999999938e-03 1.616147000000000052e-07 7.141425999999999874e+01 7.437799000000000049e+00 6.572549440000000232e+01 5.155184936523438211e+01 7.951493976210256733e+03 -4.500000000000000000e+01 2.212007878621419081e+02 2.101574859619140909e+02 
1.166665458679199041e+01 2.663330688476561932e+02 7.000000000000000000e+00 1.533320999999999990e-01 1.411957000000000075e-06 9.547379999999999711e+01 1.008322000000000074e+01 8.312014770000000397e+01 1.235497474670409979e+01 1.049209428256706015e+05 -9.000000000000000000e+01 2.220502736018254097e+02 1.994488220214844034e+02 
2.733330535888671875e+01 2.989996948242188068e+02 7.000000000000000000e+00 1.507624999999999937e-02 -9.002374000000000114e-07 5.610182999999999964e+01 8.294553999999999760e+00 7.683483119999999644e+01 2.521827888488769887e+01 2.319856574696911048e+04 -1.534349488229219958e+02 2.219933728669819004e+02 2.108267669677734091e+02 
9.999989509582519531e+00 3.283329772949218750e+02 8.000000000000000000e+00 2.414581000000000019e-02 9.704053000000000160e-07 8.323095999999999606e+01 1.553561999999999976e+01 7.289282989999999529e+01 2.433610343933105113e+01 1.353066546522805947e+04 1.800000000000000000e+02 2.254842514038085994e+02 2.161810913085938068e+02 
1.099998855590819957e+01 2.643330688476561932e+02 6.000000000000000000e+00 8.169948000000000488e-02 7.805719999999999569e-07 9.976228000000000407e+01 1.078476999999999997e+01 8.874251560000000438e+01 1.731777954101562145e+01 7.571380440454229247e+05 -1.350000000000000000e+02 2.149592294659055085e+02 1.920866088867188068e+02 
9.999989509582519531e+00 3.223330078125000000e+02 8.000000000000000000e+00 5.923424000000000050e-02 9.379767999999999715e-07 9.249676999999999794e+01 8.287041000000000324e+00 7.202202610000000504e+01 2.725845336914062145e+01 3.245323704140104019e+04 1.534349488229219958e+02 2.200295295715332031e+02 2.041338653564453125e+02 
1.966664695739746094e+01 3.103330078125000000e+02 8.000000000000000000e+00 2.468306999999999880e-04 1.036111000000000059e-07 5.638349999999999795e+01 1.214583000000000013e+01 6.499409479999999917e+01 2.632332229614258168e+01 7.897293722821577103e+04 1.534349488229219958e+02 2.194178401759413077e+02 2.081496124267578125e+02 
2.366664123535155895e+01 2.956663513183593750e+02 9.000000000000000000e+00 1.303347000000000012e-02 8.484505999999999569e-07 7.044133999999999673e+01 1.713183000000000078e+01 7.809080509999999720e+01 5.985642242431641336e+01 1.897471535579909978e+05 1.268698976458440058e+02 2.152104096065293959e+02 1.981102294921875000e+02 
9.999989509582519531e+00 2.643330688476561932e+02 9.000000000000000000e+00 9.799062000000000744e-03 7.079396000000000032e-07 7.799782000000000437e+01 1.565461999999999954e+01 6.763311769999999967e+01 1.734488296508789062e+01 3.097961800016529742e+05 -4.500000000000000000e+01 2.210999563958447141e+02 1.974409484863280966e+02 
1.166665458679199041e+01 2.789996948242188068e+02 9.000000000000000000e+00 5.957290999999999975e-02 2.351186999999999890e-06 7.859870999999999697e+01 1.708287999999999940e+01 6.968755339999999876e+01 1.235497474670409979e+01 2.272824996753126907e+05 9.000000000000000000e+01 2.179513590434598882e+02 1.934252014160155966e+02 
1.166665458679199041e+01 2.636663818359375000e+02 8.000000000000000000e+00 6.638317000000000523e-02 2.024076999999999815e-06 6.991736000000000217e+01 1.252434000000000047e+01 7.741472629999999810e+01 1.728808784484862926e+01 4.182260878268164815e+05 -4.500000000000000000e+01 2.134479848487584093e+02 1.940944824218750000e+02 
1.099998855590819957e+01 3.213330078125000000e+02 8.000000000000000000e+00 1.054871000000000003e-01 2.041271000000000094e-06 9.224769000000000574e+01 1.195517000000000074e+01 6.702752689999999802e+01 4.941989898681641336e+01 8.087394867158314446e+04 9.000000000000000000e+01 2.202860913594564067e+02 2.034645690917969034e+02 
1.899998092651366832e+01 2.683330383300781250e+02 8.000000000000000000e+00 2.000796999999999992e-02 5.088648000000000132e-07 8.791540000000000532e+01 8.498329999999999274e+00 7.219790650000000198e+01 1.235494232177734020e+01 3.895935771164314065e+04 9.000000000000000000e+01 2.143517079671223939e+02 1.987795257568359091e+02 
8.999990463256835938e+00 3.293329772949218750e+02 9.000000000000000000e+00 9.265062000000000297e-02 9.917769999999999744e-07 9.990076000000000533e+01 9.554914999999999381e+00 7.871888730000000578e+01 4.413873672485352273e+01 2.034639385991004019e+04 3.369006752597979215e+01 2.195721791585287122e+02 2.108267669677734091e+02 
1.866664695739746094e+01 2.783330383300781250e+02 9.000000000000000000e+00 2.268320999999999792e-03 -2.864091999999999915e-07 6.292699000000000353e+01 1.435502999999999929e+01 7.816846470000000124e+01 5.472253799438477273e+01 1.950762677083552990e+04 -6.343494882292200998e+01 2.283175862630207860e+02 2.242126007080078125e+02 
1.399998569488525035e+01 3.393329772949218750e+02 9.000000000000000000e+00 1.864665999999999893e-02 9.097520000000000058e-07 7.900763999999999498e+01 1.485316000000000081e+01 7.145932770000000289e+01 1.719670677185058949e+01 8.257524194306330173e+04 1.350000000000000000e+02 2.171418607158045972e+02 1.994488220214844034e+02 
2.299997520446776988e+01 2.819996948242188068e+02 8.000000000000000000e+00 7.823428999999999800e-04 -7.581278000000000132e-08 6.944472000000000378e+01 7.541134999999999700e+00 7.757619479999999612e+01 2.590870094299316051e+01 1.265210949922423060e+04 -1.534349488229219958e+02 2.212007904052734091e+02 2.128346557617188068e+02 
1.066665554046631037e+01 3.266663208007811932e+02 8.000000000000000000e+00 2.583836999999999939e-02 1.139044999999999993e-06 7.775852000000000430e+01 1.350244999999999962e+01 6.969689180000000306e+01 1.211433696746825994e+01 2.981263718230811064e+05 1.800000000000000000e+02 2.226408248141879938e+02 2.048031463623046875e+02 
1.233332061767577947e+01 3.379996337890625000e+02 8.000000000000000000e+00 7.691900999999999600e-02 2.098973999999999853e-06 8.333070999999999628e+01 1.426878999999999920e+01 7.041027830000000165e+01 2.750032043457030895e+01 7.110448715116527455e+04 -1.165650511770780042e+02 2.181005787399579958e+02 2.021259918212890909e+02 
1.133332157135009943e+01 3.123330078125000000e+02 9.000000000000000000e+00 1.678308000000000022e-01 1.919865000000000125e-06 8.517217999999999734e+01 1.063710000000000022e+01 8.385415650000000198e+01 3.832411193847656250e+01 2.302929283740620886e+05 1.615650511770780042e+02 2.180050204092995898e+02 2.001181030273438068e+02 
7.333325862884520596e+00 3.313329772949218750e+02 1.000000000000000000e+01 8.992799999999999405e-02 1.668233000000000033e-06 7.787932000000000698e+01 9.593089000000000865e+00 7.718824010000000158e+01 3.670404815673828125e+01 3.021750065894122235e+05 1.800000000000000000e+02 2.181045626391162102e+02 2.021259918212890909e+02 
1.266665363311767933e+01 3.083330078125000000e+02 1.000000000000000000e+01 1.886080000000000048e-03 1.633806999999999960e-07 5.902320000000000277e+01 5.285223000000000226e+00 7.605821229999999389e+01 2.707547760009765980e+01 1.649074856127852981e+05 1.534349488229219958e+02 2.186079649886465006e+02 2.007873992919921875e+02 
1.266665363311767933e+01 2.619997253417968750e+02 6.000000000000000000e+00 1.027041000000000065e-01 9.229776999999999917e-07 9.522762000000000171e+01 9.174530999999999992e+00 8.744238280000000429e+01 1.235500621795653942e+01 1.446951074038755032e+05 9.000000000000000000e+01 2.090296021920663065e+02 1.894094543457030966e+02 
3.999995708465576172e+00 3.276663208007811932e+02 7.000000000000000000e+00 3.261181999999999970e-02 -8.213783999999999801e-07 7.788293000000000177e+01 1.136220999999999925e+01 8.309532169999999951e+01 4.941992950439453125e+01 4.999704534020504798e+05 9.000000000000000000e+01 2.191901643517898890e+02 2.014566955566405966e+02 
1.166665458679199041e+01 3.013330078125000000e+02 7.000000000000000000e+00 1.389681000000000111e-01 1.744190999999999925e-06 9.186311000000000604e+01 1.059781000000000084e+01 7.649780269999999405e+01 6.126482009887695312e+01 1.748697263850240051e+04 1.268698976458440058e+02 2.234918248103215035e+02 2.128346557617188068e+02 
1.233332061767577947e+01 3.379996337890625000e+02 8.000000000000000000e+00 8.371138999999999664e-02 1.491634999999999950e-06 8.751239999999999952e+01 1.052548999999999957e+01 7.316292570000000239e+01 2.707547760009765980e+01 1.635825637776161893e+05 -1.534349488229219958e+02 2.209264882822506024e+02 2.027952728271484091e+02 
1.366665267944335938e+01 2.676663818359375000e+02 6.000000000000000000e+00 5.641613000000000183e-02 5.209347999999999883e-07 9.779932999999999765e+01 8.656933999999999685e+00 9.113847350000000347e+01 3.445426559448242188e+01 1.668074309377232858e+05 1.350000000000000000e+02 2.207537030029297114e+02 1.994488220214844034e+02 
1.066665554046631037e+01 3.099996643066406250e+02 7.000000000000000000e+00 2.037469000000000086e-02 5.709442000000000443e-07 8.444674999999999443e+01 1.020458999999999961e+01 7.571559910000000571e+01 1.214176845550536932e+01 1.484323435100726056e+04 1.800000000000000000e+02 2.282891928932882877e+02 2.188582763671875000e+02 
1.266665363311767933e+01 2.733330383300781250e+02 7.000000000000000000e+00 6.008762000000000131e-02 1.763008999999999928e-06 7.464901999999999305e+01 1.463856999999999964e+01 7.978514859999999942e+01 4.968242645263671875e+01 1.031781055865070957e+05 1.659637565320734893e+02 2.155987330845424026e+02 1.981102294921875000e+02 
1.233332061767577947e+01 2.636663818359375000e+02 9.000000000000000000e+00 4.310933000000000126e-02 8.359622000000000157e-07 8.953651000000000693e+01 1.166493000000000002e+01 7.937245939999999678e+01 4.980519866943358664e+01 3.395996375929118949e+05 1.659637565320734893e+02 2.146546957144153112e+02 1.954330749511719034e+02 
9.999989509582519531e+00 2.653330688476561932e+02 9.000000000000000000e+00 7.185337999999999448e-02 1.541466999999999916e-06 9.979681999999999675e+01 1.242164000000000001e+01 6.361773680000000297e+01 1.734488296508789062e+01 2.691773399034328177e+05 1.350000000000000000e+02 2.208123305430964081e+02 1.974409484863280966e+02 
1.399998569488525035e+01 2.613330688476561932e+02 7.000000000000000000e+00 9.721161000000000385e-02 9.057105000000000421e-07 9.877194000000000074e+01 1.085463999999999984e+01 8.837191769999999735e+01 2.747199058532714844e+01 1.000078453442792961e+05 -1.165650511770780042e+02 2.202325469970703011e+02 2.007873992919921875e+02 
1.233332061767577947e+01 2.623330688476561932e+02 8.000000000000000000e+00 5.131311999999999679e-02 9.420885000000000519e-07 7.762788000000000466e+01 7.848320000000000185e+00 8.031787110000000496e+01 1.208526802062987926e+01 7.919947445583761146e+04 1.800000000000000000e+02 2.142980129435910897e+02 2.001181030273438068e+02 
2.699997138977051137e+01 2.746663818359375000e+02 8.000000000000000000e+00 8.960241000000000733e-03 4.699609999999999822e-07 6.902644999999999698e+01 1.345792999999999928e+01 8.576720430000000306e+01 4.132360458374022727e+01 9.418492741756592295e+04 -1.463099324740202007e+02 2.208574514017477100e+02 2.088188934326171875e+02 
1.633331680297851918e+01 3.159996643066406250e+02 8.000000000000000000e+00 2.129717000000000068e-02 1.461397000000000020e-06 9.043525999999999954e+01 2.070356999999999914e+01 5.928062059999999889e+01 7.507276153564453125e+01 1.225773644136076036e+05 1.615650511770780042e+02 2.186207790579846915e+02 2.001181030273438068e+02 
1.333331966400145951e+01 3.279996643066406250e+02 8.000000000000000000e+00 9.013522000000000201e-02 1.979303000000000131e-06 9.188115000000000521e+01 1.209573999999999927e+01 6.512624359999999513e+01 3.606565856933593750e+01 6.686205039118230343e+04 1.800000000000000000e+02 2.244000015258789062e+02 2.101574859619140909e+02 
8.333324432373046875e+00 3.363329772949218750e+02 9.000000000000000000e+00 2.506562000000000026e-02 1.016009999999999951e-06 8.119567999999999586e+01 1.493873999999999924e+01 7.278278349999999364e+01 6.106886672973632812e+01 3.747857614537210902e+05 1.800000000000000000e+02 2.170298428189927051e+02 2.007873992919921875e+02 
1.266665363311767933e+01 3.329996643066406250e+02 9.000000000000000000e+00 6.906228999999999840e-02 1.972123000000000142e-06 7.528503000000000611e+01 1.106888000000000005e+01 7.058846280000000206e+01 2.707547760009765980e+01 8.978922950851455971e+04 1.534349488229219958e+02 2.207462702509182861e+02 2.068110198974609091e+02 
1.199998760223389027e+01 2.689997253417968750e+02 1.000000000000000000e+01 1.527411999999999936e-01 1.849411999999999938e-06 8.553406999999999982e+01 9.580303999999999931e+00 7.960562899999999331e+01 5.192344665527343750e+01 2.083538014147981012e+05 -1.350000000000000000e+02 2.161379232098979060e+02 1.967716522216796875e+02 
1.133332157135009943e+01 2.849996948242188068e+02 1.000000000000000000e+01 8.569137999999999755e-02 1.424567000000000027e-06 7.928356999999999744e+01 9.099586000000000396e+00 7.937890620000000297e+01 3.638376617431641336e+01 3.392519712544474751e+05 1.800000000000000000e+02 2.168344595772879870e+02 1.940944824218750000e+02 
2.499997329711914062e+01 3.023330078125000000e+02 6.000000000000000000e+00 8.440695999999999269e-03 -6.566088999999999815e-07 7.267110999999999876e+01 1.243032000000000004e+01 6.557463839999999777e+01 3.706502151489257812e+01 8.708826116477965115e+03 9.000000000000000000e+01 2.255511823381696104e+02 2.175196838378905966e+02 
2.033331298828125000e+01 2.639997253417968750e+02 7.000000000000000000e+00 2.636217999999999895e-02 1.450913999999999912e-06 7.719545999999999708e+01 1.231799999999999962e+01 6.049963379999999802e+01 6.892424774169921875e+01 5.155571974162792685e+03 -3.096375653207352130e+01 2.320767707824707031e+02 2.315747985839844034e+02 
1.099998855590819957e+01 2.606663818359375000e+02 8.000000000000000000e+00 1.003879000000000021e-01 1.344987999999999920e-06 8.594455000000000666e+01 9.324975999999999487e+00 8.006884770000000628e+01 3.460570144653320312e+01 8.364671561810678395e+04 1.350000000000000000e+02 2.159112280568768938e+02 2.001181030273438068e+02 
2.266664314270019887e+01 2.669997253417968750e+02 8.000000000000000000e+00 3.343125000000000176e-03 1.560794999999999915e-07 7.498274000000000683e+01 8.557197000000000386e+00 8.436446379999999579e+01 8.948781585693359375e+01 6.344620749862913726e+03 -7.405460409907715302e+01 2.280944885253906023e+02 2.242126007080078125e+02 
2.099997901916503906e+01 2.929996948242188068e+02 8.000000000000000000e+00 1.786143999999999926e-02 6.247838999999999728e-07 9.423595000000000255e+01 1.456980000000000075e+01 7.072286219999999446e+01 1.156113910675049006e+01 2.398565058792750933e+05 0.000000000000000000e+00 2.151789553229183980e+02 1.961023559570311932e+02 
1.999997901916503906e+01 2.646663818359375000e+02 9.000000000000000000e+00 8.106797999999999782e-02 1.080169000000000042e-06 8.894719000000000619e+01 9.562006000000000228e+00 8.104918670000000702e+01 3.692090988159179688e+01 5.426233456231351738e+04 1.843494882292200998e+01 2.154640056065150873e+02 2.001181030273438068e+02 
1.233332061767577947e+01 3.379996337890625000e+02 9.000000000000000000e+00 5.162728999999999929e-02 3.105063000000000174e-06 6.588549000000000433e+01 1.388979999999999926e+01 6.343727489999999847e+01 5.423519134521483664e+01 1.059481418547140056e+05 -1.534349488229219958e+02 2.126397904021831096e+02 1.981102294921875000e+02 
1.866664695739746094e+01 2.646663818359375000e+02 1.000000000000000000e+01 5.169601000000000057e-02 1.153340999999999898e-06 8.701833000000000595e+01 1.218735000000000035e+01 7.505294039999999711e+01 0.000000000000000000e+00 1.001226337230763020e+05 0.000000000000000000e+00 2.170676980947519041e+02 1.987795257568359091e+02 
1.966664695739746094e+01 2.689997253417968750e+02 6.000000000000000000e+00 2.313060999999999937e-03 3.245944999999999887e-07 8.753028000000000475e+01 1.723206000000000060e+01 5.723853299999999678e+01 2.628162574768066051e+01 1.033843598644949998e+04 1.534349488229219958e+02 2.293996086120604900e+02 2.242126007080078125e+02 
1.333331966400145951e+01 2.669997253417968750e+02 6.000000000000000000e+00 1.177712999999999954e-01 1.116687000000000105e-06 9.706002999999999759e+01 9.860182000000000002e+00 8.357259369999999876e+01 5.176670074462891336e+01 2.711214235845254734e+05 -1.350000000000000000e+02 2.187692497516501078e+02 1.974409484863280966e+02 
2.866663742065430043e+01 2.886663513183593750e+02 8.000000000000000000e+00 6.708343999999999765e-03 -1.304772000000000058e-06 4.542475999999999914e+01 1.326371999999999929e+01 7.063164519999999413e+01 4.336217117309570312e+01 7.220852286617729078e+03 1.800000000000000000e+02 2.236548589070638116e+02 2.175196838378905966e+02 
1.133332157135009943e+01 3.169996643066406250e+02 8.000000000000000000e+00 9.013532999999999962e-02 1.890265000000000019e-06 8.374275000000000091e+01 9.331689000000000789e+00 6.688637540000000570e+01 6.294744491577147727e+01 1.226114688093928999e+05 7.869006752597978505e+01 2.170342658745063886e+02 2.054724426269530966e+02 
1.133332157135009943e+01 3.393329772949218750e+02 9.000000000000000000e+00 1.432979000000000058e-01 2.242560000000000091e-06 9.245578000000000429e+01 1.275882999999999967e+01 7.237832640000000595e+01 3.638376617431641336e+01 2.641124593003045884e+05 1.800000000000000000e+02 2.143029906603755137e+02 1.954330749511719034e+02 
1.133332157135009943e+01 3.336663208007811932e+02 9.000000000000000000e+00 1.989414999999999933e-02 7.890494999999999744e-07 6.461781999999999471e+01 1.007347000000000037e+01 8.314199069999999381e+01 3.836445617675781250e+01 9.028198713464532921e+04 1.615650511770780042e+02 2.168404065032503922e+02 1.994488220214844034e+02 
1.266665363311767933e+01 2.733330383300781250e+02 9.000000000000000000e+00 5.604290999999999960e-03 4.409574999999999832e-07 5.685631999999999664e+01 8.023227999999999582e+00 7.711748500000000206e+01 4.375892639160156250e+01 2.132133851863826858e+05 3.369006752597979215e+01 2.156170465241438023e+02 1.907480316162109091e+02 
2.466664123535155895e+01 2.999996948242188068e+02 1.000000000000000000e+01 9.113328999999999874e-03 4.111955000000000109e-07 8.153014000000000294e+01 1.272827000000000019e+01 7.644145969999999579e+01 1.125674057006835938e+01 9.980770169244569843e+04 0.000000000000000000e+00 2.214601394653319915e+02 2.108267669677734091e+02 
8.999990463256835938e+00 3.203330078125000000e+02 7.000000000000000000e+00 2.854715999999999851e-02 8.810984000000000410e-07 7.851945999999999515e+01 8.120060000000000500e+00 6.821385189999999454e+01 2.734514045715332031e+01 1.045086378535221011e+05 1.534349488229219958e+02 2.167895495922535076e+02 2.021259918212890909e+02 
1.399998569488525035e+01 2.616663818359375000e+02 7.000000000000000000e+00 5.880198000000000109e-04 7.506389999999999760e-08 5.807267000000000223e+01 7.271784000000000248e+00 8.389501190000000008e+01 5.086500930786132812e+01 1.333566700416292042e+04 -7.596375653207353196e+01 2.260866180419922102e+02 2.195275573730469034e+02 
2.499997329711914062e+01 2.799996948242188068e+02 8.000000000000000000e+00 4.257204999999999909e-04 7.452149999999999666e-08 7.881185999999999581e+01 2.005808999999999997e+01 8.060305019999999843e+01 3.870620727539061789e+01 1.905234733476712136e+05 1.084349488229219958e+02 2.186745418972438983e+02 2.021259918212890909e+02 
1.333331966400145951e+01 3.259996643066406250e+02 8.000000000000000000e+00 5.428231000000000028e-02 1.726778999999999980e-06 7.257053000000000509e+01 9.772899000000000669e+00 6.922915650000000198e+01 4.808784866333007812e+01 1.068859120929037090e+04 1.800000000000000000e+02 2.269734287261962891e+02 2.168504028320311932e+02 
1.799998092651366832e+01 2.996663513183593750e+02 8.000000000000000000e+00 9.971001999999999643e-03 6.551048000000000310e-07 8.056634999999999991e+01 1.696950999999999965e+01 7.078163910000000669e+01 4.941996002197266336e+01 1.789202933926185069e+05 -9.000000000000000000e+01 2.216966501500484981e+02 1.994488220214844034e+02 
1.299998664855957031e+01 3.289996643066406250e+02 9.000000000000000000e+00 9.677323000000000175e-02 2.388843000000000025e-06 8.512174000000000262e+01 1.383667999999999942e+01 6.892063899999999421e+01 3.606565856933593750e+01 7.358378603457771533e+04 1.800000000000000000e+02 2.161567654696378042e+02 2.014566955566405966e+02 
1.399998569488525035e+01 3.319996643066406250e+02 9.000000000000000000e+00 1.212043000000000009e-01 2.676185000000000111e-06 9.230392000000000507e+01 1.437789000000000073e+01 6.570422360000000594e+01 2.695785140991210938e+01 3.599025357433374302e+04 1.534349488229219958e+02 2.171726464165581945e+02 2.034645690917969034e+02 
1.399998569488525035e+01 2.816663818359375000e+02 9.000000000000000000e+00 4.483995999999999815e-02 1.390059999999999995e-06 7.094352000000000658e+01 1.222930000000000028e+01 8.007140350000000240e+01 3.805126571655272727e+01 2.772590501983378199e+05 -1.615650511770780042e+02 2.074481376501229875e+02 1.927559051513671875e+02 
2.399997520446776988e+01 2.969996948242188068e+02 9.000000000000000000e+00 1.407696999999999941e-02 4.003825999999999975e-07 7.895007999999999981e+01 8.097626999999999242e+00 7.944417570000000239e+01 3.386028671264647727e+01 1.130499115488069947e+04 1.800000000000000000e+02 2.227252892388237910e+02 2.168504028320311932e+02 
1.266665363311767933e+01 3.059996948242188068e+02 1.000000000000000000e+01 3.039187999999999959e-02 9.142224000000000139e-07 8.902661000000000513e+01 1.594167999999999985e+01 7.660789490000000512e+01 6.506520080566406250e+01 2.330247631441628910e+05 1.581985905136482131e+02 2.142232336285470922e+02 1.907480316162109091e+02 
9.999989509582519531e+00 3.129996643066406250e+02 1.000000000000000000e+01 8.982018999999999420e-02 1.412183999999999988e-06 7.620277000000000100e+01 8.616206000000000031e+00 8.283306880000000660e+01 4.431791305541992188e+01 2.569500828451781854e+04 1.236900675259797993e+02 2.120244526110197114e+02 1.954330749511719034e+02 
2.899996948242187855e+01 3.259996643066406250e+02 1.000000000000000000e+01 4.556932999999999991e-03 4.466824999999999898e-07 7.799418000000000006e+01 1.242155999999999949e+01 6.030331040000000087e+01 2.492458534240723012e+01 1.286735762123554014e+05 -1.534349488229219958e+02 2.173570550936404970e+02 2.027952728271484091e+02 
9.999989509582519531e+00 2.639997253417968750e+02 7.000000000000000000e+00 7.754054000000000502e-02 1.003713999999999984e-06 9.857975999999999317e+01 1.069009999999999927e+01 7.759373469999999884e+01 2.435965919494628906e+01 1.528996116394092096e+05 1.800000000000000000e+02 2.205048444629769904e+02 1.961023559570311932e+02 
1.166665458679199041e+01 2.623330688476561932e+02 7.000000000000000000e+00 1.221881999999999968e-01 1.637347000000000004e-06 9.280209999999999582e+01 1.295226000000000077e+01 8.047603610000000174e+01 7.822724914550781250e+01 5.912566746793115744e+05 -3.865980825409008759e+01 2.177235160134054865e+02 1.887401580810546875e+02 
8.666657447814941406e+00 3.313329772949218750e+02 8.000000000000000000e+00 8.400340000000000584e-02 1.355568999999999980e-06 9.014900000000000091e+01 1.070864000000000082e+01 7.503196719999999686e+01 4.885570526123046875e+01 8.283530431968779885e+04 1.800000000000000000e+02 2.127578417668576947e+02 1.927559051513671875e+02 
2.733330535888671875e+01 2.839996948242188068e+02 9.000000000000000000e+00 7.004050999999999528e-05 1.130138000000000011e-08 7.800785000000000480e+01 6.826618999999999993e+00 7.782963560000000314e+01 4.947792053222656250e+01 1.306511228919582936e+05 1.350000000000000000e+02 2.177198482049959978e+02 1.947637786865234091e+02 
2.366664123535155895e+01 3.143330078125000000e+02 9.000000000000000000e+00 3.315902999999999819e-03 -7.849832999999999852e-07 4.404023999999999717e+01 7.486072000000000060e+00 6.139272689999999955e+01 1.674434661865234020e+01 1.133069998065481923e+04 1.350000000000000000e+02 2.233945753309461963e+02 2.121653442382811932e+02 
1.433331871032715021e+01 3.036663513183593750e+02 9.000000000000000000e+00 1.946849000000000149e-02 9.602465999999999874e-07 6.555226999999999293e+01 1.509553000000000011e+01 8.559806059999999661e+01 5.498637008666992188e+01 3.880849806212388794e+05 -1.165650511770780042e+02 2.170360546373341037e+02 1.900787353515625000e+02 
2.766663742065430043e+01 3.066663513183593750e+02 9.000000000000000000e+00 6.503662000000000332e-02 1.134883999999999907e-06 8.748494999999999777e+01 9.605095999999999634e+00 7.480964659999999355e+01 1.235500621795653942e+01 9.733792491320084082e+03 9.000000000000000000e+01 2.251328773498534872e+02 2.155118103027344034e+02 
9.999989509582519531e+00 3.189996643066406250e+02 9.000000000000000000e+00 6.457888000000000517e-02 1.431650000000000091e-06 7.886110999999999649e+01 1.053556000000000026e+01 7.603051759999999604e+01 5.013748168945311789e+01 1.946923062720338057e+05 1.659637565320734893e+02 2.127695767084757108e+02 1.920866088867188068e+02 
1.133332157135009943e+01 2.626663818359375000e+02 1.000000000000000000e+01 8.711357999999999602e-02 1.255687999999999987e-06 8.988334000000000401e+01 1.161735999999999969e+01 8.144136810000000537e+01 0.000000000000000000e+00 4.107636481231541838e+05 0.000000000000000000e+00 2.080574419865843083e+02 1.874015808105469034e+02 
9.333323478698730469e+00 3.216663208007811932e+02 6.000000000000000000e+00 9.168940000000000423e-03 1.439043000000000030e-06 6.756043999999999983e+01 1.366935999999999929e+01 5.076559069999999707e+01 2.732345008850098012e+01 5.557039327996171778e+04 1.534349488229219958e+02 2.190051864996189011e+02 2.048031463623046875e+02 
1.033332252502441051e+01 3.086663513183593750e+02 7.000000000000000000e+00 9.546923000000000215e-02 1.573598000000000007e-06 8.331753999999999394e+01 9.699293000000000831e+00 7.605707549999999628e+01 2.428253746032714844e+01 3.377259403967698745e+04 1.800000000000000000e+02 2.267826782226561875e+02 2.201968536376953125e+02 
1.133332157135009943e+01 3.199996643066406250e+02 7.000000000000000000e+00 5.061601000000000294e-02 1.740087999999999958e-06 8.443628999999999962e+01 1.036721999999999966e+01 5.906140899999999760e+01 2.718335342407226918e+01 1.077608363071862914e+04 1.534349488229219958e+02 2.269734287261962891e+02 2.201968536376953125e+02 
2.566663932800292969e+01 2.806663818359375000e+02 8.000000000000000000e+00 5.302331999999999879e-02 1.175713999999999989e-06 8.483960999999999331e+01 1.330264999999999986e+01 7.944704439999999579e+01 1.113615512847900035e+01 1.362746938632307865e+05 1.800000000000000000e+02 2.154753057306463120e+02 1.981102294921875000e+02 
1.533331775665283025e+01 3.329996643066406250e+02 8.000000000000000000e+00 6.434708000000000094e-02 2.397336999999999863e-06 7.237793999999999528e+01 1.326291999999999938e+01 6.948371889999999951e+01 2.685994338989258168e+01 3.845007979801364127e+04 1.534349488229219958e+02 2.187197944378031025e+02 2.068110198974609091e+02 
1.199998760223389027e+01 3.379996337890625000e+02 9.000000000000000000e+00 7.629640000000000033e-02 2.032265999999999915e-06 8.735335999999999501e+01 1.146940000000000026e+01 6.273542020000000008e+01 2.470994949340819957e+01 2.377819813304813870e+05 -9.000000000000000000e+01 2.206392652436165065e+02 1.981102294921875000e+02 
1.433331871032715021e+01 3.289996643066406250e+02 9.000000000000000000e+00 9.890343999999999525e-02 3.013592000000000030e-06 8.538952999999999349e+01 1.576941000000000059e+01 6.490248870000000636e+01 1.719670677185058949e+01 1.730503490412805113e+05 1.350000000000000000e+02 2.174990915151743138e+02 2.034645690917969034e+02 
2.699997138977051137e+01 2.963330383300781250e+02 9.000000000000000000e+00 2.358038999999999968e-02 1.311171999999999904e-06 8.016877999999999815e+01 1.946912000000000020e+01 7.106591799999999637e+01 3.305153656005858664e+01 8.561178810447501746e+03 1.350000000000000000e+02 2.220134996686662987e+02 2.101574859619140909e+02 
1.833331489562987926e+01 2.739997253417968750e+02 9.000000000000000000e+00 1.352045999999999977e-02 4.456099999999999780e-07 8.022629999999999484e+01 1.335472000000000037e+01 8.666706089999999563e+01 3.410028457641602273e+01 7.821896728209859248e+03 -4.500000000000000000e+01 2.277821528116861884e+02 2.175196838378905966e+02 
1.699998283386230113e+01 2.939996948242188068e+02 1.000000000000000000e+01 2.981423000000000059e-02 6.147922000000000012e-07 9.298287999999999442e+01 1.576656000000000013e+01 8.847345730000000685e+01 1.181539154052734020e+01 1.181506740610252018e+05 1.800000000000000000e+02 2.156605433146158930e+02 1.974409484863280966e+02 
8.666657447814941406e+00 3.269996643066406250e+02 1.000000000000000000e+01 8.726430000000000298e-02 1.397757000000000067e-06 8.934395999999999560e+01 1.349216999999999977e+01 8.213240810000000636e+01 5.509665679931641336e+01 2.606754821212670067e+05 1.165650511770780042e+02 2.173558490276336954e+02 1.974409484863280966e+02 
2.833330345153808949e+01 2.843330383300781250e+02 7.000000000000000000e+00 5.072371999999999992e-02 1.618655999999999906e-06 6.891340999999999894e+01 9.941715000000000302e+00 7.403420260000000042e+01 2.174932098388671875e+01 4.230923224634257349e+04 1.800000000000000000e+02 2.183419590541294895e+02 2.061417388916015909e+02 
1.266665363311767933e+01 3.109996643066406250e+02 8.000000000000000000e+00 5.515802000000000205e-02 1.352613999999999938e-06 9.051658999999999367e+01 1.281034999999999968e+01 6.934957119999999975e+01 4.375892639160156250e+01 3.750497578908609285e+04 1.463099324740202007e+02 2.232086633954729109e+02 2.101574859619140909e+02 
1.166665458679199041e+01 3.046663513183593750e+02 8.000000000000000000e+00 5.497926000000000202e-02 1.408415999999999951e-06 8.183311999999999387e+01 1.422948000000000057e+01 7.817522429999999645e+01 2.715746498107910156e+01 2.246293972143449937e+05 1.534349488229219958e+02 2.155679200680669965e+02 1.974409484863280966e+02 
1.133332157135009943e+01 3.379996337890625000e+02 8.000000000000000000e+00 3.398071999999999898e-02 2.776716999999999863e-06 6.256531999999999982e+01 1.628088999999999942e+01 6.548464199999999380e+01 5.186323928833007812e+01 4.174164999281802739e+04 4.500000000000000000e+01 2.184048776934224065e+02 2.074803161621094034e+02 
6.999992847442626953e+00 3.176663208007811932e+02 8.000000000000000000e+00 4.578017999999999671e-02 6.893972000000000264e-07 7.689930999999999983e+01 8.254205000000000680e+00 9.262153630000000248e+01 6.297551345825195312e+01 5.453284088195600816e+03 1.013099324740202007e+02 2.213681106567383097e+02 2.175196838378905966e+02 
2.933330345153808949e+01 2.966663513183593750e+02 8.000000000000000000e+00 1.050574999999999946e-02 -2.641481999999999750e-07 8.456940000000000168e+01 8.267509000000000441e+00 8.334117129999999918e+01 1.235500621795653942e+01 2.396400232745624089e+04 -9.000000000000000000e+01 2.194606315612793139e+02 2.088188934326171875e+02 
9.333323478698730469e+00 3.339996643066406250e+02 9.000000000000000000e+00 4.783413000000000248e-02 9.678638999999999983e-07 9.092022000000000048e+01 1.299965000000000082e+01 7.826372530000000438e+01 1.217982959747313920e+01 2.776506902546366910e+05 1.800000000000000000e+02 2.134582299953553957e+02 1.927559051513671875e+02 
1.533331775665283025e+01 3.023330078125000000e+02 9.000000000000000000e+00 8.383743999999999919e-02 1.178111000000000086e-06 8.500363000000000113e+01 1.006520000000000081e+01 8.352422330000000272e+01 2.685907363891601918e+01 9.272174977387598119e+03 -1.534349488229219958e+02 2.234476950509207995e+02 2.114960632324219034e+02 
1.399998569488525035e+01 3.296663208007811932e+02 9.000000000000000000e+00 1.283081000000000083e-01 1.703406000000000026e-06 9.445081999999999312e+01 1.236572999999999922e+01 7.744795990000000074e+01 2.695610427856444957e+01 2.132176460480714013e+04 1.534349488229219958e+02 2.132529525756835938e+02 2.014566955566405966e+02 
2.066664505004883168e+01 2.669997253417968750e+02 6.000000000000000000e+00 1.510553000000000069e-02 4.926816999999999614e-07 8.890662000000000376e+01 1.335696000000000083e+01 7.718039699999999925e+01 2.623584175109862926e+01 1.607686688621756912e+05 1.534349488229219958e+02 2.131933868408202954e+02 1.914173278808594034e+02 
1.099998855590819957e+01 3.183330078125000000e+02 7.000000000000000000e+00 8.550958000000000170e-02 1.327643999999999947e-06 9.560518000000000427e+01 9.487372000000000583e+00 6.905889129999999909e+01 2.425651550292969105e+01 8.630115906072422513e+04 1.800000000000000000e+02 2.183144705295563028e+02 2.054724426269530966e+02 
2.666663932800292969e+01 2.933330383300781250e+02 8.000000000000000000e+00 9.758166999999999883e-03 4.990618999999999804e-07 8.457452000000000680e+01 1.668526999999999916e+01 7.615910340000000645e+01 0.000000000000000000e+00 1.631741868032329076e+05 0.000000000000000000e+00 2.166742655818623859e+02 1.961023559570311932e+02 
1.066665554046631037e+01 3.269996643066406250e+02 8.000000000000000000e+00 6.033411999999999803e-02 1.570754000000000064e-06 8.634032000000000551e+01 1.486190000000000033e+01 7.362255860000000496e+01 1.731847381591796875e+01 4.602311926110456116e+05 -1.350000000000000000e+02 2.176767042053760122e+02 1.940944824218750000e+02 
2.033331298828125000e+01 2.646663818359375000e+02 8.000000000000000000e+00 7.059052999999999856e-02 8.301953000000000065e-07 7.874715999999999383e+01 5.912531000000000425e+00 8.689296720000000107e+01 6.050158309936522727e+01 1.159895530608792978e+04 -5.313010235415598004e+01 2.277077891031900947e+02 2.215354309082030966e+02 
2.199997711181640980e+01 2.876663818359375000e+02 8.000000000000000000e+00 2.132683000000000148e-02 7.073337000000000494e-07 7.497675999999999874e+01 9.239948000000000050e+00 7.529634090000000413e+01 6.805042266845703125e+01 4.101191338268871186e+05 3.096375653207352130e+01 2.157259016807034868e+02 1.961023559570311932e+02 
2.733330535888671875e+01 2.826663818359375000e+02 9.000000000000000000e+00 9.278113000000000332e-02 1.929451000000000037e-06 9.146721999999999753e+01 1.939394000000000062e+01 8.092402649999999653e+01 1.097399806976318004e+01 1.415812766081347945e+05 1.800000000000000000e+02 2.209815375229408119e+02 2.048031463623046875e+02 
1.166665458679199041e+01 3.066663513183593750e+02 9.000000000000000000e+00 6.509516999999999387e-02 8.501683999999999619e-07 9.051421000000000561e+01 1.097166999999999959e+01 8.740515139999999406e+01 1.210000801086425959e+01 7.937576704839915328e+04 1.800000000000000000e+02 2.205825453936043061e+02 2.034645690917969034e+02 
1.966664695739746094e+01 2.763330383300781250e+02 1.000000000000000000e+01 6.759036000000000211e-02 1.167477000000000045e-06 7.969773000000000707e+01 9.495832000000000050e+00 8.170601650000000404e+01 2.636608505249023082e+01 2.068181407768584177e+04 -1.534349488229219958e+02 2.181889781951904013e+02 2.014566955566405966e+02 
2.533330726623535156e+01 3.046663513183593750e+02 1.000000000000000000e+01 7.423369000000000495e-02 2.233264999999999954e-06 8.476277000000000328e+01 1.795596000000000103e+01 7.287458039999999926e+01 3.322353744506835938e+01 1.289390213265921047e+05 1.350000000000000000e+02 2.197206258040208127e+02 2.048031463623046875e+02 
1.033332252502441051e+01 2.793330383300781250e+02 1.000000000000000000e+01 1.502339000000000035e-01 1.348433999999999963e-06 8.109020999999999901e+01 7.960426000000000002e+00 9.232483670000000586e+01 1.235497474670409979e+01 8.514610216982167913e+04 -9.000000000000000000e+01 2.139713788713727922e+02 1.947637786865234091e+02 
1.499998474121093928e+01 2.619997253417968750e+02 7.000000000000000000e+00 4.685683000000000209e-02 7.133085000000000375e-07 8.753480999999999312e+01 1.182804999999999929e+01 9.082026670000000479e+01 5.491343307495117188e+01 4.203861656654722756e+05 -1.165650511770780042e+02 2.132822485601863889e+02 1.880708618164061932e+02 
1.533331775665283025e+01 3.043330078125000000e+02 7.000000000000000000e+00 4.784870000000000095e-03 5.339564999999999546e-07 6.271777999999999764e+01 1.002480000000000082e+01 6.465367890000000273e+01 1.191448116302490057e+01 9.276312179260832636e+03 1.800000000000000000e+02 2.188582676478795008e+02 2.101574859619140909e+02 
5.999993801116943359e+00 3.023330078125000000e+02 8.000000000000000000e+00 2.040885000000000095e-03 -9.975402000000000084e-08 6.946903000000000361e+01 4.375327000000000410e+00 8.150099950000000604e+01 2.759258651733398082e+01 5.464279828268390702e+03 1.165650511770780042e+02 2.255511817932128906e+02 2.195275573730469034e+02 
1.433331871032715021e+01 3.216663208007811932e+02 9.000000000000000000e+00 7.408307000000000087e-02 2.345094000000000048e-06 8.842368999999999346e+01 1.721359999999999957e+01 6.691389470000000017e+01 3.895808792114257812e+01 2.926619958090500950e+04 -7.156505117707799002e+01 2.098836801702325943e+02 1.974409484863280966e+02 
1.899998092651366832e+01 3.056663513183593750e+02 9.000000000000000000e+00 8.601680000000000437e-03 2.766245000000000164e-07 8.825818999999999903e+01 1.080683999999999934e+01 7.962197109999999611e+01 1.235494232177734020e+01 1.597566874285782978e+05 -9.000000000000000000e+01 2.164422896470481135e+02 1.974409484863280966e+02 
2.466664123535155895e+01 3.109996643066406250e+02 9.000000000000000000e+00 1.669504999999999947e-03 4.309361000000000070e-07 5.635983999999999838e+01 1.504446000000000083e+01 6.544786829999999611e+01 2.714118957519530895e+01 1.474088045616832096e+05 1.165650511770780042e+02 2.157954096390029122e+02 1.974409484863280966e+02 
1.099998855590819957e+01 3.076663513183593750e+02 8.000000000000000000e+00 4.361129999999999868e-02 7.138169999999999921e-07 8.906762999999999408e+01 9.924512000000000000e+00 8.197464750000000322e+01 3.638476181030272727e+01 4.855692471914969065e+04 1.800000000000000000e+02 2.139873148600260038e+02 1.981102294921875000e+02 
1.233332061767577947e+01 3.173330078125000000e+02 9.000000000000000000e+00 4.936296999999999907e-02 1.477635999999999984e-06 8.141754000000000246e+01 1.045797999999999917e+01 6.611122890000000041e+01 1.727694702148437855e+01 3.489163648620309687e+04 -4.500000000000000000e+01 2.190642048762395007e+02 2.001181030273438068e+02 
2.899996948242187855e+01 2.773330383300781250e+02 9.000000000000000000e+00 1.043038999999999945e-02 1.907771000000000017e-06 5.584989999999999810e+01 1.434692000000000078e+01 5.673425290000000132e+01 2.486337280273437855e+01 4.569671015992059984e+04 1.534349488229219958e+02 2.205843353271484091e+02 2.068110198974609091e+02 
9.333323478698730469e+00 3.266663208007811932e+02 9.000000000000000000e+00 1.284962000000000049e-01 2.099440000000000011e-06 8.874178000000000566e+01 1.187434000000000012e+01 7.319390110000000504e+01 2.440628814697265980e+01 1.911005134816518112e+05 1.800000000000000000e+02 2.182981525177650894e+02 2.007873992919921875e+02 
2.766663742065430043e+01 2.723330383300781250e+02 8.000000000000000000e+00 3.164526000000000144e-02 -8.659368000000000226e-07 9.128034999999999854e+01 1.374699999999999989e+01 7.335950470000000223e+01 2.188429832458496094e+01 6.819491576551381149e+04 0.000000000000000000e+00 2.207346741812569917e+02 2.074803161621094034e+02 
1.766664886474609020e+01 2.966663513183593750e+02 8.000000000000000000e+00 2.828748000000000026e-02 8.586643999999999607e-07 8.329881000000000313e+01 9.670875000000000554e+00 6.859061429999999859e+01 3.738432312011718750e+01 7.196419819213912706e+04 1.615650511770780042e+02 2.135039375998757123e+02 1.927559051513671875e+02 
2.033331298828125000e+01 3.059996948242188068e+02 8.000000000000000000e+00 4.149345000000000117e-02 1.058261999999999898e-06 8.676532000000000266e+01 1.267356999999999978e+01 7.409093479999999943e+01 1.019186019897460938e+02 1.994965152590188954e+05 -1.350000000000000000e+02 2.189316753756615128e+02 2.034645690917969034e+02 
1.866664695739746094e+01 3.269996643066406250e+02 8.000000000000000000e+00 2.913419000000000078e-02 2.221584000000000023e-06 9.608580999999999506e+01 2.123462999999999923e+01 5.081235889999999955e+01 2.340969276428223012e+01 1.979841764865469013e+05 1.800000000000000000e+02 2.212580307408383078e+02 2.007873992919921875e+02 
1.333331966400145951e+01 3.213330078125000000e+02 1.000000000000000000e+01 9.178174999999999528e-02 1.722810999999999928e-06 9.058814999999999884e+01 1.298070000000000057e+01 7.312042999999999893e+01 7.051035308837890625e+01 7.350194838855466514e+04 3.096375653207352130e+01 2.165340037952769876e+02 2.001181030273438068e+02 
1.999997901916503906e+01 2.816663818359375000e+02 1.000000000000000000e+01 2.089899000000000097e-03 9.179932000000000439e-07 4.303038000000000096e+01 2.538808999999999827e+01 7.970513149999999314e+01 1.585650024414061932e+02 1.936968587308100177e+04 -1.534349488229219958e+02 2.252388468424479129e+02 2.161810913085938068e+02 
