7.666658878326416016e+00 1.379998626708984091e+02 9.000000000000000000e+00 1.238329000000000036e-03 -1.582254999999999897e-07 7.897575000000000500e+01 1.988517999999999830e+01 7.849679570000000695e+01 5.489169692993164062e+01 5.046615271145678125e+05 -1.534349488229219958e+02 2.131160734027544095e+02 1.907480316162109091e+02 
1.466665172576903942e+01 1.236665344238280966e+02 1.000000000000000000e+01 9.681095000000000672e-02 1.743134999999999998e-06 9.171004999999999541e+01 1.593399999999999928e+01 7.922703549999999950e+01 3.585699081420897727e+01 1.580272227842884022e+05 1.800000000000000000e+02 2.158267729943540019e+02 1.934252014160155966e+02 
6.999992847442626953e+00 1.453331756591796875e+02 1.000000000000000000e+01 5.872654000000000069e-02 1.355254999999999995e-06 6.415169000000000210e+01 8.411077999999999832e+00 8.653273009999999488e+01 6.131428146362304688e+01 3.407785633344195230e+04 1.800000000000000000e+02 2.217228375244141034e+02 2.041338653564453125e+02 
9.666656494140625000e+00 1.683331604003905966e+02 9.000000000000000000e+00 9.595494000000000245e-02 1.646466999999999969e-06 8.228217999999999677e+01 1.325758000000000081e+01 8.424636839999999438e+01 1.734488296508789062e+01 1.706516053685834049e+05 4.500000000000000000e+01 2.125265598599872874e+02 1.900787353515625000e+02 
6.666659832000732422e+00 1.359998626708984091e+02 6.000000000000000000e+00 6.468870999999999649e-02 1.818183999999999997e-06 8.250882000000000005e+01 1.067519000000000062e+01 6.481237790000000132e+01 1.741634941101073863e+01 8.188937111948821439e+03 -1.350000000000000000e+02 2.281168009440104072e+02 2.201968536376953125e+02 
9.333323478698730469e+00 1.449998474121094034e+02 9.000000000000000000e+00 2.105173000000000114e-02 3.400366000000000208e-07 8.044116999999999962e+01 5.386607999999999841e+00 8.683296970000000670e+01 6.115541076660156250e+01 6.640426751504222921e+04 1.431301023541560085e+02 2.178338442432637123e+02 2.027952728271484091e+02 
1.733331489562987926e+01 1.596665039062500000e+02 8.000000000000000000e+00 7.825465000000000199e-03 3.333730000000000034e-07 7.697458000000000311e+01 1.070709000000000088e+01 8.032270049999999628e+01 1.539525909423828125e+02 3.801327955148444744e+04 -1.756012946450044865e+02 2.223201199235587069e+02 2.048031463623046875e+02 
3.999995708465576172e+00 1.039998931884766051e+02 1.000000000000000000e+01 1.266434999999999922e-01 1.867645000000000098e-06 8.660470999999999719e+01 1.328650999999999982e+01 8.250429529999999545e+01 3.905588531494141336e+01 6.851158271588080424e+03 7.156505117707799002e+01 2.280944915771484034e+02 2.222047271728515909e+02 
2.666663932800292969e+01 1.203332061767577983e+02 8.000000000000000000e+00 2.533973999999999949e-02 1.524675999999999961e-06 9.330442999999999643e+01 1.001946000000000048e+01 4.482077029999999951e+01 3.865113830566406250e+01 2.086109255146552096e+04 7.156505117707799002e+01 2.232283486758960862e+02 2.061417388916015909e+02 
2.999996900558472124e+00 1.573331756591796875e+02 8.000000000000000000e+00 2.741843999999999879e-02 -1.004889000000000019e-06 5.386795999999999651e+01 6.779473000000000305e+00 8.727266690000000438e+01 3.906246948242188211e+01 1.248140645280803001e+05 7.156505117707799002e+01 2.185346552251459116e+02 2.054724426269530966e+02 
1.366665267944335938e+01 1.466665191650390909e+02 8.000000000000000000e+00 2.341150999999999927e-01 3.329612000000000182e-06 8.595098000000000127e+01 1.553331999999999979e+01 8.125219730000000595e+01 2.397552299499512074e+01 3.563065642169739003e+05 0.000000000000000000e+00 2.163791338174083876e+02 1.967716522216796875e+02 
1.699998283386230113e+01 1.536665039062500000e+02 9.000000000000000000e+00 3.648243999999999793e-02 9.911862000000000562e-07 7.991179999999999950e+01 1.245842000000000027e+01 7.912741090000000099e+01 4.315575790405272727e+01 6.794681675901846029e+05 1.463099324740202007e+02 2.143825445580206122e+02 1.874015808105469034e+02 
1.433331871032715021e+01 1.163332138061523011e+02 1.000000000000000000e+01 1.308516999999999875e-01 2.686440999999999882e-06 8.202720999999999663e+01 1.517023999999999972e+01 7.733441159999999570e+01 4.363436889648438211e+01 8.115885478383486043e+04 -3.369006752597979215e+01 2.242894044469614130e+02 2.034645690917969034e+02 
1.066665554046631037e+01 1.279998626708983949e+02 6.000000000000000000e+00 1.231026000000000065e-01 1.783395000000000016e-06 8.484812999999999761e+01 1.009520000000000017e+01 7.737832640000000595e+01 2.752569580078125000e+01 2.887798791771797114e+05 6.343494882292200998e+01 2.188488865076938907e+02 1.981102294921875000e+02 
8.999990463256835938e+00 1.369998626708984091e+02 7.000000000000000000e+00 2.541908000000000015e-02 1.138842999999999923e-06 8.388840999999999326e+01 2.098416999999999888e+01 7.725868989999999314e+01 5.032834243774414062e+01 6.240950820026201836e+04 1.403624346792648048e+01 2.154827137822690020e+02 1.987795257568359091e+02 
1.199998760223389027e+01 1.753331451416015909e+02 9.000000000000000000e+00 3.585769999999999930e-02 1.683867000000000026e-06 6.518680999999999415e+01 1.223564999999999969e+01 7.350469970000000330e+01 5.423474884033203125e+01 7.390592167954017350e+04 1.534349488229219958e+02 2.202090198863635919e+02 1.994488220214844034e+02 
8.333324432373046875e+00 1.369998626708984091e+02 1.000000000000000000e+01 1.183131999999999934e-01 2.161916000000000021e-06 8.179488999999999521e+01 1.302946000000000026e+01 7.878727720000000545e+01 5.090409469604492188e+01 1.250694755470959062e+05 1.040362434679264965e+02 2.164793747611668095e+02 1.954330749511719034e+02 
7.999991416931152344e+00 1.339998626708984091e+02 6.000000000000000000e+00 8.724713000000000607e-02 1.713022999999999946e-06 8.702513000000000432e+01 1.695889000000000024e+01 8.348212429999999529e+01 3.667391586303710938e+01 2.814088816753571737e+05 1.800000000000000000e+02 2.054562756819425999e+02 1.827165374755859091e+02 
2.499997329711914062e+01 1.609998321533203125e+02 7.000000000000000000e+00 1.117101000000000031e-02 6.424285000000000275e-07 7.249800000000000466e+01 1.185039000000000087e+01 7.169682310000000314e+01 2.470994949340819957e+01 3.111591653148724072e+04 -9.000000000000000000e+01 2.192866143798827920e+02 2.007873992919921875e+02 
1.433331871032715021e+01 1.339998626708984091e+02 1.000000000000000000e+01 3.218250999999999751e-02 1.636931999999999983e-06 5.624723000000000184e+01 9.478911000000000087e+00 7.630178829999999834e+01 2.744875717163085938e+01 7.982275615542942433e+03 6.343494882292200998e+01 2.274475097656250000e+02 2.188582763671875000e+02 
8.999990463256835938e+00 1.676664886474609091e+02 1.000000000000000000e+01 1.094645000000000062e-01 1.049952000000000057e-06 8.383925000000000693e+01 6.904523000000000188e+00 8.745722200000000157e+01 2.440529060363769887e+01 1.750137937298626057e+05 1.800000000000000000e+02 2.150863713700641995e+02 1.967716522216796875e+02 
9.999989509582519531e+00 1.299998626708984091e+02 7.000000000000000000e+00 7.262048000000000114e-02 1.292843000000000058e-06 8.106707000000000107e+01 1.037603999999999971e+01 8.051625819999999578e+01 6.641673278808593750e+01 1.623208265206259966e+04 -6.819859051364818470e+01 2.205872739156087050e+02 2.048031463623046875e+02 
1.766664886474609020e+01 1.559998321533203125e+02 8.000000000000000000e+00 3.424039000000000249e-02 2.290888000000000046e-06 5.778670999999999935e+01 1.431826000000000043e+01 7.430866240000000289e+01 6.077921295166016336e+01 8.109446201590463170e+04 -1.268698976458440058e+02 2.115176544189453125e+02 1.894094543457030966e+02 
1.999997901916503906e+01 1.409998474121094034e+02 8.000000000000000000e+00 3.414013999999999938e-02 5.765622000000000090e-07 9.707989999999999498e+01 1.051107000000000014e+01 7.863144680000000619e+01 7.641996765136718750e+01 2.337815975260064879e+05 -3.865980825409008759e+01 2.150126166580789970e+02 1.900787353515625000e+02 
9.666656494140625000e+00 1.483331756591796875e+02 9.000000000000000000e+00 9.041731999999999547e-02 1.211365000000000048e-06 7.990491000000000099e+01 8.647138999999999243e+00 8.557543180000000405e+01 2.730192565917969105e+01 1.625118457933102909e+05 1.534349488229219958e+02 2.200462615966796989e+02 2.001181030273438068e+02 
8.333324432373046875e+00 1.373331909179688068e+02 1.000000000000000000e+01 3.996709999999999846e-02 1.340267000000000046e-06 8.007518000000000313e+01 1.909512000000000143e+01 8.319338229999999612e+01 7.179810333251953125e+01 2.038335055017488048e+04 5.903624346792648225e+01 2.231863535563151117e+02 2.135039367675780966e+02 
2.033331298828125000e+01 1.489998474121094034e+02 8.000000000000000000e+00 1.155003000000000002e-01 1.838548999999999928e-06 7.783195999999999515e+01 8.865161999999999765e+00 7.797832490000000405e+01 7.391135406494140625e+01 5.923691926531867648e+04 -1.615650511770780042e+02 2.249546402640964970e+02 2.101574859619140909e+02 
1.533331775665283025e+01 1.516665039062500000e+02 1.000000000000000000e+01 6.534777999999999420e-02 1.111310999999999938e-06 7.526721999999999468e+01 9.267500000000000071e+00 8.699711609999999951e+01 3.773859786987304688e+01 1.072695904206617997e+05 1.615650511770780042e+02 2.168090812777294900e+02 1.940944824218750000e+02 
3.999995708465576172e+00 1.383331909179688068e+02 9.000000000000000000e+00 2.048617999999999967e-02 5.435403999999999773e-07 7.389986000000000388e+01 9.280148999999999759e+00 8.610646819999999479e+01 4.929963684082031250e+01 1.096303804479949031e+04 0.000000000000000000e+00 2.185236244201659872e+02 2.094881896972655966e+02 
2.633330535888671875e+01 1.536665039062500000e+02 7.000000000000000000e+00 2.084775999999999990e-02 1.147814000000000010e-06 6.526631000000000427e+01 1.068223000000000056e+01 7.071767429999999877e+01 0.000000000000000000e+00 3.326057144509325735e+04 0.000000000000000000e+00 2.212875479239004903e+02 2.074803161621094034e+02 
1.399998569488525035e+01 1.386665191650390909e+02 9.000000000000000000e+00 7.021220999999999712e-02 8.203949999999999820e-07 8.825242000000000075e+01 7.584130000000000038e+00 8.321751399999999421e+01 2.695610427856444957e+01 2.797267834514822971e+04 -1.534349488229219958e+02 2.215991755894251867e+02 2.121653442382811932e+02 
7.999991416931152344e+00 1.706664886474609091e+02 9.000000000000000000e+00 4.580180999999999836e-02 1.013898999999999913e-06 5.726191000000000031e+01 4.107521000000000200e+00 8.639054869999999653e+01 2.756366348266601918e+01 4.135110043494835263e+05 6.343494882292200998e+01 2.182858486677471035e+02 1.961023559570311932e+02 
5.333327770233154297e+00 1.443331756591796875e+02 9.000000000000000000e+00 1.015859000000000067e-01 2.292070999999999878e-06 7.237984000000000151e+01 1.574948999999999977e+01 8.853737639999999942e+01 2.759972572326660156e+01 2.421145178998638876e+05 1.165650511770780042e+02 2.179280680855789001e+02 1.954330749511719034e+02 
1.233332061767577947e+01 1.393331909179688068e+02 6.000000000000000000e+00 8.963008000000000086e-02 1.533183999999999973e-06 5.990117000000000047e+01 6.018622999999999834e+00 9.142613219999999785e+01 2.710439491271973012e+01 7.516322634995517728e+04 1.534349488229219958e+02 2.176272509438651070e+02 1.994488220214844034e+02 
1.066665554046631037e+01 1.313331909179688068e+02 7.000000000000000000e+00 3.561546999999999977e-03 3.663668000000000034e-07 9.663674000000000319e+01 2.739101000000000141e+01 6.961327359999999942e+01 1.214126968383789062e+01 5.462781869066526415e+05 1.800000000000000000e+02 2.191755627290702080e+02 1.947637786865234091e+02 
9.999989509582519531e+00 1.649998321533203125e+02 8.000000000000000000e+00 6.448242999999999336e-02 1.763263999999999979e-06 8.234723999999999933e+01 1.564470000000000027e+01 7.604533390000000281e+01 2.725712203979491832e+01 1.135943654517652030e+05 1.534349488229219958e+02 2.162767168680827012e+02 1.954330749511719034e+02 
1.166665458679199041e+01 1.293331909179688068e+02 8.000000000000000000e+00 2.842942000000000212e-03 2.908524000000000111e-07 8.519365999999999417e+01 1.899547000000000097e+01 6.939058690000000240e+01 0.000000000000000000e+00 2.112987090754621895e+05 0.000000000000000000e+00 2.141178103890389082e+02 1.947637786865234091e+02 
8.333324432373046875e+00 1.229998703002929972e+02 1.000000000000000000e+01 1.543733999999999940e-01 1.778459999999999952e-06 8.093381999999999721e+01 8.823933000000000249e+00 8.386492160000000240e+01 5.037244415283203125e+01 1.250088669046709983e+05 1.659637565320734893e+02 2.177670334525730027e+02 1.974409484863280966e+02 
1.199998760223389027e+01 1.266665344238280966e+02 8.000000000000000000e+00 2.649844000000000158e-02 3.920912000000000243e-07 9.909781999999999869e+01 1.010995999999999917e+01 8.472104640000000586e+01 2.715790748596191051e+01 1.881205133825306984e+04 1.534349488229219958e+02 2.267463476998466092e+02 2.188582763671875000e+02 
1.566665077209473012e+01 1.273331985473632955e+02 8.000000000000000000e+00 1.711044000000000107e-02 6.764487000000000478e-07 5.819514000000000209e+01 8.744650999999999286e+00 9.058769990000000405e+01 2.379151725769042969e+01 1.680485970753892907e+05 1.800000000000000000e+02 2.170137653501014938e+02 1.981102294921875000e+02 
2.799997138977051137e+01 1.383331909179688068e+02 8.000000000000000000e+00 1.484375999999999925e-02 -5.601945000000000073e-07 8.775271999999999650e+01 1.244393999999999956e+01 7.099352260000000570e+01 1.647035980224609020e+01 1.333117768070935927e+04 1.350000000000000000e+02 2.288976384943181870e+02 2.255511779785155966e+02 
1.566665077209473012e+01 1.356665191650390909e+02 1.000000000000000000e+01 9.944553999999999894e-02 7.017724999999999797e-07 8.711822999999999695e+01 3.732028999999999819e+00 8.680519870000000537e+01 3.892995071411132812e+01 5.684906452730303863e+04 -1.084349488229219958e+02 2.165546615955441894e+02 2.021259918212890909e+02 
1.466665172576903942e+01 1.193332061767577983e+02 7.000000000000000000e+00 3.489868999999999888e-01 2.443237000000000135e-06 9.966965999999999326e+01 1.190501000000000076e+01 8.436343379999999570e+01 2.685950851440430043e+01 2.977300414591756999e+05 1.534349488229219958e+02 2.170774756840297073e+02 1.940944824218750000e+02 
1.833331489562987926e+01 1.559998321533203125e+02 9.000000000000000000e+00 8.566899999999999242e-06 -3.368347000000000135e-09 7.468349000000000615e+01 9.240997999999999379e+00 8.082791140000000496e+01 2.653021049499512074e+01 1.030785260133389966e+05 -1.534349488229219958e+02 2.149187699330003909e+02 1.967716522216796875e+02 
1.499998474121093928e+01 1.683331604003905966e+02 9.000000000000000000e+00 4.061590000000000339e-02 9.375836999999999837e-07 8.786105999999999483e+01 1.394377000000000066e+01 8.003752900000000636e+01 1.718409919738769887e+01 1.845349266924728872e+05 4.500000000000000000e+01 2.166577928941026983e+02 2.014566955566405966e+02 
1.266665363311767933e+01 1.319998626708984091e+02 1.000000000000000000e+01 2.919263999999999748e-01 2.634688000000000040e-06 9.697235999999999478e+01 1.696255000000000024e+01 9.036229710000000637e+01 5.494358444213867188e+01 1.422593977360646008e+06 6.343494882292200998e+01 2.102821468378392069e+02 1.813779602050780966e+02 
4.666661739349365234e+00 1.566665039062500000e+02 1.000000000000000000e+01 2.817484000000000099e-01 2.310248999999999791e-06 8.559859000000000151e+01 1.160166000000000075e+01 9.319313809999999876e+01 4.445807266235352273e+01 1.861269251325950900e+05 -3.369006752597979215e+01 2.141683074726778102e+02 1.920866088867188068e+02 
1.033332252502441051e+01 1.619998321533203125e+02 7.000000000000000000e+00 2.757450000000000179e-01 2.400781000000000062e-06 9.733227999999999724e+01 1.184830999999999968e+01 8.042961880000000008e+01 2.428303718566894887e+01 3.256082554366678814e+05 1.800000000000000000e+02 2.135816977726472885e+02 1.853937072753905966e+02 
1.199998760223389027e+01 1.596665039062500000e+02 8.000000000000000000e+00 3.371892000000000222e-01 2.820281000000000027e-06 9.858526999999999418e+01 1.487104000000000070e+01 8.541424560000000099e+01 1.726696472167969034e+02 1.552373826053190976e+06 1.209475707701209934e+01 2.189988372855486887e+02 1.894094543457030966e+02 
1.399998569488525035e+01 1.626665039062500000e+02 9.000000000000000000e+00 7.243755000000000333e-02 1.641171999999999921e-06 5.820293000000000205e+01 7.672945000000000348e+00 9.044960779999999545e+01 1.722087860107421875e+01 1.559391482311949949e+05 -1.350000000000000000e+02 2.139730141142495086e+02 1.947637786865234091e+02 
1.699998283386230113e+01 1.663331604003905966e+02 1.000000000000000000e+01 5.342771999999999799e-02 1.011275999999999929e-06 8.437270999999999788e+01 7.694735999999999798e+00 7.187581629999999677e+01 1.183572292327881037e+01 1.366515883560987131e+05 1.800000000000000000e+02 2.139994704906756908e+02 1.934252014160155966e+02 
9.999989509582519531e+00 1.303331909179688068e+02 6.000000000000000000e+00 1.877550999999999873e-02 1.424152000000000006e-06 5.629480999999999824e+01 1.778163999999999945e+01 8.653478239999999744e+01 2.728010940551758168e+01 1.217080977350290959e+04 1.534349488229219958e+02 2.174453209771050126e+02 2.081496124267578125e+02 
1.666664886474609020e+01 1.423331909179688068e+02 8.000000000000000000e+00 1.131153000000000020e-01 1.031862000000000032e-06 8.573053000000000168e+01 7.352691000000000088e+00 8.875783540000000471e+01 6.608574676513671875e+01 1.209621513066969055e+05 1.118014094863518011e+02 2.173960126793903100e+02 1.914173278808594034e+02 
1.399998569488525035e+01 1.429998474121094034e+02 9.000000000000000000e+00 2.321322000000000108e-01 2.194520000000000039e-06 8.187633999999999901e+01 1.171569000000000038e+01 9.404463959999999645e+01 7.192784881591796875e+01 2.266964834561675889e+04 0.000000000000000000e+00 2.270078762278837132e+02 2.188582763671875000e+02 
1.499998474121093928e+01 1.349998626708984091e+02 1.000000000000000000e+01 5.663072999999999718e-02 1.019805000000000098e-06 8.685648000000000479e+01 1.025957999999999970e+01 7.758508299999999736e+01 1.719670677185058949e+01 3.596757655705970246e+05 -1.350000000000000000e+02 2.143016543793063136e+02 1.920866088867188068e+02 
7.333325862884520596e+00 1.096665496826172017e+02 6.000000000000000000e+00 1.490657999999999914e-02 8.686310999999999834e-07 6.864457000000000164e+01 1.797103999999999857e+01 8.452320860000000380e+01 1.235497474670409979e+01 1.907950568399074837e+04 9.000000000000000000e+01 2.203402720860071895e+02 2.027952728271484091e+02 
8.333324432373046875e+00 1.349998626708984091e+02 6.000000000000000000e+00 1.823097999999999941e-01 1.715337000000000082e-06 9.118908000000000413e+01 1.081465000000000032e+01 8.566429899999999975e+01 3.868363571166992188e+01 9.789173701499562594e+04 1.615650511770780042e+02 2.140802722507052920e+02 1.907480316162109091e+02 
1.899998092651366832e+01 1.409998474121094034e+02 7.000000000000000000e+00 2.871536000000000054e-03 -1.618372000000000061e-07 6.957353999999999417e+01 6.130548000000000108e+00 7.730760960000000637e+01 3.719281005859375000e+01 6.489524505832520845e+03 -1.615650511770780042e+02 2.256850372314453068e+02 2.195275573730469034e+02 
1.866664695739746094e+01 1.659998321533203125e+02 8.000000000000000000e+00 9.280016000000000653e-02 1.576774000000000008e-06 8.938066999999999496e+01 8.818623999999999796e+00 6.805309300000000405e+01 1.644972076416015909e+02 7.814332699681489430e+03 -1.029946167919164992e+02 2.254396362304688068e+02 2.168504028320311932e+02 
1.666664886474609020e+01 1.349998626708984091e+02 1.000000000000000000e+01 9.926762999999999559e-02 2.287760999999999915e-06 7.380539000000000271e+01 1.216798999999999964e+01 7.804792790000000480e+01 4.896893692016602273e+01 6.584930949721965590e+03 1.659637565320734893e+02 2.302362213134765909e+02 2.242126007080078125e+02 
2.166664314270019887e+01 1.433331909179688068e+02 8.000000000000000000e+00 2.085708000000000006e-02 3.960948999999999822e-07 8.625269000000000119e+01 6.943546000000000440e+00 7.976575470000000223e+01 5.741043853759766336e+01 5.101044510511724184e+03 0.000000000000000000e+00 2.293996047973633097e+02 2.262204742431640909e+02 
9.333323478698730469e+00 1.316665344238280966e+02 6.000000000000000000e+00 1.121068999999999954e-01 1.661251000000000004e-06 8.308982000000000312e+01 1.119209999999999994e+01 8.221720890000000281e+01 2.438239097595214844e+01 1.084073012256237998e+05 0.000000000000000000e+00 2.110693904876708871e+02 1.947637786865234091e+02 
4.999994754791259766e+00 1.473331756591796875e+02 8.000000000000000000e+00 2.166756000000000151e-03 -2.257188999999999924e-07 8.085680000000000689e+01 1.698535000000000039e+01 7.226415249999999446e+01 9.846387481689453125e+01 9.969787193677860778e+05 0.000000000000000000e+00 2.136278805830841918e+02 1.867322845458984091e+02 
1.799998092651366832e+01 1.353331909179688068e+02 8.000000000000000000e+00 2.486515999999999813e-03 1.229841999999999956e-07 8.895368000000000563e+01 8.634778000000000731e+00 7.278793330000000594e+01 3.706489181518554688e+01 1.372799042776578863e+05 9.000000000000000000e+01 2.134975630987258057e+02 1.920866088867188068e+02 
1.466665172576903942e+01 1.426665191650390909e+02 9.000000000000000000e+00 1.313365999999999978e-01 1.600820999999999932e-06 7.666729999999999734e+01 8.203383999999999787e+00 8.646688840000000198e+01 3.789983749389647727e+01 2.749510981873042183e+05 1.843494882292200998e+01 2.228125849184783078e+02 2.048031463623046875e+02 
1.566665077209473012e+01 1.553331756591796875e+02 9.000000000000000000e+00 1.083879999999999982e-01 1.081110999999999999e-06 9.036956000000000699e+01 8.518767000000000422e+00 8.469268800000000397e+01 4.941989898681641336e+01 9.265812117174637024e+03 9.000000000000000000e+01 2.244038282121931047e+02 2.128346557617188068e+02 
2.133331108093262074e+01 1.593331604003905966e+02 7.000000000000000000e+00 4.854987000000000191e-02 -6.514418000000000332e-07 8.738134999999999764e+01 9.192650999999999684e+00 8.841599270000000388e+01 3.452502441406250000e+01 7.036217138997616712e+04 1.800000000000000000e+02 2.159498940207741100e+02 2.001181030273438068e+02 
1.766664886474609020e+01 1.356665191650390909e+02 8.000000000000000000e+00 4.865515000000000118e-02 1.049386000000000103e-06 9.531776000000000693e+01 1.807779999999999987e+01 8.235910029999999438e+01 1.177208042144775035e+01 1.544721839635659999e+05 1.800000000000000000e+02 2.105828782421046981e+02 1.920866088867188068e+02 
2.199997711181640980e+01 1.646664886474609091e+02 9.000000000000000000e+00 1.379177000000000094e-04 -1.356695000000000059e-08 8.987636999999999432e+01 5.885083999999999982e+00 7.436713410000000124e+01 1.685747909545898082e+01 8.788253234096702363e+04 -1.350000000000000000e+02 2.192559630905373069e+02 1.974409484863280966e+02 
2.433330726623535156e+01 1.476665191650390909e+02 8.000000000000000000e+00 3.103679999999999981e-02 6.667693999999999752e-07 9.257065000000000055e+01 8.383497999999999450e+00 6.905333709999999314e+01 3.608493041992188211e+01 1.625515026012726885e+05 1.843494882292200998e+01 2.199548764742337994e+02 1.967716522216796875e+02 
2.266664314270019887e+01 1.356665191650390909e+02 8.000000000000000000e+00 2.387140000000000095e-02 5.036103999999999632e-07 8.443238999999999805e+01 6.104141000000000261e+00 7.307395940000000678e+01 1.137261104583740057e+01 2.282495237095316043e+04 1.800000000000000000e+02 2.220931786431206945e+02 2.061417388916015909e+02 
1.333331966400145951e+01 1.436665191650390909e+02 8.000000000000000000e+00 4.675156999999999924e-02 9.426182999999999803e-07 7.798622000000000298e+01 1.007620999999999967e+01 8.380477910000000463e+01 3.809946441650391336e+01 1.335723604657886899e+05 1.615650511770780042e+02 2.190590568542480128e+02 1.940944824218750000e+02 
1.366665267944335938e+01 1.333331909179688068e+02 9.000000000000000000e+00 8.288513000000000130e-02 1.046034999999999930e-06 8.571542999999999779e+01 6.813513000000000375e+00 7.783359529999999893e+01 1.722087860107421875e+01 7.912547417549033416e+05 -1.350000000000000000e+02 2.168312400535301094e+02 1.920866088867188068e+02 
