9.999989509582519531e+00 2.606663818359375000e+02 8.000000000000000000e+00 1.738997000000000112e-02 1.042257000000000040e-06 7.048753000000000668e+01 1.308855999999999931e+01 6.960906980000000033e+01 7.115496826171875000e+01 2.259265639447424037e+05 1.490362434679265107e+02 2.286331286401805869e+02 2.175196838378905966e+02 
1.333331966400145951e+01 3.376663208007811932e+02 9.000000000000000000e+00 1.273341000000000056e-01 1.707398999999999922e-06 8.721157999999999788e+01 7.463026000000000160e+00 7.085780330000000049e+01 2.704757118225098012e+01 7.621719723012398754e+04 -1.534349488229219958e+02 2.140792945727966980e+02 1.934252014160155966e+02 
1.266665363311767933e+01 2.619997253417968750e+02 8.000000000000000000e+00 1.725830999999999893e-02 9.131059000000000052e-07 7.502821000000000140e+01 1.327425999999999995e+01 7.006474300000000710e+01 1.036295166015625000e+02 2.677389430307102157e+05 -1.350000000000000000e+02 2.197082691192626953e+02 1.927559051513671875e+02 
7.333325862884520596e+00 2.726663818359375000e+02 8.000000000000000000e+00 5.233228000000000185e-02 1.247814999999999928e-06 8.201372999999999536e+01 9.997711000000000681e+00 7.172707370000000537e+01 3.478960418701171875e+01 5.448206293215031110e+03 4.500000000000000000e+01 2.310728340148926065e+02 2.295669250488280966e+02 
2.966663551330566051e+01 2.983330078125000000e+02 9.000000000000000000e+00 2.240226999999999843e-02 7.232209000000000224e-07 8.758678000000000452e+01 1.304662000000000077e+01 7.308522030000000314e+01 2.695550727844237926e+01 3.346682522674523352e+04 -6.343494882292200998e+01 2.169699118477957995e+02 1.994488220214844034e+02 
2.899996948242187855e+01 3.059996948242188068e+02 7.000000000000000000e+00 1.301981999999999966e-02 -5.597212999999999895e-07 6.837073999999999785e+01 8.135878999999999195e+00 7.570174409999999909e+01 1.080615234375000000e+01 4.326128679784036649e+04 1.800000000000000000e+02 2.196391092936198106e+02 2.081496124267578125e+02 
1.766664886474609020e+01 2.723330383300781250e+02 8.000000000000000000e+00 2.466034000000000195e-03 1.550020000000000005e-07 8.409685000000000343e+01 1.034999999999999964e+01 7.252632900000000404e+01 2.470994949340819957e+01 2.488534000356036995e+04 9.000000000000000000e+01 2.233319533498664100e+02 2.114960632324219034e+02 
9.666656494140625000e+00 2.643330688476561932e+02 7.000000000000000000e+00 1.375362999999999933e-02 1.003503999999999905e-06 5.566940000000000310e+01 1.053283000000000058e+01 7.681811519999999405e+01 2.435965919494628906e+01 1.083297684010912053e+04 1.800000000000000000e+02 2.284793300628662109e+02 2.201968536376953125e+02 
8.333324432373046875e+00 3.349996643066406250e+02 8.000000000000000000e+00 6.215332000000000278e-04 -1.285623000000000129e-07 7.131292000000000542e+01 1.578683999999999976e+01 6.946454620000000091e+01 5.510717773437500000e+01 1.874783126170058094e+05 1.165650511770780042e+02 2.193384129620980900e+02 1.987795257568359091e+02 
1.166665458679199041e+01 2.669997253417968750e+02 7.000000000000000000e+00 1.271240999999999899e-01 1.425841000000000042e-06 9.317817999999999756e+01 1.100395999999999930e+01 8.203421779999999330e+01 2.470994949340819957e+01 1.695209513180076901e+05 -9.000000000000000000e+01 2.207120997111003078e+02 2.021259918212890909e+02 
1.266665363311767933e+01 3.373329772949218750e+02 8.000000000000000000e+00 5.488076000000000065e-02 1.594299999999999923e-06 8.986101999999999634e+01 1.328820999999999941e+01 6.512921140000000264e+01 2.411010551452637074e+01 7.370976197236269945e+04 1.800000000000000000e+02 2.148303516734729897e+02 1.981102294921875000e+02 
1.466665172576903942e+01 2.663330688476561932e+02 7.000000000000000000e+00 3.730218999999999896e-02 9.046154000000000523e-07 7.294136000000000308e+01 1.084820000000000029e+01 8.699333950000000470e+01 2.695610427856444957e+01 4.787397793096835085e+04 -2.656505117707799002e+01 2.153630803426106866e+02 1.927559051513671875e+02 
6.666659832000732422e+00 2.693330383300781250e+02 1.000000000000000000e+01 5.434154000000000068e-02 1.840512999999999932e-06 8.260922999999999661e+01 1.122353000000000023e+01 6.177685170000000170e+01 1.235497474670409979e+01 1.364027312837240970e+04 9.000000000000000000e+01 2.251496063232422102e+02 2.121653442382811932e+02 
9.999989509582519531e+00 2.623330688476561932e+02 1.000000000000000000e+01 2.605591999999999978e-02 1.105414000000000001e-06 8.841092999999999336e+01 1.559263999999999939e+01 6.604579929999999877e+01 1.734488296508789062e+01 1.218172952253846961e+04 -1.350000000000000000e+02 2.255511847601995896e+02 2.128346557617188068e+02 
2.466664123535155895e+01 2.933330383300781250e+02 7.000000000000000000e+00 2.972784000000000017e-03 2.548851999999999800e-07 9.184220999999999435e+01 2.348128000000000171e+01 7.681438450000000273e+01 0.000000000000000000e+00 5.247417692685192014e+04 0.000000000000000000e+00 2.260611198061988887e+02 2.148425292968750000e+02 
2.166664314270019887e+01 3.176663208007811932e+02 9.000000000000000000e+00 7.099085999999999678e-04 1.389529999999999870e-07 7.704779999999999518e+01 1.776849999999999952e+01 6.791664889999999843e+01 1.150773048400879084e+01 2.002250635457203025e+05 1.800000000000000000e+02 2.181591365352558114e+02 1.954330749511719034e+02 
1.699998283386230113e+01 3.043330078125000000e+02 8.000000000000000000e+00 7.484267000000000003e-02 1.777708999999999974e-06 8.559480999999999540e+01 1.501746999999999943e+01 7.531861109999999826e+01 1.708728790283203125e+01 3.546631545778796863e+04 1.350000000000000000e+02 2.110746567337600936e+02 1.961023559570311932e+02 
