2.199997711181640980e+01 1.469998474121094034e+02 7.000000000000000000e+00 5.614858999999999822e-03 9.632141000000000568e-07 5.348393999999999693e+01 1.465324000000000026e+01 6.839308169999999620e+01 7.707020568847656250e+01 1.248033763495596068e+05 -1.286598082540901089e+02 2.208934615777463080e+02 2.001181030273438068e+02 
2.066664505004883168e+01 1.459998474121094034e+02 7.000000000000000000e+00 4.894827999999999679e-02 1.307790999999999961e-06 6.764690000000000225e+01 9.038370999999999711e+00 8.039270779999999661e+01 0.000000000000000000e+00 8.991889727517147548e+03 0.000000000000000000e+00 2.262204742431640909e+02 2.248818969726561932e+02 
1.299998664855957031e+01 1.339998626708984091e+02 8.000000000000000000e+00 7.742380000000000095e-02 1.076768999999999998e-06 8.809194999999999709e+01 1.093256000000000050e+01 8.444557949999999380e+01 2.701764678955078125e+01 4.637340354007044807e+05 1.534349488229219958e+02 2.168966864770015093e+02 1.820472412109375000e+02 
5.999993801116943359e+00 1.339998626708984091e+02 9.000000000000000000e+00 5.327733999999999769e-03 -3.433949999999999856e-07 7.955182999999999538e+01 1.761567000000000149e+01 8.162166600000000471e+01 3.903948211669921875e+01 4.941800775101284962e+05 1.084349488229219958e+02 2.124870592401831004e+02 1.787007904052734091e+02 
6.999992847442626953e+00 1.269998703002929972e+02 1.000000000000000000e+01 9.286315000000000541e-02 2.192799000000000179e-06 7.136750999999999578e+01 1.241721000000000075e+01 8.123383330000000058e+01 1.920033874511719034e+02 8.179427576403309104e+03 5.019442890773481025e+01 2.178543294270832860e+02 2.068110198974609091e+02 
1.266665363311767933e+01 1.489998474121094034e+02 7.000000000000000000e+00 5.338713999999999960e-02 1.577240999999999982e-06 8.527030000000000598e+01 1.474951000000000079e+01 7.120510860000000264e+01 8.113997650146484375e+01 1.540919768386498909e+05 2.656505117707799002e+01 2.091739139722741072e+02 1.880708618164061932e+02 
9.666656494140625000e+00 1.553331756591796875e+02 1.000000000000000000e+01 1.534340999999999899e-01 2.168882999999999848e-06 8.255706999999999596e+01 1.246462000000000003e+01 8.359282679999999743e+01 6.150185012817382812e+01 5.417170910144210211e+03 -5.313010235415598004e+01 2.213681106567383097e+02 2.121653442382811932e+02 
1.533331775665283025e+01 1.226665420532226989e+02 1.000000000000000000e+01 7.187482000000000593e-02 1.758308999999999999e-06 7.850063000000000102e+01 1.499840000000000018e+01 8.142935939999999562e+01 4.411463165283203125e+01 1.417559300799971097e+05 -1.236900675259797993e+02 2.161873579649167993e+02 1.880708618164061932e+02 
6.333326816558837891e+00 1.389998474121094034e+02 1.000000000000000000e+01 7.200554000000000676e-02 1.265049000000000041e-06 8.659985000000000355e+01 1.426279000000000075e+01 8.535842130000000338e+01 6.135654830932617188e+01 2.702025459020243725e+05 1.800000000000000000e+02 2.108876174001983088e+02 1.840551147460938068e+02 
1.233332061767577947e+01 1.419998474121094034e+02 7.000000000000000000e+00 6.905157000000000656e-02 1.806984000000000003e-06 7.684484999999999388e+01 1.302317999999999998e+01 7.664389040000000364e+01 4.941992950439453125e+01 3.624876654116959253e+04 9.000000000000000000e+01 2.127850686532480040e+02 1.940944824218750000e+02 
2.566663932800292969e+01 1.463331756591796875e+02 8.000000000000000000e+00 8.710146000000000208e-03 8.127600999999999723e-07 6.295074000000000325e+01 1.450439000000000078e+01 7.293294530000000009e+01 4.628450393676757812e+01 3.346919330087972776e+04 -1.659637565320734893e+02 2.222047237820096086e+02 2.074803161621094034e+02 
1.233332061767577947e+01 1.543331756591796875e+02 8.000000000000000000e+00 1.189971999999999974e-01 1.949434000000000011e-06 9.206540999999999997e+01 1.453933999999999926e+01 7.704978939999999454e+01 1.727763938903808949e+01 1.584108289931484906e+05 1.350000000000000000e+02 2.105488457114009861e+02 1.900787353515625000e+02 
1.199998760223389027e+01 1.696664886474609091e+02 9.000000000000000000e+00 1.887831000000000092e-01 2.161699999999999988e-06 8.850136000000000536e+01 1.107835999999999999e+01 8.021692659999999364e+01 3.706495666503906250e+01 1.128715508969457005e+05 9.000000000000000000e+01 2.186192358107794007e+02 1.961023559570311932e+02 
8.999990463256835938e+00 1.349998626708984091e+02 1.000000000000000000e+01 1.878876999999999908e-01 2.459966000000000072e-06 8.625534000000000390e+01 1.212249000000000088e+01 7.955599979999999505e+01 1.736119461059569957e+01 5.426313093971883973e+03 4.500000000000000000e+01 2.218700828552246094e+02 2.101574859619140909e+02 
4.999994754791259766e+00 1.309998626708984091e+02 6.000000000000000000e+00 2.029101999999999989e-02 7.290857000000000446e-07 8.256501000000000090e+01 1.536758000000000024e+01 7.964711760000000140e+01 0.000000000000000000e+00 5.646755211160596227e+05 0.000000000000000000e+00 2.126563850014896957e+02 1.900787353515625000e+02 
2.399997520446776988e+01 1.786664733886719034e+02 8.000000000000000000e+00 1.975678999999999977e-02 1.181102000000000063e-06 6.218589999999999662e+01 1.085023999999999944e+01 7.225676730000000703e+01 2.470994949340819957e+01 1.381171066124936078e+04 9.000000000000000000e+01 2.175805289528587139e+02 2.068110198974609091e+02 
2.199997711181640980e+01 1.746664886474609091e+02 8.000000000000000000e+00 1.662129999999999858e-02 7.691621999999999734e-07 6.742385000000000161e+01 7.445537999999999990e+00 6.922400670000000389e+01 2.291071128845214844e+01 3.564665549755468237e+04 1.800000000000000000e+02 2.173045578002929972e+02 2.061417388916015909e+02 
1.866664695739746094e+01 1.183332061767577983e+02 9.000000000000000000e+00 2.206028999999999976e-03 1.660778999999999945e-07 7.153923000000000343e+01 1.053844999999999921e+01 7.985156250000000000e+01 2.649059867858887074e+01 6.245490364037187101e+04 -1.534349488229219958e+02 2.120816946029663086e+02 1.974409484863280966e+02 
1.733331489562987926e+01 1.459998474121094034e+02 9.000000000000000000e+00 9.465980000000000227e-02 1.551556999999999975e-06 8.197651999999999362e+01 9.614423999999999637e+00 7.740463259999999934e+01 1.708762168884276988e+01 4.461538976968034694e+04 -1.350000000000000000e+02 2.150984272676355999e+02 2.007873992919921875e+02 
1.066665554046631037e+01 1.423331909179688068e+02 9.000000000000000000e+00 2.964030999999999957e-02 4.227952000000000059e-07 8.196208000000000027e+01 6.250803000000000331e+00 8.883842470000000446e+01 7.684847259521484375e+01 2.375298945901156985e+05 1.615650511770780042e+02 2.178201065930452955e+02 1.934252014160155966e+02 
1.966664695739746094e+01 1.429998474121094034e+02 1.000000000000000000e+01 1.035410000000000036e-04 2.641351000000000012e-08 7.255110999999999422e+01 1.439028000000000063e+01 7.986556240000000173e+01 5.078167724609375000e+01 7.753892599950842850e+03 -7.596375653207353196e+01 2.233202133178710938e+02 2.201968536376953125e+02 
1.599998283386229936e+01 1.319998626708984091e+02 6.000000000000000000e+00 1.174230000000000065e-02 3.265299000000000075e-07 7.619634999999999536e+01 1.090992999999999924e+01 9.447679139999999620e+01 3.768246078491210938e+01 1.875316590389765042e+05 -1.615650511770780042e+02 2.124528683944487000e+02 1.860629882812500000e+02 
1.433331871032715021e+01 1.306665344238280966e+02 7.000000000000000000e+00 5.950147999999999722e-03 1.381266000000000081e-07 7.813505999999999574e+01 3.652893000000000168e+00 8.499809270000000083e+01 1.235500621795653942e+01 8.382169417805677222e+04 -9.000000000000000000e+01 2.102105996268136039e+02 1.894094543457030966e+02 
1.833331489562987926e+01 1.516665039062500000e+02 7.000000000000000000e+00 5.153158000000000044e-02 1.021698000000000048e-06 7.378200999999999965e+01 9.090210000000000790e+00 8.498740390000000389e+01 2.649059867858887074e+01 1.081401988720845984e+05 -1.534349488229219958e+02 2.120524626582501924e+02 1.954330749511719034e+02 
1.699998283386230113e+01 1.559998321533203125e+02 8.000000000000000000e+00 4.216164000000000110e-04 -4.456199999999999894e-08 8.866109000000000151e+01 1.236063000000000045e+01 7.582537080000000174e+01 5.325500106811522727e+01 5.645240049027234782e+05 2.656505117707799002e+01 2.154620040538698902e+02 1.860629882812500000e+02 
2.233330917358398082e+01 1.436665191650390909e+02 8.000000000000000000e+00 1.704218999999999873e-02 6.797047999999999733e-07 7.787717999999999563e+01 1.086537000000000042e+01 7.243639369999999644e+01 6.005247497558593750e+01 4.344951769403357175e+05 5.313010235415598004e+01 2.201577120775367860e+02 2.007873992919921875e+02 
9.666656494140625000e+00 1.386665191650390909e+02 1.000000000000000000e+01 1.689308999999999950e-02 -3.564844999999999917e-07 8.440398999999999319e+01 1.087886999999999915e+01 9.205748749999999347e+01 2.438239097595214844e+01 4.335715423277897207e+04 1.800000000000000000e+02 2.230204257965087891e+02 2.094881896972655966e+02 
7.999991416931152344e+00 1.029998931884766051e+02 1.000000000000000000e+01 1.148982000000000059e-01 1.662623999999999999e-06 8.637879999999999825e+01 1.254645999999999972e+01 8.306545260000000042e+01 1.224481487274169922e+01 1.930365514011970954e+05 0.000000000000000000e+00 2.165911626681474900e+02 1.961023559570311932e+02 
1.466665172576903942e+01 1.433331909179688068e+02 7.000000000000000000e+00 4.285300999999999694e-02 1.270220000000000054e-06 5.890845999999999805e+01 6.486093999999999582e+00 8.141227720000000545e+01 3.893597793579102273e+01 6.647181988071914020e+03 1.084349488229219958e+02 2.185905517578125057e+02 2.108267669677734091e+02 
2.933330345153808949e+01 1.226665420532226989e+02 8.000000000000000000e+00 5.468901999999999791e-02 2.026536000000000141e-06 8.468568000000000495e+01 1.102528000000000041e+01 5.719290159999999901e+01 4.076088333129882812e+01 1.555741242920216064e+04 -3.369006752597979215e+01 2.250878284160907867e+02 2.195275573730469034e+02 
5.666660785675048828e+00 1.549998321533203125e+02 8.000000000000000000e+00 1.574019999999999976e-03 1.211931000000000107e-07 6.624349999999999739e+01 8.540362000000000009e+00 8.425611109999999826e+01 5.092251968383789062e+01 2.841940867833441007e+05 1.040362434679264965e+02 2.115539834682757885e+02 1.860629882812500000e+02 
1.133332157135009943e+01 1.469998474121094034e+02 8.000000000000000000e+00 1.954247000000000067e-01 3.806550000000000002e-06 8.230724999999999625e+01 1.974914000000000058e+01 8.273201749999999777e+01 7.832889556884765625e+01 3.995730700410882127e+05 -1.413401917459098911e+02 2.141371734310882005e+02 1.867322845458984091e+02 
1.833331489562987926e+01 1.486665191650390909e+02 9.000000000000000000e+00 9.520123999999999601e-03 7.324107999999999689e-07 7.180697999999999581e+01 1.649229000000000056e+01 7.308325960000000521e+01 1.235494232177734020e+01 8.077907559273159131e+04 9.000000000000000000e+01 2.121653548209897906e+02 1.914173278808594034e+02 
1.366665267944335938e+01 1.159998779296875000e+02 1.000000000000000000e+01 1.465845000000000065e-01 2.704454000000000111e-06 8.132390999999999792e+01 1.636955999999999989e+01 8.328649900000000628e+01 0.000000000000000000e+00 1.815317844644913857e+05 0.000000000000000000e+00 2.164960636812097903e+02 1.994488220214844034e+02 
1.033332252502441051e+01 1.273331985473632955e+02 6.000000000000000000e+00 1.843238000000000099e-01 1.916169999999999985e-06 8.968349000000000615e+01 1.018460999999999927e+01 8.103623199999999827e+01 6.925045776367187500e+01 1.040621208858604950e+05 4.500000000000000000e+01 2.220135002631645875e+02 2.027952728271484091e+02 
8.333324432373046875e+00 1.386665191650390909e+02 7.000000000000000000e+00 1.511991000000000029e-01 3.118002000000000103e-06 8.280534000000000106e+01 1.690521000000000029e+01 7.800914000000000215e+01 1.997144470214844034e+02 1.806599156578409020e+06 1.325104470780009080e+02 2.136852879210146909e+02 1.847244110107421875e+02 
1.266665363311767933e+01 1.396665191650390909e+02 7.000000000000000000e+00 1.445625000000000104e-01 2.476481999999999848e-06 8.803521999999999537e+01 1.430316000000000010e+01 7.579159549999999967e+01 1.724427413940430043e+01 3.094704528756068903e+05 4.500000000000000000e+01 2.148135463830197125e+02 1.900787353515625000e+02 
1.499998474121093928e+01 1.256665344238280966e+02 8.000000000000000000e+00 1.485760000000000136e-01 2.067756999999999793e-06 8.382515999999999678e+01 1.250858000000000025e+01 8.352674869999999885e+01 5.368476486206054688e+01 1.260805697047402064e+05 1.534349488229219958e+02 2.160824702212684940e+02 1.981102294921875000e+02 
1.399998569488525035e+01 1.746664886474609091e+02 9.000000000000000000e+00 2.644499000000000155e-02 1.237218000000000061e-06 7.514294999999999902e+01 1.228100000000000058e+01 6.730194849999999462e+01 7.058260345458984375e+01 7.999880470701120430e+03 -1.490362434679265107e+02 2.297900263468424100e+02 2.275590515136719034e+02 
1.033332252502441051e+01 1.363331909179688068e+02 1.000000000000000000e+01 8.950890999999999709e-02 1.840363000000000027e-06 8.405649999999999977e+01 9.500441000000000358e+00 6.776883700000000488e+01 2.752569580078125000e+01 1.364346618048509117e+05 1.165650511770780042e+02 2.075200752787071110e+02 1.867322845458984091e+02 
8.333324432373046875e+00 1.313331909179688068e+02 6.000000000000000000e+00 3.376334000000000279e-02 1.029846000000000075e-06 9.304731999999999914e+01 1.827522000000000091e+01 7.575254060000000322e+01 1.235497474670409979e+01 5.230907845411107992e+05 9.000000000000000000e+01 2.060287357082615074e+02 1.827165374755859091e+02 
1.533331775665283025e+01 1.256665344238280966e+02 7.000000000000000000e+00 1.143398000000000053e-01 1.710849000000000075e-06 8.249035999999999547e+01 1.106251999999999924e+01 8.180849460000000306e+01 3.893009948730468750e+01 6.495685526197050058e+04 1.084349488229219958e+02 2.071388400330835111e+02 1.894094543457030966e+02 
2.433330726623535156e+01 1.596665039062500000e+02 7.000000000000000000e+00 5.755973999999999639e-03 6.511967000000000014e-07 6.349786999999999892e+01 1.477112999999999943e+01 7.086899569999999926e+01 0.000000000000000000e+00 7.011265195218272856e+04 0.000000000000000000e+00 2.163842811584472940e+02 1.987795257568359091e+02 
1.233332061767577947e+01 1.273331985473632955e+02 8.000000000000000000e+00 3.455881999999999704e-02 1.416852000000000093e-06 7.587821999999999889e+01 1.831429999999999936e+01 7.988749690000000214e+01 2.750675582885741832e+01 2.750627701567226904e+05 -6.343494882292200998e+01 2.123840996718988094e+02 1.894094543457030966e+02 
1.866664695739746094e+01 1.509998474121094034e+02 8.000000000000000000e+00 5.521660999999999930e-02 1.795261999999999999e-06 6.957538999999999874e+01 1.239540000000000042e+01 7.738870239999999967e+01 7.780463409423828125e+01 5.041770913227596902e+05 -7.156505117707799002e+01 2.191342646018746052e+02 1.894094543457030966e+02 
4.666661739349365234e+00 1.573331756591796875e+02 8.000000000000000000e+00 3.850532000000000260e-02 1.250699999999999943e-06 7.965617000000000303e+01 1.802175000000000082e+01 8.338906860000000165e+01 1.235497474670409979e+01 3.942346412874865928e+05 9.000000000000000000e+01 2.156070931222704132e+02 1.907480316162109091e+02 
1.766664886474609020e+01 1.343331909179688068e+02 1.000000000000000000e+01 1.422823999999999964e-02 8.627969000000000012e-07 6.734982999999999720e+01 1.296907000000000032e+01 7.463168330000000594e+01 2.354463577270508168e+01 2.632550375095154159e+05 0.000000000000000000e+00 2.116925228745189997e+02 1.907480316162109091e+02 
1.233332061767577947e+01 1.163332138061523011e+02 1.000000000000000000e+01 1.084690999999999989e-01 2.152091000000000077e-06 7.429981999999999687e+01 1.284087000000000067e+01 8.398992160000000240e+01 7.845748901367187500e+01 5.902030450985015341e+04 -5.134019174590991241e+01 2.187365798950195028e+02 1.974409484863280966e+02 
1.099998855590819957e+01 1.636664886474609091e+02 1.000000000000000000e+01 4.836242999999999792e-02 1.489078999999999910e-06 6.107992999999999739e+01 7.509126000000000190e+00 7.859404750000000206e+01 3.642379760742188211e+01 2.426710515552938887e+04 1.800000000000000000e+02 2.246587948269313983e+02 2.034645690917969034e+02 
9.333323478698730469e+00 1.296665344238280966e+02 7.000000000000000000e+00 1.374515000000000042e-01 1.622031999999999923e-06 8.060795000000000243e+01 8.092316999999999538e+00 8.261135099999999909e+01 2.734469604492187855e+01 1.355317381377854908e+05 -1.534349488229219958e+02 2.215822854614258119e+02 1.947637786865234091e+02 
1.766664886474609020e+01 1.559998321533203125e+02 8.000000000000000000e+00 7.738562999999999692e-02 2.214098999999999873e-06 7.493514000000000408e+01 1.175792000000000037e+01 7.102573390000000586e+01 4.304887008666992188e+01 5.267549009112898493e+05 3.369006752597979215e+01 2.180561163738998118e+02 1.927559051513671875e+02 
1.799998092651366832e+01 1.403331909179688068e+02 8.000000000000000000e+00 2.071374999999999952e-02 6.120767000000000058e-07 8.400879000000000474e+01 1.132033999999999985e+01 7.661068729999999505e+01 5.108077621459960938e+01 8.881294634531122574e+04 1.350000000000000000e+02 2.062893696953269114e+02 1.894094543457030966e+02 
1.333331966400145951e+01 1.323331909179688068e+02 9.000000000000000000e+00 9.674818000000000306e-02 1.705111000000000080e-06 7.114522999999999797e+01 7.201178999999999775e+00 7.851735689999999579e+01 3.809992599487304688e+01 2.272843575448491902e+04 1.615650511770780042e+02 2.199212637508616979e+02 2.007873992919921875e+02 
1.499998474121093928e+01 1.223332061767577983e+02 9.000000000000000000e+00 1.586734999999999951e-01 2.187586999999999881e-06 8.118889000000000067e+01 1.262190000000000012e+01 8.598900600000000338e+01 4.927264022827147727e+01 7.563832118634911603e+04 1.403624346792648048e+01 2.230266637969434953e+02 2.081496124267578125e+02 
1.199998760223389027e+01 1.459998474121094034e+02 9.000000000000000000e+00 1.772587999999999941e-01 1.919695000000000091e-06 8.145255000000000223e+01 8.162534000000000844e+00 8.201012420000000702e+01 2.713084983825683949e+01 3.897950077770766075e+04 2.656505117707799002e+01 2.183505312163254075e+02 1.974409484863280966e+02 
1.399998569488525035e+01 1.313331909179688068e+02 9.000000000000000000e+00 3.741941000000000017e-02 1.102004000000000105e-06 8.323225999999999658e+01 1.162939000000000078e+01 7.086197660000000553e+01 2.470994949340819957e+01 4.533399718113012932e+04 9.000000000000000000e+01 2.236220469755284910e+02 1.974409484863280966e+02 
6.666659832000732422e+00 1.379998626708984091e+02 1.000000000000000000e+01 9.114122000000000542e-03 3.499938999999999852e-07 8.871944000000000585e+01 1.650405999999999906e+01 8.435915369999999314e+01 2.758537101745605113e+01 8.188023523481306620e+04 1.165650511770780042e+02 2.150544626871744924e+02 1.934252014160155966e+02 
9.666656494140625000e+00 1.459998474121094034e+02 1.000000000000000000e+01 1.810228000000000115e-01 1.996324000000000082e-06 8.483883000000000152e+01 1.138527999999999984e+01 8.669863130000000240e+01 2.470994949340819957e+01 1.760545021529422957e+04 9.000000000000000000e+01 2.235433079646184069e+02 2.108267669677734091e+02 
1.166665458679199041e+01 1.483331756591796875e+02 7.000000000000000000e+00 1.155216000000000021e-01 1.279228999999999920e-06 8.727388000000000545e+01 9.442762000000000100e+00 8.506861109999999826e+01 8.767313385009765625e+01 5.518801174644049752e+04 1.463099324740202007e+02 2.209967379686308959e+02 2.094881896972655966e+02 
1.966664695739746094e+01 1.473331756591796875e+02 8.000000000000000000e+00 8.383387000000000477e-02 1.602561000000000105e-06 7.738074000000000296e+01 1.128222000000000058e+01 8.181740569999999479e+01 3.699039840698242188e+01 1.267953000605589041e+05 1.615650511770780042e+02 2.125956139077945863e+02 1.974409484863280966e+02 
1.733331489562987926e+01 1.556665039062500000e+02 8.000000000000000000e+00 3.520956000000000086e-02 6.350546999999999618e-07 7.963017000000000678e+01 8.235810999999999993e+00 8.532737729999999488e+01 1.179369354248047053e+01 3.412205031960908673e+04 0.000000000000000000e+00 2.187553006685697028e+02 2.021259918212890909e+02 
1.466665172576903942e+01 1.199998779296875000e+02 8.000000000000000000e+00 4.584354999999999680e-02 1.176347000000000098e-06 7.743301999999999907e+01 9.371990999999999516e+00 7.329646300000000281e+01 1.717078971862792969e+01 1.208481668536090001e+05 4.500000000000000000e+01 2.140114224612057967e+02 1.914173278808594034e+02 
1.133332157135009943e+01 1.416665191650390909e+02 9.000000000000000000e+00 1.028127999999999959e-01 2.639306999999999852e-06 8.269004999999999939e+01 1.829666999999999888e+01 7.721633149999999546e+01 7.159263610839843750e+01 4.225717139541215729e+05 1.209637565320735035e+02 2.135508313999054906e+02 1.853937072753905966e+02 
1.666664886474609020e+01 1.506665039062500000e+02 1.000000000000000000e+01 1.779330000000000148e-02 7.856518999999999546e-07 6.799026999999999532e+01 1.295259000000000071e+01 8.342819210000000396e+01 6.050497055053710938e+01 1.670905154254366062e+05 -1.686900675259797993e+02 2.097569607712152049e+02 1.900787353515625000e+02 
1.499998474121093928e+01 1.436665191650390909e+02 7.000000000000000000e+00 4.322452999999999712e-02 7.414214000000000271e-07 8.324642000000000053e+01 1.037695000000000078e+01 8.709758759999999711e+01 5.083147811889647727e+01 9.692775006796466187e+04 1.040362434679264965e+02 2.138064949349181063e+02 1.961023559570311932e+02 
2.533330726623535156e+01 1.513331756591796875e+02 8.000000000000000000e+00 1.034818000000000023e-02 -4.245079999999999787e-07 7.596620000000000061e+01 1.119815000000000005e+01 8.041269680000000619e+01 1.664312934875487926e+01 9.678941931662427669e+04 4.500000000000000000e+01 2.154689080654046052e+02 2.027952728271484091e+02 
1.466665172576903942e+01 1.233332061767577983e+02 9.000000000000000000e+00 2.106889000000000123e-01 3.392788999999999849e-06 8.407636999999999716e+01 1.420546000000000042e+01 7.666640470000000107e+01 3.585748291015625000e+01 5.180150715935612243e+04 0.000000000000000000e+00 2.137613576253255019e+02 1.994488220214844034e+02 
6.333326816558837891e+00 1.376665191650390909e+02 9.000000000000000000e+00 1.560759999999999925e-01 1.707467999999999921e-06 8.044880999999999460e+01 9.016826999999999259e+00 8.701140589999999975e+01 5.066353607177733664e+01 2.102782586499662139e+05 -1.659637565320734893e+02 2.127824944830560128e+02 1.900787353515625000e+02 
1.333331966400145951e+01 1.306665344238280966e+02 1.000000000000000000e+01 1.138680999999999999e-01 1.427026999999999958e-06 8.607178999999999292e+01 9.229704999999999160e+00 8.068141939999999579e+01 6.002611160278320312e+01 2.818537575894995243e+05 1.800000000000000000e+02 2.139131257839113118e+02 1.927559051513671875e+02 
1.033332252502441051e+01 1.496665039062500000e+02 1.000000000000000000e+01 1.079780000000000045e-01 1.649664999999999943e-06 8.599343000000000359e+01 1.191792000000000051e+01 8.051612090000000421e+01 2.433411026000976918e+01 1.000386748963404971e+05 1.800000000000000000e+02 2.165790603225296138e+02 2.001181030273438068e+02 
1.533331775665283025e+01 1.666664886474609091e+02 1.000000000000000000e+01 2.407926999999999984e-02 1.284274000000000056e-06 6.758462000000000103e+01 1.637837999999999994e+01 7.966566469999999356e+01 2.742423629760741832e+01 1.589217399088740058e+04 1.165650511770780042e+02 2.229855626424154025e+02 2.121653442382811932e+02 
1.599998283386229936e+01 1.556665039062500000e+02 7.000000000000000000e+00 4.000154999999999683e-02 4.827480000000000026e-07 8.739803000000000566e+01 6.117496000000000045e+00 8.568999479999999380e+01 3.562891006469727273e+01 2.244386689046692918e+05 1.800000000000000000e+02 2.173661420934340924e+02 1.914173278808594034e+02 
2.599997329711914062e+01 1.539998321533203125e+02 7.000000000000000000e+00 4.821016000000000190e-02 9.644241999999999387e-07 8.833489000000000146e+01 9.542320999999999387e+00 7.258251190000000008e+01 1.235494232177734020e+01 1.371648880859976925e+05 -9.000000000000000000e+01 2.190934254414326858e+02 2.048031463623046875e+02 
1.099998855590819957e+01 1.436665191650390909e+02 8.000000000000000000e+00 2.888415999999999900e-02 -5.305826999999999777e-07 8.736364000000000374e+01 9.606752000000000180e+00 8.359579469999999901e+01 6.294725418090820312e+01 8.496647775411569455e+04 1.013099324740202007e+02 2.215566813151042140e+02 2.068110198974609091e+02 
1.433331871032715021e+01 1.356665191650390909e+02 9.000000000000000000e+00 1.121372999999999953e-01 1.080610999999999961e-06 8.973981000000000563e+01 7.551575999999999844e+00 8.324835969999999463e+01 2.692488479614258168e+01 1.237171810320249060e+05 -1.534349488229219958e+02 2.138781654604019877e+02 1.961023559570311932e+02 
9.666656494140625000e+00 1.679998321533203125e+02 9.000000000000000000e+00 1.395148999999999972e-01 1.470982999999999931e-06 7.285204000000000235e+01 6.652088000000000001e+00 9.127288059999999348e+01 1.235497474670409979e+01 2.261593250028578041e+05 9.000000000000000000e+01 2.214632952113352076e+02 2.007873992919921875e+02 
8.666657447814941406e+00 1.419998474121094034e+02 9.000000000000000000e+00 1.962962000000000040e-01 3.111818999999999894e-06 7.599445000000000050e+01 1.543060000000000009e+01 8.939653780000000438e+01 9.883985900878906250e+01 1.779223673735707125e+05 9.000000000000000000e+01 2.208814706583968928e+02 2.014566955566405966e+02 
1.699998283386230113e+01 1.473331756591796875e+02 1.000000000000000000e+01 5.290360000000000201e-02 1.204089999999999978e-06 7.362176999999999794e+01 1.043359000000000059e+01 8.281782529999999554e+01 3.891797256469727273e+01 2.761197797863178130e+04 -1.084349488229219958e+02 2.201968507312593033e+02 2.088188934326171875e+02 
1.666664886474609020e+01 1.546665039062500000e+02 1.000000000000000000e+01 3.825640000000000290e-02 1.397804000000000094e-06 5.782735999999999876e+01 9.635806999999999789e+00 8.553530879999999570e+01 3.762515258789061789e+01 1.053085994956405921e+04 -1.615650511770780042e+02 2.262204742431640909e+02 2.201968536376953125e+02 
1.433331871032715021e+01 1.359998626708984091e+02 6.000000000000000000e+00 1.779767999999999975e-02 6.958886000000000232e-07 5.464920000000000044e+01 6.670841000000000243e+00 8.911972810000000322e+01 3.442999267578125000e+01 9.313276887395144513e+03 -1.350000000000000000e+02 2.204836905343192086e+02 2.108267669677734091e+02 
1.233332061767577947e+01 1.329998626708984091e+02 7.000000000000000000e+00 9.066229000000000648e-02 2.002421999999999850e-06 9.624184999999999945e+01 1.680867999999999896e+01 7.045613860000000273e+01 4.974413681030272727e+01 1.865017553308797069e+05 1.403624346792648048e+01 2.233555225399757944e+02 1.961023559570311932e+02 
9.666656494140625000e+00 1.609998321533203125e+02 8.000000000000000000e+00 6.197115999999999736e-02 2.047780999999999800e-06 8.168216999999999928e+01 1.870720999999999989e+01 7.568727869999999314e+01 1.734453201293944957e+01 2.342306871045769949e+05 1.350000000000000000e+02 2.157980983491578115e+02 2.007873992919921875e+02 
1.933331298828125000e+01 1.139998779296875000e+02 8.000000000000000000e+00 1.445850999999999942e-01 2.736316999999999792e-06 8.590470000000000539e+01 1.444829000000000008e+01 7.418933110000000397e+01 2.326857948303223012e+01 7.772611941066303189e+03 1.800000000000000000e+02 2.259973754882811932e+02 2.175196838378905966e+02 
1.299998664855957031e+01 1.313331909179688068e+02 8.000000000000000000e+00 5.088495999999999991e-02 2.128099000000000189e-06 9.722099000000000046e+01 1.917836000000000141e+01 5.904944609999999727e+01 1.235497474670409979e+01 2.528000041223498993e+05 9.000000000000000000e+01 2.177286183190724103e+02 1.920866088867188068e+02 
7.333325862884520596e+00 1.586665039062500000e+02 1.000000000000000000e+01 1.352667999999999926e-01 2.815821999999999974e-06 8.074612000000000478e+01 1.593876999999999988e+01 7.916024779999999339e+01 6.644081878662109375e+01 4.359968488596894167e+04 1.118014094863518011e+02 2.215563502311707111e+02 2.081496124267578125e+02 
8.333324432373046875e+00 1.179998779296875000e+02 1.000000000000000000e+01 2.837442000000000020e-01 2.384882000000000166e-06 9.207178000000000395e+01 1.173161999999999949e+01 8.581801609999999414e+01 2.740268707275390980e+01 3.598469406423859182e+05 -1.534349488229219958e+02 2.185880272631374908e+02 1.961023559570311932e+02 
1.899998092651366832e+01 1.173332138061523011e+02 7.000000000000000000e+00 8.158198999999999312e-02 8.758216000000000503e-07 8.879334000000000060e+01 8.933668000000000831e+00 8.840993500000000438e+01 1.168164730072020951e+01 1.285842114017387939e+05 0.000000000000000000e+00 2.189123533614958035e+02 1.987795257568359091e+02 
1.033332252502441051e+01 1.273331985473632955e+02 8.000000000000000000e+00 8.072558999999999985e-02 6.604534999999999523e-07 9.839296000000000220e+01 7.617155000000000342e+00 8.725905609999999513e+01 2.753186988830566051e+01 5.273376705165705789e+04 6.343494882292200998e+01 2.228225324581831046e+02 2.001181030273438068e+02 
1.699998283386230113e+01 1.283332061767578125e+02 8.000000000000000000e+00 2.543789999999999940e-02 7.665719999999999638e-07 6.585595999999999606e+01 8.343317000000000760e+00 8.459452059999999562e+01 7.114050292968750000e+01 1.116716637866814999e+05 5.903624346792648225e+01 2.164881902358110892e+02 1.981102294921875000e+02 
1.033332252502441051e+01 1.436665191650390909e+02 1.000000000000000000e+01 1.016491000000000061e-01 1.656024999999999954e-06 7.138821000000000083e+01 1.000319999999999965e+01 8.926384740000000306e+01 3.466284942626953125e+01 3.159467582736226032e+05 1.350000000000000000e+02 2.172794281397110012e+02 1.914173278808594034e+02 
9.999989509582519531e+00 1.379998626708984091e+02 1.000000000000000000e+01 1.627231000000000163e-02 7.376417000000000055e-07 7.684658000000000300e+01 1.624809000000000125e+01 8.086035920000000488e+01 6.198399734497070312e+01 2.135727301048735098e+05 -1.130993247402020963e+01 2.217980684690838018e+02 1.920866088867188068e+02 
2.766663742065430043e+01 1.393331909179688068e+02 8.000000000000000000e+00 9.867195000000000479e-03 -5.492954000000000179e-07 7.850145999999999447e+01 1.254590999999999923e+01 7.015583039999999926e+01 0.000000000000000000e+00 1.944863831317261065e+04 0.000000000000000000e+00 2.263041353225708008e+02 2.195275573730469034e+02 
1.633331680297851918e+01 1.339998626708984091e+02 1.000000000000000000e+01 1.127919000000000005e-01 1.037305999999999958e-06 8.074348000000000525e+01 5.604885999999999591e+00 8.748632050000000504e+01 2.679173851013183949e+01 9.623993078806348785e+04 -1.534349488229219958e+02 2.175838654400550922e+02 2.021259918212890909e+02 
1.366665267944335938e+01 1.163332138061523011e+02 7.000000000000000000e+00 1.748383000000000020e-01 2.114988000000000171e-06 9.442991999999999564e+01 1.551234000000000002e+01 8.414278410000000008e+01 1.200544071197509943e+01 5.334892705830851337e+05 0.000000000000000000e+00 2.141531504058837925e+02 1.927559051513671875e+02 
1.366665267944335938e+01 1.226665420532226989e+02 7.000000000000000000e+00 2.752239999999999895e-02 5.780024000000000380e-07 9.129439000000000703e+01 1.289990000000000059e+01 8.364569849999999462e+01 1.720913696289062145e+01 8.643939787111780606e+05 1.350000000000000000e+02 2.188820247650145916e+02 1.920866088867188068e+02 
2.266664314270019887e+01 1.566665039062500000e+02 7.000000000000000000e+00 1.182800999999999991e-02 1.137505000000000047e-06 5.559998999999999825e+01 1.119238999999999962e+01 7.016284939999999892e+01 2.723604965209960938e+01 9.892105252572898462e+04 -1.165650511770780042e+02 2.199051095033302943e+02 1.967716522216796875e+02 
2.133331108093262074e+01 1.156665496826172017e+02 8.000000000000000000e+00 4.007853000000000110e-02 9.654133000000000729e-07 9.401364999999999839e+01 1.185887999999999920e+01 6.906261440000000107e+01 3.380413818359375000e+01 4.477566519922311272e+04 -1.350000000000000000e+02 2.159707550048827898e+02 1.974409484863280966e+02 
1.366665267944335938e+01 1.589998321533203125e+02 8.000000000000000000e+00 5.999430000000000041e-02 1.457723000000000036e-06 7.259920999999999935e+01 1.133745000000000047e+01 8.192761989999999628e+01 4.961724853515625000e+01 5.335831715321342017e+03 -1.659637565320734893e+02 2.302362213134765909e+02 2.268897705078125000e+02 
1.999997901916503906e+01 1.489998474121094034e+02 1.000000000000000000e+01 2.609194999999999917e-02 1.050291999999999913e-06 8.238512000000000057e+01 1.775463999999999842e+01 7.678743740000000173e+01 1.161062145233153942e+01 8.386934332726725552e+04 1.800000000000000000e+02 2.118152644230769113e+02 1.927559051513671875e+02 
8.666657447814941406e+00 1.379998626708984091e+02 1.000000000000000000e+01 1.419713999999999976e-01 1.635854000000000084e-06 9.263170999999999822e+01 1.099635999999999925e+01 7.990962220000000116e+01 1.221368312835693004e+01 1.371188060136211861e+05 1.800000000000000000e+02 2.176058322415493080e+02 1.940944824218750000e+02 
1.133332157135009943e+01 1.403331909179688068e+02 6.000000000000000000e+00 1.094176000000000037e-01 1.478980000000000026e-06 9.128020999999999674e+01 1.266733999999999938e+01 8.228859710000000405e+01 1.212776184082031072e+01 4.282207246172503801e+05 1.800000000000000000e+02 2.151035020936209889e+02 1.907480316162109091e+02 
2.199997711181640980e+01 1.509998474121094034e+02 7.000000000000000000e+00 2.544557999999999889e-02 5.004209999999999518e-07 7.279073999999999955e+01 6.652840999999999561e+00 8.882199099999999703e+01 2.291071128845214844e+01 6.365815760893421611e+03 0.000000000000000000e+00 2.208661407470702898e+02 2.068110198974609091e+02 
1.933331298828125000e+01 1.293331909179688068e+02 7.000000000000000000e+00 9.377483000000000346e-02 1.103117999999999939e-06 8.156403000000000247e+01 7.298909000000000091e+00 8.458621220000000562e+01 4.828768157958983664e+01 2.824445805648668902e+05 -1.659637565320734893e+02 2.164543466130527918e+02 1.934252014160155966e+02 
8.999990463256835938e+00 1.536665039062500000e+02 8.000000000000000000e+00 1.832787999999999917e-01 1.911591000000000008e-06 8.058687999999999363e+01 9.173733000000000359e+00 8.708593750000000000e+01 0.000000000000000000e+00 3.527217081270964263e+04 0.000000000000000000e+00 2.184463970477764008e+02 1.947637786865234091e+02 
1.766664886474609020e+01 1.566665039062500000e+02 9.000000000000000000e+00 4.350099999999999800e-02 1.021032999999999902e-06 7.622236999999999796e+01 9.636945000000000761e+00 7.925283050000000173e+01 2.736176681518555043e+01 9.423063682437212265e+04 1.165650511770780042e+02 2.152236453162298915e+02 1.940944824218750000e+02 
1.999997901916503906e+01 1.229998703002929972e+02 9.000000000000000000e+00 5.539333999999999925e-02 1.489088999999999974e-06 8.299266000000000076e+01 1.667400999999999911e+01 8.012709049999999422e+01 2.632332229614258168e+01 1.418660348461043031e+04 -2.656505117707799002e+01 2.164853279807350930e+02 2.041338653564453125e+02 
2.033331298828125000e+01 1.393331909179688068e+02 9.000000000000000000e+00 2.036224999999999841e-02 5.191547999999999816e-07 8.575078999999999496e+01 1.167322000000000060e+01 8.192297360000000594e+01 2.623667716979980113e+01 3.991316652353300015e+04 2.656505117707799002e+01 2.154902215773059879e+02 1.981102294921875000e+02 
1.499998474121093928e+01 1.683331604003905966e+02 9.000000000000000000e+00 4.998124999999999790e-02 1.111982000000000037e-06 8.121721999999999753e+01 1.307352000000000025e+01 8.312200160000000437e+01 2.386803245544433949e+01 2.108342595428464119e+05 1.800000000000000000e+02 2.161642654706847111e+02 1.967716522216796875e+02 
2.066664505004883168e+01 1.263331985473632955e+02 9.000000000000000000e+00 1.107424000000000047e-01 1.505441999999999909e-06 8.254810999999999410e+01 1.010792000000000002e+01 8.360104370000000529e+01 2.470994949340819957e+01 1.299393003814033000e+05 -9.000000000000000000e+01 2.098592817854172949e+02 1.920866088867188068e+02 
1.699998283386230113e+01 1.289998626708984091e+02 1.000000000000000000e+01 1.256692000000000087e-01 2.081943999999999866e-06 8.846668999999999983e+01 1.689574999999999960e+01 8.399481199999999603e+01 1.179417610168457031e+01 1.005953324442547979e+06 1.800000000000000000e+02 2.148573742859045979e+02 1.894094543457030966e+02 
6.666659832000732422e+00 1.573331756591796875e+02 1.000000000000000000e+01 2.347192999999999918e-01 2.696909999999999815e-06 8.604046999999999912e+01 1.420397999999999961e+01 8.710428620000000421e+01 2.758941268920898082e+01 5.169268528704076889e+05 -6.343494882292200998e+01 2.110051323883137115e+02 1.914173278808594034e+02 
1.033332252502441051e+01 1.603331604003905966e+02 7.000000000000000000e+00 1.566231999999999902e-01 1.682056000000000011e-06 9.038080999999999676e+01 1.038896000000000086e+01 8.183775330000000281e+01 2.725667953491210938e+01 3.604339838530428242e+05 1.534349488229219958e+02 2.110649104314796887e+02 1.860629882812500000e+02 
7.999991416931152344e+00 1.609998321533203125e+02 8.000000000000000000e+00 3.417839999999999767e-01 3.258498999999999987e-06 9.478226999999999691e+01 1.482965000000000089e+01 8.293345639999999719e+01 6.243338775634766336e+01 5.571523107044287026e+05 -1.130993247402020963e+01 2.079716727652200916e+02 1.807086639404296875e+02 
1.499998474121093928e+01 1.659998321533203125e+02 8.000000000000000000e+00 1.593207000000000095e-01 2.525606999999999992e-06 8.780898000000000536e+01 1.616237999999999886e+01 8.163726040000000239e+01 2.743299865722655895e+01 2.880210698842210113e+05 1.165650511770780042e+02 2.088497409381074874e+02 1.867322845458984091e+02 
1.366665267944335938e+01 1.613331604003905966e+02 9.000000000000000000e+00 7.910593999999999959e-02 1.682083999999999937e-06 5.981197999999999837e+01 6.680405000000000371e+00 8.614501190000000008e+01 2.698744201660155895e+01 2.575860598352169909e+05 -1.534349488229219958e+02 2.118081684804332951e+02 1.900787353515625000e+02 
1.666664886474609020e+01 1.646664886474609091e+02 1.000000000000000000e+01 7.101219000000000281e-02 1.315700999999999984e-06 9.009586000000000183e+01 1.141885000000000083e+01 7.369301609999999414e+01 2.367240905761719105e+01 3.260637978416443220e+05 1.800000000000000000e+02 2.177814658995596915e+02 1.974409484863280966e+02 
8.666657447814941406e+00 1.366665191650390909e+02 6.000000000000000000e+00 1.494404000000000010e-01 2.519632000000000019e-06 8.683556000000000097e+01 1.554820999999999920e+01 7.963393399999999644e+01 2.440579223632812145e+01 3.054629996252655983e+05 1.800000000000000000e+02 2.152857408311631957e+02 1.880708618164061932e+02 
1.166665458679199041e+01 1.389998474121094034e+02 7.000000000000000000e+00 2.423687999999999884e-02 6.449342999999999731e-07 8.120225999999999544e+01 9.110219000000000733e+00 7.563884740000000306e+01 5.003322601318358664e+01 7.670885286273165548e+04 -1.659637565320734893e+02 2.165920718009012091e+02 1.907480316162109091e+02 
1.499998474121093928e+01 1.259998703002929972e+02 7.000000000000000000e+00 3.944964000000000109e-02 7.426147999999999986e-07 8.274408999999999992e+01 9.314448000000000505e+00 8.195054629999999918e+01 3.790029907226561789e+01 5.303813956854419303e+03 -1.843494882292200998e+01 2.114960594177246094e+02 1.981102294921875000e+02 
1.866664695739746094e+01 1.399998474121094034e+02 8.000000000000000000e+00 1.005005999999999955e-01 1.067265000000000021e-06 8.663116999999999734e+01 6.832233999999999696e+00 8.135952000000000339e+01 1.235494232177734020e+01 5.988513723280445265e+04 -9.000000000000000000e+01 2.160501553079355972e+02 1.974409484863280966e+02 
9.333323478698730469e+00 1.543331756591796875e+02 9.000000000000000000e+00 5.187456000000000012e-02 1.139353000000000025e-06 7.861693999999999960e+01 1.402191999999999972e+01 8.822927090000000305e+01 1.736154365539551137e+01 8.132420832536112357e+03 -1.350000000000000000e+02 2.282283477783203125e+02 2.222047271728515909e+02 
1.533331775665283025e+01 1.436665191650390909e+02 9.000000000000000000e+00 1.693899000000000099e-01 2.196385000000000063e-06 8.314099000000000217e+01 1.383249999999999957e+01 8.867630769999999529e+01 2.679130744934082031e+01 3.136972071344887954e+05 2.656505117707799002e+01 2.119930902794947087e+02 1.914173278808594034e+02 
1.766664886474609020e+01 1.449998474121094034e+02 1.000000000000000000e+01 3.877005000000000035e-01 2.613808999999999897e-06 9.816571999999999321e+01 1.016635999999999918e+01 8.116865540000000578e+01 2.656950187683105113e+01 5.236064222865500051e+04 1.534349488229219958e+02 2.210334671020507926e+02 2.074803161621094034e+02 
1.199998760223389027e+01 1.349998626708984091e+02 1.000000000000000000e+01 1.034531000000000062e-01 1.744556000000000048e-06 7.993619999999999948e+01 1.059188999999999936e+01 7.965151980000000265e+01 1.208477210998534979e+01 2.983239836301815230e+05 1.800000000000000000e+02 2.158946945602828862e+02 1.934252014160155966e+02 
1.199998760223389027e+01 1.176665420532226989e+02 6.000000000000000000e+00 4.498574999999999796e-02 9.407542000000000450e-07 8.750565000000000282e+01 1.487552999999999948e+01 8.514656069999999488e+01 1.206962299346924006e+01 8.507442623306569876e+05 0.000000000000000000e+00 2.145606585000215887e+02 1.907480316162109091e+02 
7.999991416931152344e+00 1.353331909179688068e+02 6.000000000000000000e+00 2.166494999999999949e-01 1.788404000000000004e-06 9.778103000000000122e+01 1.102323999999999948e+01 8.342565919999999835e+01 2.756856536865234020e+01 7.209158893929322949e+04 1.165650511770780042e+02 2.213965255449402889e+02 2.088188934326171875e+02 
1.866664695739746094e+01 1.373331909179688068e+02 7.000000000000000000e+00 1.046104999999999952e-02 -2.245453000000000063e-07 8.403533000000000186e+01 6.394542000000000392e+00 8.451726530000000537e+01 1.701114082336426137e+01 1.365809021704703919e+05 -1.350000000000000000e+02 2.159325093587239905e+02 1.967716522216796875e+02 
2.533330726623535156e+01 1.519998474121094034e+02 7.000000000000000000e+00 6.737306000000000197e-03 3.945283000000000005e-07 8.112042999999999893e+01 1.859307000000000087e+01 8.264843750000000000e+01 1.519507141113280966e+02 6.202098760877661698e+04 -6.138954033403479116e+01 2.204377969360351983e+02 2.068110198974609091e+02 
1.599998283386229936e+01 1.653331604003905966e+02 8.000000000000000000e+00 7.192489999999999994e-02 1.412413999999999984e-06 9.466423000000000343e+01 9.399528999999999357e+00 6.363875960000000021e+01 4.407448959350585938e+01 2.177994976260474941e+05 -1.236900675259797993e+02 2.098208074396306984e+02 1.880708618164061932e+02 
1.299998664855957031e+01 1.423331909179688068e+02 8.000000000000000000e+00 2.207546999999999982e-01 3.452442999999999888e-06 9.553427999999999543e+01 1.909868000000000166e+01 7.680646509999999694e+01 1.724461746215819957e+01 5.087886423254250985e+04 1.350000000000000000e+02 2.130460016350997137e+02 1.947637786865234091e+02 
1.066665554046631037e+01 1.676664886474609091e+02 8.000000000000000000e+00 1.523344000000000087e-01 2.449700000000000025e-06 9.172333999999999321e+01 1.465773000000000081e+01 7.515071869999999876e+01 6.936065673828125000e+01 1.498698699897709012e+05 -1.350000000000000000e+02 2.149631130459071926e+02 1.954330749511719034e+02 
1.699998283386230113e+01 1.333331909179688068e+02 1.000000000000000000e+01 7.988003000000000464e-02 1.693850999999999912e-06 7.232752000000000692e+01 1.065964999999999918e+01 8.214003750000000537e+01 2.737087440490723012e+01 9.191619111773959958e+03 1.165650511770780042e+02 2.236389203752790138e+02 2.054724426269530966e+02 
7.999991416931152344e+00 1.643331604003905966e+02 1.000000000000000000e+01 1.665026000000000006e-01 2.025869999999999968e-06 9.177387000000000228e+01 1.421392999999999951e+01 8.405438999999999794e+01 5.512709808349608664e+01 3.508844020748491166e+05 1.165650511770780042e+02 2.130681206163509955e+02 1.874015808105469034e+02 
2.199997711181640980e+01 1.546665039062500000e+02 8.000000000000000000e+00 2.992757999999999877e-03 -1.152880999999999985e-07 8.176252999999999815e+01 6.582456999999999780e+00 8.049050139999999942e+01 2.470988464355469105e+01 3.436193604573293851e+04 -9.000000000000000000e+01 2.229483817771628935e+02 1.994488220214844034e+02 
1.999997901916503906e+01 1.433331909179688068e+02 8.000000000000000000e+00 4.039862000000000314e-02 6.045968999999999788e-07 9.044102999999999781e+01 8.495407000000000153e+00 8.137062840000000108e+01 0.000000000000000000e+00 1.045268014529077045e+05 0.000000000000000000e+00 2.059516861527054061e+02 1.914173278808594034e+02 
1.466665172576903942e+01 1.143332138061523011e+02 9.000000000000000000e+00 1.891753999999999936e-01 4.060464999999999587e-06 9.215840000000000032e+01 2.121161999999999992e+01 7.307088469999999347e+01 2.470994949340819957e+01 4.104513982669446850e+05 -9.000000000000000000e+01 2.116238579117365077e+02 1.894094543457030966e+02 
1.399998569488525035e+01 1.313331909179688068e+02 9.000000000000000000e+00 1.469216000000000133e-01 2.172653999999999968e-06 8.569907000000000608e+01 1.313804999999999978e+01 8.088034820000000025e+01 7.303175354003906250e+01 4.397692833174429252e+05 -1.705376777919744029e+02 2.107720122828627893e+02 1.894094543457030966e+02 
1.733331489562987926e+01 1.439998474121094034e+02 9.000000000000000000e+00 1.487017999999999951e-01 1.744043000000000075e-06 7.879791000000000167e+01 7.089751999999999832e+00 8.054477690000000223e+01 1.707292747497558949e+01 1.312352765438318056e+04 4.500000000000000000e+01 2.167834640502929915e+02 2.068110198974609091e+02 
2.199997711181640980e+01 1.399998474121094034e+02 1.000000000000000000e+01 3.349326999999999860e-02 1.779854000000000103e-06 7.429491000000000156e+01 1.672420999999999935e+01 6.931691739999999413e+01 3.706502151489257812e+01 5.605009250784449250e+04 9.000000000000000000e+01 2.198774174776943937e+02 2.027952728271484091e+02 
9.666656494140625000e+00 1.313331909179688068e+02 6.000000000000000000e+00 1.497365999999999975e-01 1.651658999999999927e-06 9.341312000000000637e+01 1.251082000000000072e+01 8.408855440000000669e+01 6.566217041015625000e+01 3.152924440928816912e+05 1.581985905136482131e+02 2.132999911983636991e+02 1.914173278808594034e+02 
8.333324432373046875e+00 1.473331756591796875e+02 7.000000000000000000e+00 1.255682999999999938e-01 2.365102000000000077e-06 7.165346999999999866e+01 9.846465999999999497e+00 7.943061070000000257e+01 7.328351593017578125e+01 2.038743160673862076e+04 0.000000000000000000e+00 2.238556447347004905e+02 2.081496124267578125e+02 
7.333325862884520596e+00 1.493331756591796875e+02 8.000000000000000000e+00 1.405874000000000013e-01 1.984333999999999880e-06 9.917391000000000645e+01 1.370383999999999958e+01 7.323597719999999356e+01 2.470994949340819957e+01 2.097437505170537916e+05 9.000000000000000000e+01 2.118698240007672950e+02 1.894094543457030966e+02 
1.933331298828125000e+01 1.343331909179688068e+02 8.000000000000000000e+00 1.104298999999999992e-03 -8.953457999999999916e-08 7.821313000000000670e+01 8.878721000000000529e+00 7.466842649999999537e+01 1.165804862976074041e+01 1.334718908931445912e+05 0.000000000000000000e+00 2.060832504716892117e+02 1.867322845458984091e+02 
1.499998474121093928e+01 1.389998474121094034e+02 9.000000000000000000e+00 2.163854000000000055e-01 1.405609999999999998e-06 8.771771999999999991e+01 5.447957999999999856e+00 8.538305660000000330e+01 1.235500621795653942e+01 8.883614925531829067e+04 -9.000000000000000000e+01 2.213456350298069992e+02 2.001181030273438068e+02 
1.766664886474609020e+01 1.569998321533203125e+02 9.000000000000000000e+00 6.279761000000000370e-02 8.838123999999999950e-07 9.300173999999999808e+01 9.061356999999999218e+00 7.735359950000000140e+01 0.000000000000000000e+00 3.843943008752727765e+05 0.000000000000000000e+00 2.095906323802713871e+02 1.887401580810546875e+02 
1.966664695739746094e+01 1.559998321533203125e+02 7.000000000000000000e+00 3.863479999999999692e-02 -5.686209999999999934e-07 8.950445999999999458e+01 8.680782999999999916e+00 8.408815769999999645e+01 2.470994949340819957e+01 1.603263421350344142e+05 -9.000000000000000000e+01 2.194250076047835876e+02 1.954330749511719034e+02 
1.599998283386229936e+01 1.389998474121094034e+02 8.000000000000000000e+00 7.384348999999999774e-02 7.064437999999999853e-07 9.535714000000000112e+01 7.618365999999999971e+00 8.451306920000000389e+01 1.187615013122558949e+01 2.969834585429803119e+05 1.800000000000000000e+02 2.082923889160155966e+02 1.880708618164061932e+02 
1.866664695739746094e+01 1.356665191650390909e+02 8.000000000000000000e+00 2.889260999999999913e-02 8.458815000000000428e-07 9.109436999999999784e+01 1.758897999999999939e+01 7.973967740000000504e+01 0.000000000000000000e+00 3.769754277740623220e+05 0.000000000000000000e+00 2.189367381654936935e+02 1.900787353515625000e+02 
2.166664314270019887e+01 1.643331604003905966e+02 9.000000000000000000e+00 1.089053000000000070e-02 -2.637887999999999963e-07 9.340300000000000580e+01 6.796668999999999627e+00 7.226215360000000487e+01 5.196353149414061789e+01 2.717803533871002146e+05 1.534349488229219958e+02 2.181544129993993977e+02 1.940944824218750000e+02 
1.799998092651366832e+01 1.409998474121094034e+02 9.000000000000000000e+00 1.064545999999999965e-01 9.337173000000000252e-07 9.378627000000000180e+01 6.792035000000000267e+00 8.177327730000000372e+01 1.707326126098633168e+01 3.667875187980959890e+05 1.350000000000000000e+02 2.159381579198870895e+02 1.894094543457030966e+02 
1.599998283386229936e+01 1.479998474121094034e+02 1.000000000000000000e+01 3.643289999999999723e-02 1.270188000000000018e-06 5.239159000000000077e+01 6.819056999999999924e+00 8.788298799999999744e+01 2.740707397460937855e+01 6.342828674320033315e+04 6.343494882292200998e+01 2.164599749247232978e+02 1.947637786865234091e+02 
1.633331680297851918e+01 1.379998626708984091e+02 1.000000000000000000e+01 1.506948999999999927e-01 2.166069000000000098e-06 8.469144000000000005e+01 1.226983000000000068e+01 8.058172609999999736e+01 3.890554046630858664e+01 3.962288506186737795e+05 7.156505117707799002e+01 2.097994878521789133e+02 1.813779602050780966e+02 
2.466664123535155895e+01 1.506665039062500000e+02 8.000000000000000000e+00 2.751061999999999865e-03 -1.379129000000000067e-07 8.743395999999999901e+01 8.107675999999999661e+00 7.095681000000000438e+01 3.368304061889647727e+01 5.273878886343565537e+05 0.000000000000000000e+00 2.161083199070419028e+02 1.920866088867188068e+02 
2.099997901916503906e+01 1.366665191650390909e+02 8.000000000000000000e+00 3.843114000000000252e-02 8.672664000000000267e-07 8.540739999999999554e+01 8.743831000000000131e+00 7.138872530000000438e+01 2.470994949340819957e+01 5.461460288230043370e+05 -9.000000000000000000e+01 2.143224844059473924e+02 1.914173278808594034e+02 
1.433331871032715021e+01 1.426665191650390909e+02 8.000000000000000000e+00 1.289194999999999924e-01 1.751920000000000033e-06 8.482949000000000694e+01 1.239911999999999992e+01 8.524932099999999480e+01 3.591098403930664062e+01 5.371816326966438210e+05 1.800000000000000000e+02 2.124420181123336988e+02 1.880708618164061932e+02 
1.499998474121093928e+01 1.293331909179688068e+02 9.000000000000000000e+00 1.314260999999999902e-01 1.444637000000000074e-06 8.680239000000000260e+01 9.825889000000000095e+00 8.512149809999999661e+01 2.390434646606444957e+01 3.247457465938535752e+05 1.800000000000000000e+02 2.133837380545479903e+02 1.840551147460938068e+02 
1.166665458679199041e+01 1.403331909179688068e+02 9.000000000000000000e+00 1.782980999999999872e-01 2.146327000000000211e-06 8.156493000000000393e+01 1.208766999999999925e+01 8.841625980000000595e+01 7.091827392578125000e+01 2.556037507017946045e+05 3.096375653207352130e+01 2.130037305329975084e+02 1.894094543457030966e+02 
