-1.166665458679199041e+01 1.386665191650390909e+02 3.000000000000000000e+00 2.865276999999999963e-01 -2.669658000000000148e-06 9.179671000000000447e+01 1.162100000000000044e+01 8.134281160000000455e+01 2.715746498107910156e+01 1.884041365282858169e+04 -1.534349488229219958e+02 2.165635550362723052e+02 2.007873992919921875e+02 
9.999989509582519531e+00 2.606663818359375000e+02 8.000000000000000000e+00 1.738997000000000112e-02 1.042257000000000040e-06 7.048753000000000668e+01 1.308855999999999931e+01 6.960906980000000033e+01 7.115496826171875000e+01 2.259265639447424037e+05 1.490362434679265107e+02 2.286331286401805869e+02 2.175196838378905966e+02 
8.333324432373046875e+00 1.129998855590820028e+02 1.200000000000000000e+01 1.159295999999999938e-01 1.460959000000000000e-06 1.001188999999999965e+02 1.220317999999999969e+01 7.589988710000000083e+01 2.470994949340819957e+01 2.946722464031447889e+05 -9.000000000000000000e+01 2.171033067131922110e+02 1.914173278808594034e+02 
-1.333331966400145951e+01 9.033323669433593750e+01 3.000000000000000000e+00 8.556563000000000363e-02 -1.556315000000000023e-06 8.719304999999999950e+01 1.032457999999999920e+01 7.194239810000000546e+01 4.968147277832031250e+01 7.166508244805742288e+05 -1.659637565320734893e+02 2.101537351465937036e+02 1.800393676757811932e+02 
1.466665172576903942e+01 2.599997253417968750e+02 8.000000000000000000e+00 9.235480000000000772e-03 -4.050742999999999945e-07 6.948185999999999751e+01 8.669843000000000188e+00 7.961768340000000421e+01 0.000000000000000000e+00 1.396071284543722868e+05 0.000000000000000000e+00 2.175005635579427121e+02 1.974409484863280966e+02 
1.366665267944335938e+01 2.509997406005859091e+02 8.000000000000000000e+00 9.144167999999999394e-03 5.631788000000000322e-07 7.608163999999999305e+01 9.399672000000000693e+00 6.305352400000000301e+01 4.955146408081054688e+01 1.068290341349799928e+04 1.659637565320734893e+02 2.196112232208251953e+02 2.041338653564453125e+02 
1.333331966400145951e+01 3.376663208007811932e+02 9.000000000000000000e+00 1.273341000000000056e-01 1.707398999999999922e-06 8.721157999999999788e+01 7.463026000000000160e+00 7.085780330000000049e+01 2.704757118225098012e+01 7.621719723012398754e+04 -1.534349488229219958e+02 2.140792945727966980e+02 1.934252014160155966e+02 
1.266665363311767933e+01 2.619997253417968750e+02 8.000000000000000000e+00 1.725830999999999893e-02 9.131059000000000052e-07 7.502821000000000140e+01 1.327425999999999995e+01 7.006474300000000710e+01 1.036295166015625000e+02 2.677389430307102157e+05 -1.350000000000000000e+02 2.197082691192626953e+02 1.927559051513671875e+02 
1.299998664855957031e+01 2.546663970947265909e+02 9.000000000000000000e+00 4.759602999999999751e-02 2.040783999999999992e-06 8.566298000000000457e+01 1.873792999999999864e+01 6.625270079999999950e+01 3.611477661132811789e+01 8.566031450040698110e+04 1.800000000000000000e+02 2.218805377483367920e+02 2.048031463623046875e+02 
-1.533331775665283025e+01 8.133325195312500000e+01 1.000000000000000000e+00 2.712170999999999887e-01 -3.720172000000000048e-06 9.865318000000000609e+01 1.706438999999999950e+01 7.312175750000000107e+01 1.235494232177734020e+01 5.534489875490481500e+05 -9.000000000000000000e+01 2.150698880647358067e+02 1.813779602050780966e+02 
-1.766664886474609020e+01 1.539998321533203125e+02 3.000000000000000000e+00 4.622857999999999655e-03 5.167483000000000454e-07 6.931511000000000422e+01 1.574319999999999986e+01 6.950443269999999529e+01 2.199994201660155966e+02 1.439889995370146062e+04 2.935775354279126859e+01 2.198926266756924974e+02 2.027952728271484091e+02 
1.166665458679199041e+01 3.409996337890625000e+02 8.000000000000000000e+00 1.717296000000000100e-02 8.945738000000000162e-07 8.011566000000000543e+01 1.553264000000000067e+01 7.039709469999999669e+01 3.625479125976561789e+01 1.613016741709347116e+05 1.800000000000000000e+02 2.212621397654216082e+02 2.041338653564453125e+02 
7.333325862884520596e+00 2.726663818359375000e+02 8.000000000000000000e+00 5.233228000000000185e-02 1.247814999999999928e-06 8.201372999999999536e+01 9.997711000000000681e+00 7.172707370000000537e+01 3.478960418701171875e+01 5.448206293215031110e+03 4.500000000000000000e+01 2.310728340148926065e+02 2.295669250488280966e+02 
7.999991416931152344e+00 1.799998168945311932e+02 1.100000000000000000e+01 4.096907000000000326e-02 1.039251000000000072e-06 6.416311000000000320e+01 6.801840999999999582e+00 8.244147490000000289e+01 3.478889465332031250e+01 2.067018455375579942e+05 -1.350000000000000000e+02 2.065204106381065117e+02 1.833858337402344034e+02 
-1.399998569488525035e+01 8.099991607666015625e+01 1.000000000000000000e+00 1.366559000000000003e-02 -1.581929000000000004e-06 4.311422000000000310e+01 8.937468000000000856e+00 7.469268800000000397e+01 0.000000000000000000e+00 2.158961392649264017e+05 0.000000000000000000e+00 2.201018296229987072e+02 2.007873992919921875e+02 
-1.733331489562987926e+01 8.299991607666015625e+01 3.000000000000000000e+00 1.484719999999999963e-02 -1.316397999999999953e-06 9.425293999999999528e+01 1.957492999999999839e+01 5.182948679999999797e+01 2.738936805725098012e+01 7.905664512784306426e+05 -6.343494882292200998e+01 2.171756060649308893e+02 1.940944824218750000e+02 
1.999997854232788086e+00 1.399998474121094034e+02 4.000000000000000000e+00 7.422217999999999871e-02 7.650630000000000262e-07 8.247786000000000683e+01 6.165937999999999697e+00 8.880973819999999819e+01 1.118759231567382955e+02 1.492903156462504994e+06 8.365980825409009469e+01 2.174785462825670095e+02 1.887401580810546875e+02 
2.966663551330566051e+01 2.983330078125000000e+02 9.000000000000000000e+00 2.240226999999999843e-02 7.232209000000000224e-07 8.758678000000000452e+01 1.304662000000000077e+01 7.308522030000000314e+01 2.695550727844237926e+01 3.346682522674523352e+04 -6.343494882292200998e+01 2.169699118477957995e+02 1.994488220214844034e+02 
8.666657447814941406e+00 2.569997253417968750e+02 9.000000000000000000e+00 4.666204000000000185e-02 8.352769000000000300e-07 9.283929000000000542e+01 8.329969999999999430e+00 7.033692929999999421e+01 6.233329391479492188e+01 5.837357429198137106e+04 -1.130993247402020963e+01 2.218622975903888062e+02 2.088188934326171875e+02 
-8.666657447814941406e+00 1.789998168945311932e+02 2.000000000000000000e+00 1.574042999999999970e-01 -1.983148000000000177e-06 8.151263000000000147e+01 9.379272999999999527e+00 8.092128750000000537e+01 1.736119461059569957e+01 2.036403536037024969e+04 -4.500000000000000000e+01 2.210000030517578011e+02 2.034645690917969034e+02 
-1.499998474121093928e+01 4.466661834716796875e+01 2.000000000000000000e+00 1.307743000000000100e-01 -1.810779999999999966e-06 9.832666999999999291e+01 1.206198000000000015e+01 7.195612339999999563e+01 1.235500621795653942e+01 2.654749920541985775e+05 9.000000000000000000e+01 2.142501978302001930e+02 1.860629882812500000e+02 
-1.233332061767577947e+01 1.146665496826172017e+02 2.000000000000000000e+00 7.424503000000000352e-02 -8.762877000000000415e-07 8.459175000000000466e+01 8.889742999999999284e+00 8.976833340000000305e+01 3.897327423095703125e+01 1.436170764343820920e+05 -1.084349488229219958e+02 2.200029453741055931e+02 2.001181030273438068e+02 
-1.199998760223389027e+01 2.129997711181640909e+02 3.000000000000000000e+00 3.514633000000000340e-02 5.254339999999999654e-07 8.684599000000000046e+01 7.132163000000000252e+00 8.245695499999999356e+01 2.749352264404296875e+01 6.518935596368522383e+05 -1.165650511770780042e+02 2.127024409290204119e+02 1.900787353515625000e+02 
7.666658878326416016e+00 6.166660308837891336e+01 6.000000000000000000e+00 1.042312999999999920e-02 5.463525999999999738e-07 7.896201000000000647e+01 1.956885000000000119e+01 8.533666990000000396e+01 6.642499542236328125e+01 7.722755359968794510e+05 1.118014094863518011e+02 2.151547783865055976e+02 1.927559051513671875e+02 
2.899996948242187855e+01 3.059996948242188068e+02 7.000000000000000000e+00 1.301981999999999966e-02 -5.597212999999999895e-07 6.837073999999999785e+01 8.135878999999999195e+00 7.570174409999999909e+01 1.080615234375000000e+01 4.326128679784036649e+04 1.800000000000000000e+02 2.196391092936198106e+02 2.081496124267578125e+02 
1.466665172576903942e+01 2.409997558593750000e+02 8.000000000000000000e+00 3.475522000000000333e-02 9.904244000000000764e-07 9.324231000000000336e+01 1.162476999999999983e+01 6.509066009999999380e+01 9.694573974609375000e+01 1.062813412862106998e+04 1.502551187030578035e+02 2.285629940032958984e+02 2.228740234375000000e+02 
-6.666659712791442871e-01 8.866657257080078125e+01 9.000000000000000000e+00 1.104477999999999988e-01 -2.188885999999999951e-06 9.771860999999999819e+01 1.902685999999999922e+01 7.474202730000000372e+01 2.844309082031250000e+02 4.029438835624188185e+06 -9.248955292199914879e+01 2.180070411356703914e+02 1.840551147460938068e+02 
1.133332157135009943e+01 1.979997863769530966e+02 1.000000000000000000e+01 4.771067999999999837e-02 1.187686999999999933e-06 8.387936000000000547e+01 1.403299999999999947e+01 7.879024510000000703e+01 1.819178009033203125e+02 1.203503009722885909e+06 1.800000000000000000e+02 2.226816148693928881e+02 1.907480316162109091e+02 
1.466665172576903942e+01 9.166657257080078125e+01 1.100000000000000000e+01 5.657531999999999839e-02 1.684084999999999903e-06 8.515152000000000498e+01 1.602316000000000074e+01 7.274604030000000421e+01 2.390483665466308949e+01 3.350555855323615251e+05 1.800000000000000000e+02 2.177826220194498887e+02 1.967716522216796875e+02 
-1.966664695739746094e+01 1.986664581298828125e+02 2.000000000000000000e+00 5.776921000000000139e-02 -1.279102000000000014e-06 9.773575999999999908e+01 1.558083000000000062e+01 7.239977260000000570e+01 2.636650657653808949e+01 1.604260096062353114e+05 -2.656505117707799002e+01 2.154524383544921875e+02 1.961023559570311932e+02 
-1.533331775665283025e+01 9.099990844726562500e+01 3.000000000000000000e+00 4.643098999999999837e-02 -1.449204999999999959e-06 9.225198000000000320e+01 1.413181999999999938e+01 6.444512939999999901e+01 6.088947296142578125e+01 1.707751754689282971e+05 1.130993247402020963e+01 2.194082295025966118e+02 2.027952728271484091e+02 
5.999993801116943359e+00 2.436664123535155966e+02 7.000000000000000000e+00 1.323254000000000053e-03 1.029541000000000021e-07 7.745906999999999698e+01 7.815671000000000035e+00 7.184939579999999637e+01 2.057589263916015909e+02 2.581769170966373931e+05 1.735402463626132885e+01 2.131427330541862943e+02 1.920866088867188068e+02 
-1.666664886474609020e+01 4.199995803833007812e+01 2.000000000000000000e+00 2.409657999999999939e-02 -9.412517000000000136e-07 8.201404999999999745e+01 1.441694000000000031e+01 7.285166929999999752e+01 1.183596515655517933e+01 1.842721338772355011e+04 1.800000000000000000e+02 2.213920146397182123e+02 2.061417388916015909e+02 
-1.299998664855957031e+01 9.599990081787109375e+01 3.000000000000000000e+00 1.083503999999999995e-01 -2.379754999999999884e-06 8.417504999999999882e+01 1.173567000000000071e+01 6.818321229999999389e+01 1.235497474670409979e+01 1.150742397886612016e+05 -9.000000000000000000e+01 2.110991588858670980e+02 1.907480316162109091e+02 
1.166665458679199041e+01 2.526663970947265909e+02 6.000000000000000000e+00 5.351952000000000098e-02 8.942997000000000310e-07 8.076148000000000593e+01 8.851096000000000075e+00 8.333946989999999744e+01 3.460570144653320312e+01 1.749093321069966987e+04 -1.350000000000000000e+02 2.253967320368840035e+02 2.161810913085938068e+02 
1.766664886474609020e+01 2.723330383300781250e+02 8.000000000000000000e+00 2.466034000000000195e-03 1.550020000000000005e-07 8.409685000000000343e+01 1.034999999999999964e+01 7.252632900000000404e+01 2.470994949340819957e+01 2.488534000356036995e+04 9.000000000000000000e+01 2.233319533498664100e+02 2.114960632324219034e+02 
-5.666660785675048828e+00 6.299993515014647727e+01 9.000000000000000000e+00 1.312670999999999977e-01 -1.855869000000000086e-06 8.730571000000000481e+01 9.383883000000000862e+00 7.352430730000000381e+01 1.743712234497069957e+01 5.274275386762971757e+05 1.350000000000000000e+02 2.175266220013712086e+02 1.940944824218750000e+02 
9.666656494140625000e+00 2.643330688476561932e+02 7.000000000000000000e+00 1.375362999999999933e-02 1.003503999999999905e-06 5.566940000000000310e+01 1.053283000000000058e+01 7.681811519999999405e+01 2.435965919494628906e+01 1.083297684010912053e+04 1.800000000000000000e+02 2.284793300628662109e+02 2.201968536376953125e+02 
8.333324432373046875e+00 3.349996643066406250e+02 8.000000000000000000e+00 6.215332000000000278e-04 -1.285623000000000129e-07 7.131292000000000542e+01 1.578683999999999976e+01 6.946454620000000091e+01 5.510717773437500000e+01 1.874783126170058094e+05 1.165650511770780042e+02 2.193384129620980900e+02 1.987795257568359091e+02 
1.499998474121093928e+01 8.766657257080078125e+01 5.000000000000000000e+00 4.065785000000000232e-02 9.244125000000000199e-07 8.496020000000000039e+01 1.326412000000000013e+01 8.180104830000000504e+01 2.744095993041991832e+01 5.760371276354473084e+05 6.343494882292200998e+01 2.111598765289728874e+02 1.894094543457030966e+02 
-1.366665267944335938e+01 1.626665039062500000e+02 2.000000000000000000e+00 1.854406000000000110e-01 -1.466948999999999963e-06 9.586988999999999805e+01 9.364955999999999392e+00 8.444830319999999801e+01 5.497237777709960938e+01 8.009390186914850347e+03 6.343494882292200998e+01 2.268897679646809991e+02 2.201968536376953125e+02 
7.333325862884520596e+00 1.593331604003905966e+02 4.000000000000000000e+00 1.101834000000000008e-01 1.924357000000000031e-06 8.767759999999999820e+01 1.341163000000000061e+01 7.691831209999999430e+01 5.485819244384766336e+01 4.507114107982502901e+05 1.534349488229219958e+02 2.168241086193442015e+02 1.920866088867188068e+02 
-7.999991416931152344e+00 1.659998321533203125e+02 1.100000000000000000e+01 1.999108999999999955e-02 -1.174736999999999913e-06 5.206770000000000209e+01 1.034495000000000076e+01 8.546321869999999876e+01 1.739107704162598012e+01 1.958469020175272017e+05 4.500000000000000000e+01 2.147635073131984882e+02 1.987795257568359091e+02 
-1.099998855590819957e+01 1.746664886474609091e+02 3.000000000000000000e+00 3.061621999999999955e-01 -1.961972000000000093e-06 9.405956999999999368e+01 7.932407999999999682e+00 8.357215879999999686e+01 8.262845611572265625e+01 1.334327943521483103e+05 1.165650511770780042e+02 2.150385759141709912e+02 1.900787353515625000e+02 
1.166665458679199041e+01 2.669997253417968750e+02 7.000000000000000000e+00 1.271240999999999899e-01 1.425841000000000042e-06 9.317817999999999756e+01 1.100395999999999930e+01 8.203421779999999330e+01 2.470994949340819957e+01 1.695209513180076901e+05 -9.000000000000000000e+01 2.207120997111003078e+02 2.021259918212890909e+02 
1.266665363311767933e+01 3.373329772949218750e+02 8.000000000000000000e+00 5.488076000000000065e-02 1.594299999999999923e-06 8.986101999999999634e+01 1.328820999999999941e+01 6.512921140000000264e+01 2.411010551452637074e+01 7.370976197236269945e+04 1.800000000000000000e+02 2.148303516734729897e+02 1.981102294921875000e+02 
8.333324432373046875e+00 3.446663208007811932e+02 9.000000000000000000e+00 1.144438000000000052e-02 5.822683999999999519e-07 8.751854000000000156e+01 1.205940999999999974e+01 6.328971479999999872e+01 1.222380638122558949e+01 1.073818227649943001e+05 1.800000000000000000e+02 2.179771763282485892e+02 2.007873992919921875e+02 
-6.999992847442626953e+00 8.433324432373046875e+01 1.000000000000000000e+01 1.321640999999999962e-02 -2.036740999999999987e-06 5.217737999999999943e+01 1.800518999999999892e+01 6.982023619999999653e+01 3.804762878417968750e+02 2.727878285649899044e+04 1.847610265994596102e+00 2.242460655212402116e+02 2.081496124267578125e+02 
-1.133332157135009943e+01 9.466656494140625000e+01 1.000000000000000000e+00 1.158489000000000047e-01 -2.675238999999999832e-06 8.542892999999999404e+01 1.847766999999999982e+01 7.757980349999999703e+01 6.632913970947265625e+01 1.252987675346655014e+05 -1.118014094863518011e+02 2.165121509182837940e+02 2.001181030273438068e+02 
1.333331966400145951e+01 2.483330688476561932e+02 7.000000000000000000e+00 2.736575000000000205e-03 2.193495999999999937e-07 7.398882000000000403e+01 8.426085000000000491e+00 6.714669800000000066e+01 1.723237037658691051e+01 6.279774253658444650e+04 1.350000000000000000e+02 2.193424361208651874e+02 2.041338653564453125e+02 
6.333326816558837891e+00 9.433323669433593750e+01 1.100000000000000000e+01 1.595870000000000066e-01 2.203774000000000104e-06 9.940018999999999494e+01 1.814931999999999945e+01 8.111013789999999801e+01 8.702059173583984375e+01 3.261617088376762113e+05 4.500000000000000000e+01 2.145008739647007019e+02 1.934252014160155966e+02 
8.999990463256835938e+00 2.519997406005859091e+02 6.000000000000000000e+00 9.057726000000000666e-02 9.046140999999999953e-07 8.374665000000000248e+01 6.843918999999999642e+00 8.834271999999999991e+01 2.736522102355957031e+01 1.410779516641538939e+05 -1.534349488229219958e+02 2.166766369159404917e+02 1.920866088867188068e+02 
1.466665172576903942e+01 2.663330688476561932e+02 7.000000000000000000e+00 3.730218999999999896e-02 9.046154000000000523e-07 7.294136000000000308e+01 1.084820000000000029e+01 8.699333950000000470e+01 2.695610427856444957e+01 4.787397793096835085e+04 -2.656505117707799002e+01 2.153630803426106866e+02 1.927559051513671875e+02 
6.666659832000732422e+00 2.693330383300781250e+02 1.000000000000000000e+01 5.434154000000000068e-02 1.840512999999999932e-06 8.260922999999999661e+01 1.122353000000000023e+01 6.177685170000000170e+01 1.235497474670409979e+01 1.364027312837240970e+04 9.000000000000000000e+01 2.251496063232422102e+02 2.121653442382811932e+02 
1.766664886474609020e+01 2.553330688476561932e+02 8.000000000000000000e+00 2.004666999999999907e-03 -6.672954000000000157e-08 8.559815000000000396e+01 7.873121000000000258e+00 9.295204160000000115e+01 6.373513412475585938e+01 1.714046194256265881e+05 1.581985905136482131e+02 2.168248491360031096e+02 1.954330749511719034e+02 
9.999989509582519531e+00 2.623330688476561932e+02 1.000000000000000000e+01 2.605591999999999978e-02 1.105414000000000001e-06 8.841092999999999336e+01 1.559263999999999939e+01 6.604579929999999877e+01 1.734488296508789062e+01 1.218172952253846961e+04 -1.350000000000000000e+02 2.255511847601995896e+02 2.128346557617188068e+02 
1.566665077209473012e+01 1.333331909179688068e+02 1.100000000000000000e+01 3.708331000000000127e-02 1.133564000000000104e-06 7.491942000000000235e+01 9.883131999999999806e+00 7.316442109999999843e+01 5.488170242309570312e+01 5.687591931785677298e+04 -6.343494882292200998e+01 2.139708858756131917e+02 2.001181030273438068e+02 
6.666659712791442871e-01 7.033325958251953125e+01 1.100000000000000000e+01 1.717613000000000056e-01 2.562070999999999834e-06 8.590700999999999965e+01 1.304987000000000030e+01 7.807247160000000008e+01 4.941224670410156250e+01 3.870930909607016947e+05 1.800000000000000000e+02 2.171826672384925132e+02 1.894094543457030966e+02 
2.466664123535155895e+01 2.933330383300781250e+02 7.000000000000000000e+00 2.972784000000000017e-03 2.548851999999999800e-07 9.184220999999999435e+01 2.348128000000000171e+01 7.681438450000000273e+01 0.000000000000000000e+00 5.247417692685192014e+04 0.000000000000000000e+00 2.260611198061988887e+02 2.148425292968750000e+02 
1.033332252502441051e+01 2.543330688476561932e+02 8.000000000000000000e+00 9.241497999999999380e-02 1.072481000000000007e-06 9.188105000000000189e+01 9.064921999999999258e+00 8.085709380000000124e+01 1.733612442016601918e+01 2.704135154414773933e+04 -1.350000000000000000e+02 2.131023620605469091e+02 2.041338653564453125e+02 
-1.266665363311767933e+01 9.266657257080078125e+01 4.000000000000000000e+00 8.675845000000000085e-02 -1.240536999999999986e-06 8.695441999999999894e+01 9.949991000000000696e+00 8.017468259999999702e+01 1.205431365966797053e+01 5.224501323872638750e+04 1.800000000000000000e+02 2.229941445375100102e+02 2.068110198974609091e+02 
1.833331489562987926e+01 6.766659545898437500e+01 9.000000000000000000e+00 8.806553000000000297e-02 2.707239000000000119e-06 8.556332000000000448e+01 1.566192999999999991e+01 6.556096650000000636e+01 1.699518013000487926e+01 1.342088368547958089e+05 1.350000000000000000e+02 2.153623577229028001e+02 1.927559051513671875e+02 
2.166664314270019887e+01 3.176663208007811932e+02 9.000000000000000000e+00 7.099085999999999678e-04 1.389529999999999870e-07 7.704779999999999518e+01 1.776849999999999952e+01 6.791664889999999843e+01 1.150773048400879084e+01 2.002250635457203025e+05 1.800000000000000000e+02 2.181591365352558114e+02 1.954330749511719034e+02 
-1.033332252502441051e+01 5.066661453247070312e+01 1.200000000000000000e+01 1.956342999999999971e-02 -2.050197999999999814e-06 8.923642999999999859e+01 2.119754999999999967e+01 4.983371350000000177e+01 1.214151954650879084e+01 3.863656750891560805e+05 1.800000000000000000e+02 2.143183203210363956e+02 1.874015808105469034e+02 
-9.999989509582519531e+00 9.666656494140625000e+01 2.000000000000000000e+00 3.086567000000000061e-01 -2.805594000000000128e-06 9.408474999999999966e+01 1.202196999999999960e+01 8.034011080000000504e+01 7.126371765136718750e+01 6.474929181561191799e+05 3.096375653207352130e+01 2.124196580158146048e+02 1.860629882812500000e+02 
1.433331871032715021e+01 7.299992370605468750e+01 5.000000000000000000e+00 1.780139000000000027e-01 1.754225999999999948e-06 8.617441999999999780e+01 1.152519999999999989e+01 9.094168849999999793e+01 3.795143890380858664e+01 8.778578181593932095e+04 -1.615650511770780042e+02 2.123985928622159065e+02 1.954330749511719034e+02 
9.666656494140625000e+00 2.409997558593750000e+02 7.000000000000000000e+00 3.059666000000000122e-02 4.758414000000000008e-07 9.762787000000000148e+01 8.251906999999999215e+00 7.677031709999999975e+01 4.866918945312500000e+01 1.543142366387835064e+05 1.800000000000000000e+02 2.150891012894479957e+02 1.947637786865234091e+02 
1.133332157135009943e+01 2.419997406005859091e+02 7.000000000000000000e+00 1.056433000000000025e-02 3.819757999999999944e-07 8.629989999999999384e+01 1.120148999999999972e+01 7.514465330000000165e+01 6.548109436035156250e+01 6.733470220082656851e+03 -2.180140948635181175e+01 2.278267730712890966e+02 2.222047271728515909e+02 
-1.233332061767577947e+01 1.299998626708984091e+02 2.000000000000000000e+00 6.657396000000000147e-02 -2.238039000000000020e-06 8.168421999999999628e+01 1.800434999999999874e+01 7.293138890000000174e+01 6.293525695800781250e+01 1.073324362099225982e+04 -1.013099324740202007e+02 2.261368160247803019e+02 2.181889801025390909e+02 
1.733331489562987926e+01 2.576664123535156250e+02 8.000000000000000000e+00 1.918747000000000161e-02 -3.780536000000000098e-07 9.340546999999999400e+01 6.436702000000000368e+00 7.185683439999999678e+01 2.738947105407714844e+01 1.520311151421020040e+05 -6.343494882292200998e+01 2.052589596715467053e+02 1.880708618164061932e+02 
1.699998283386230113e+01 3.043330078125000000e+02 8.000000000000000000e+00 7.484267000000000003e-02 1.777708999999999974e-06 8.559480999999999540e+01 1.501746999999999943e+01 7.531861109999999826e+01 1.708728790283203125e+01 3.546631545778796863e+04 1.350000000000000000e+02 2.110746567337600936e+02 1.961023559570311932e+02 
1.133332157135009943e+01 2.416664123535155966e+02 9.000000000000000000e+00 3.763789000000000023e-02 1.055011999999999971e-06 9.478381000000000256e+01 1.675891999999999982e+01 7.343323519999999860e+01 1.210000801086425959e+01 4.203333260396979749e+05 1.800000000000000000e+02 2.166294429974678053e+02 1.947637786865234091e+02 
