-12.99998664855957 137.3331909179688 3	0.2515636	-3.686775e-06	75.16151	14.18754	   87.2354584    	38.97814559936523 409556.6551050279 71.56505117707799 209.4181984296811 180.7086639404297
14.33331871032715 263.6663818359375 6	0.03936857	6.523244e-07	78.97602	7.245764	   84.8879089    	11.95168590545654 226107.7263673767 180 220.7401593376609 197.4409484863281
7.999991416931152 243.6664123535156 6	0.01312435	5.084994e-07	60.50412	5.391143	   80.6636124    	12.23501873016357 61229.12423199744 180 219.7952782524956 203.4645690917969
7.666658878326416 238.3330841064453 6	0.004843977	2.5755e-07	79.06786	9.557071	   72.9861603    	55.12754058837891 23142.41884966917 116.565051177078 218.5826784021714 200.7873992919922
27.33330535888672 299.6663513183594 7	0.00726837	5.352854e-07	55.66138	7.058699	   75.1618805    	25.27437400817871 192931.448335143 -153.434948822922 219.6546407772016 206.1417388916016
9.666656494140625 263.3330688476562 8	0.02809873	1.465333e-06	63.83495	10.29442	   69.7998886    	27.30370330810547 6768.790975027629 153.434948822922 223.1417358398438 221.5354309082031
14.66665172576904 260.3330688476562 8	0.002379587	1.343757e-07	86.37219	13.01047	   81.3425827    	23.90532493591309 167555.5155526615 180 208.0486820765904 192.7559051513672
11.66665458679199 257.9997253417969 8	0.008339299	5.91433e-07	78.16453	16.49326	   71.4889603    	54.39182662963867 121106.0771057367 -153.434948822922 226.3022769504123 215.5118103027344
11.66665458679199 342.3329772949219 9	0.08390263	2.095859e-06	82.28392	12.85701	   70.5792160    	84.69783782958984 49805.98033388859 0 214.4445631697371 200.7873992919922
7.666658878326416 137.9998626708984 9	0.001238329	-1.582255e-07	78.97575	19.88518	   78.4967957    	54.89169692993164 504661.5271145678 -153.434948822922 213.1160734027544 190.7480316162109
8.333324432373047 205.9997863769531 10	0.08342848	1.21974e-06	89.42941	10.77386	   79.7205429    	38.68410873413086 190239.3176502862 161.565051177078 214.4696296691895 191.4173278808594
13.33331966400146 247.9997406005859 10	0.07860648	2.240619e-06	70.06445	12.13228	   76.7755966    	49.74509048461914 304817.0524908316 -14.03624346792648 216.6214263648318 192.7559051513672
6.333326816558838 112.3332138061523 12	0.1225375	1.736637e-06	98.30199	15.07772	   78.3308640    	27.58138656616211 548052.0449974177 63.43494882292201 212.7380822784272 178.7007904052734
-14.66665172576904 56.33327484130859 1	0.1725576	-3.703448e-06	89.38251	16.24951	   68.1665344    	26.92499542236328 89087.74719764879 153.434948822922 204.9130331010961 181.3779602050781
-9.99998950958252 81.66658020019531 1	0.05456826	-5.029957e-06	87.14708	22.83567	   47.4508171    	88.59719848632812 2591158.752196301 -164.0546040990771 213.9164529827223 176.0236206054688
-10.66665554046631 70.66659545898438 1	0.120255	-2.006671e-06	68.83559	8.190106	   83.4849548    	34.68082809448242 8104.80105943793 135 221.758534749349 216.8504028320312
-13.66665267944336 82.66658020019531 3	0.1930518	-1.994209e-06	93.57453	9.448883	   75.4245682    	17.22122192382812 647970.9664697662 -135 217.2359948177887 183.3858337402344
15.66665077209473 260.9997253417969 8	0.03520394	5.730192e-07	90.4281	10.39892	   85.2344742    	35.68774032592773 181308.4363410881 180 216.757573371386 195.4330749511719
10.9999885559082 327.3329772949219 8	0.03005076	9.872529e-07	83.00515	10.85365	   68.1012955    	27.52019309997559 45857.64866514788 116.565051177078 219.1535451552447 208.8188934326172
8.999990463256836 316.3330078125 9	0.06812564	8.578065e-07	86.62776	7.433596	   81.6101990    	44.13873672485352 52933.62313413651 146.3099324740202 218.5665275378105 203.4645690917969
20.33331298828125 313.3330078125 9	0.0003754089	-1.161646e-07	63.3103	14.88351	   67.9463348    	12.35500621795654 11588.15196279014 -90 220.4943152533637 214.1732177734375
14.66665172576904 123.6665344238281 10	0.09681095	1.743135e-06	91.71005	15.934	   79.2270355    	35.85699081420898 158027.2227842884 180 215.826772994354 193.4252014160156
6.999992847442627 145.3331756591797 10	0.05872654	1.355255e-06	64.15169	8.411078	   86.5327301    	61.31428146362305 34077.85633344195 180 221.7228375244141 204.1338653564453
10.33332252502441 267.9997253417969 10	0.1041243	1.371739e-06	90.102	8.32885	   73.8990097    	17.32777976989746 8110.535636448461 135 224.9934412638346 218.1889801025391
8.999990463256836 131.9998626708984 11	0.1282198	1.873784e-06	87.72083	13.2338	   81.5337448    	38.62087631225586 509864.7247410187 18.43494882292201 210.226902251548 179.3700714111328
-4.99999475479126 177.9998168945312 12	0.04355229	-1.636453e-06	66.33523	12.43423	   78.6411514    	191.4318542480469 32838.04653404599 -135 216.3205388387044 189.4094543457031
-12.66665363311768 127.6665344238281 1	0.09898478	-1.800237e-06	89.70906	13.83094	   75.8898697    	72.22940826416016 705613.4875401699 180 215.7188225588717 181.3779602050781
-11.66665458679199 154.66650390625 2	0.1309993	-2.972118e-06	85.11098	17.24365	   74.7278748    	109.9150238037109 646611.6875722059 -63.43494882292201 211.6073804446912 179.3700714111328
-13.99998569488525 44.66661834716797 2	0.001356544	-1.70235e-07	61.60064	13.45352	   85.0958481    	11.98800945281982 16001.44628490201 0 219.973752339681 197.4409484863281
7.333325862884521 231.3330993652344 7	0.03631652	9.459572e-07	69.53074	8.876855	   82.7834015    	17.39817810058594 464200.8584949439 135 213.2075656208475 190.0787353515625
14.66665172576904 276.3330383300781 8	0.01183579	1.097807e-06	63.49004	11.59808	   63.3541870    	170.6335296630859 11967.22987277958 -120.2564371635293 227.2615966796875 221.5354309082031
24.99997329711914 270.6663818359375 8	0.02678656	-7.278417e-07	85.0824	12.40368	   78.1139145    	41.77411651611328 17451.42982964408 -33.69006752597979 223.782341003418 211.4960632324219
12.66665363311768 244.9997406005859 8	0.04673159	6.175263e-07	85.78613	5.467753	   79.0942535    	12.03760623931885 37505.38908357725 180 220.1968525477818 204.8031463623047
8.999990463256836 246.9997406005859 8	0.04338533	8.357264e-07	75.58665	5.097801	   74.0709152    	77.20852661132812 103155.0555150775 161.565051177078 218.5236234162983 205.4724426269531
9.666656494140625 168.3331604003906 9	0.09595494	1.646467e-06	82.28218	13.25758	   84.2463684    	17.34488296508789 170651.6053685834 45 212.5265598599873 190.0787353515625
14.33331871032715 332.9996643066406 9	0.102195	1.94566e-06	86.59186	10.50407	   69.1449966    	17.19670677185059 50559.04741036538 135 221.2712410374692 204.1338653564453
14.66665172576904 256.3330688476562 9	0.002187101	-1.245919e-07	85.01044	10.59029	   77.4905624    	43.54639053344727 221796.379043536 -146.3099324740202 209.0393245491439 188.7401580810547
11.99998760223389 257.9997253417969 10	0.02176439	7.593215e-07	75.67178	11.94524	   79.1401596    	61.71167755126953 13435.93684012717 -11.30993247402021 216.9173248291016 202.1259918212891
16.9999828338623 278.6663818359375 10	0.02340203	7.602176e-07	71.14188	10.58767	   82.5967712    	17.10319519042969 64318.14778274966 -135 216.276716894033 190.7480316162109
6.333326816558838 245.3330841064453 10	0.03368726	1.150409e-06	69.69041	9.272639	   74.0602036    	50.63277816772461 88756.78251224459 165.9637565320735 220.4439751258263 203.4645690917969
-1.333331942558289 161.66650390625 11	0.06137883	7.449436e-07	87.92012	8.408763	   86.4186325    	133.0634155273438 645708.9860998616 68.19859051364818 212.73091355504 188.0708618164062
-10.33332252502441 75.66658782958984 1	0.1022444	-2.065914e-06	85.22685	12.51967	   72.5866318    	62.9527473449707 772960.7978475842 -101.3099324740202 217.4344186300175 191.4173278808594
6.666659832000732 135.9998626708984 6	0.06468871	1.818184e-06	82.50882	10.67519	   64.8123779    	17.41634941101074 8188.937111948821 -135 228.1168009440104 220.1968536376953
15.66665077209473 249.3330688476562 7	0.03457291	1.498549e-06	80.75446	13.69783	   64.8311539    	37.68199920654297 84688.02128938155 18.43494882292201 223.6583433151245 206.1417388916016
14.33331871032715 226.999755859375 7	0.04899246	1.423811e-06	84.35267	10.61819	   65.1808243    	168.404541015625 93215.08552645992 -4.085616779974877 216.5253106253488 199.4488220214844
9.33332347869873 264.3330688476562 7	0.05184819	1.997505e-06	78.16244	14.67804	   68.2251205    	61.01567459106445 200662.3564074781 180 220.8661427884489 206.8110198974609
29.33330345153809 268.3330383300781 8	4.7591e-07	-5.94581e-10	73.26089	10.33644	   77.6453171    	0 96972.12358199018 0 211.5539044038749 196.7716522216797
12.66665363311768 215.6664428710938 8	0.07503975	1.196377e-06	86.61386	8.321676	   73.7825851    	12.05406665802002 21452.69364566856 180 217.0177183151245 203.4645690917969
12.99998664855957 259.6663818359375 8	0.02252855	9.883832e-07	93.798	20.54755	   70.5733109    	12.0054407119751 807970.019533726 180 216.1500770619373 184.7244110107422
21.6666431427002 264.9997253417969 9	0.06571466	9.587136e-07	94.74619	11.82363	   81.0029068    	77.87165069580078 205571.9420149386 26.56505117707799 212.1986117155656 188.0708618164062
10.9999885559082 311.9996643066406 9	0.006370155	1.613285e-07	93.67288	9.164044	   84.1343613    	17.30884552001953 30998.9823538565 135 222.7867186173149 210.1574859619141
14.66665172576904 251.6663970947266 9	0.05063839	2.258301e-06	80.90044	13.60017	   59.7030220    	12.35500621795654 82359.54373697861 -90 221.3411237655147 203.4645690917969
10.9999885559082 217.6664428710938 9	0.0006490976	6.756503e-07	24.77595	11.75639	   79.0080490    	12.11384201049805 12132.34691813347 180 226.8897637261285 220.8661499023438
8.333324432373047 320.6663208007812 9	0.09532656	1.677267e-06	83.36485	9.271399	   72.5210495    	36.64153671264648 623512.8327465128 180 219.833772380887 194.094482421875
9.33332347869873 144.9998474121094 9	0.02105173	3.400366e-07	80.44117	5.386608	   86.8329697    	61.15541076660156 66404.26751504223 143.130102354156 217.8338442432637 202.7952728271484
-18.99998092651367 81.99991607666016 1	0.07624049	-4.247048e-06	87.107	20.09258	   54.4928589    	11.68164730072021 472591.6321999977 180 213.1196469317426 188.0708618164062
-16.66664886474609 160.3331604003906 2	0.1448945	-1.97564e-06	86.22775	11.75558	   80.5313263    	11.81490802764893 264449.9280763851 180 206.0951153200064 181.3779602050781
-13.33331966400146 79.66658020019531 2	0.1004385	-2.804437e-06	57.59107	9.904077	   84.4082413    	137.760009765625 5350.758074548492 164.7448812969423 210.8267707824707 202.7952728271484
-24.66664123535156 236.6664123535156 2	0.02368972	-1.085082e-06	66.19543	8.117493	   68.5110779    	25.60371017456055 111179.7484956765 -153.434948822922 219.9035663390428 198.7795257568359
-13.66665267944336 212.9997711181641 2	8.461468e-07	-1.372284e-09	61.60364	11.65191	   76.7748642    	49.61724853515625 37363.47643648699 165.9637565320735 221.9895951407296 209.4881896972656
-10.33332252502441 151.9998474121094 3	0.2054713	-2.272418e-06	70.14973	6.435981	   86.0159073    	17.34453201293945 355172.2476793365 45 211.8879685202479 185.3937072753906
-14.99998474121094 158.9998321533203 4	0.06637979	-2.978862e-06	73.4325	18.55814	   71.1737289    	24.7099494934082 5310.042216657436 -90 225.718505859375 219.5275573730469
4.99999475479126 149.3331756591797 4	0.02277993	4.909375e-07	90.05001	8.664447	   75.3816071    	27.53637504577637 1023014.029701438 153.434948822922 212.5277394177442 182.7165374755859
-9.666656494140625 162.9998321533203 5	0.08875275	-1.358413e-06	66.81726	6.308382	   87.8344040    	12.16705703735352 404775.7338868133 0 213.799410969916 184.7244110107422
11.3333215713501 264.6663818359375 7	0.09230807	1.396258e-06	88.64117	12.77531	   82.6683273    	38.36445617675781 92888.41362159821 161.565051177078 217.335389510445 200.7873992919922
12.66665363311768 324.9996643066406 7	0.04921908	1.824645e-06	77.72912	12.81417	   66.9487915    	43.75892639160156 37535.92358930821 146.3099324740202 218.2845905848912 202.7952728271484
17.33331489562988 159.66650390625 8	0.007825465	3.33373e-07	76.97458	10.70709	   80.3227005    	153.9525909423828 38013.27955148445 -175.6012946450045 222.3201199235587 204.8031463623047
10.33332252502441 261.6663818359375 8	0.05197614	1.212799e-06	74.46175	8.633466	   76.2730026    	55.05116271972656 75692.34391440144 116.565051177078 215.4640045166016 194.7637786865234
14.66665172576904 342.6663208007812 8	0.05812931	1.941829e-06	91.08086	14.72171	   61.7617378    	23.90630340576172 62420.4675314472 180 220.4246943047706 202.7952728271484
15.66665077209473 267.9997253417969 9	0.001327091	1.007166e-07	79.87027	7.22046	   68.9386063    	74.12990570068359 75445.41520989301 90 217.4257488585355 196.7716522216797
16.66664886474609 253.3330688476562 9	0.04336699	1.636632e-06	80.73726	12.57015	   64.7780685    	63.93630218505859 76317.36335993075 21.80140948635181 204.2838724070582 186.06298828125
12.33332061767578 266.9997253417969 9	0.02640477	8.694748e-07	95.23804	14.51229	   67.4702835    	34.49983978271484 42948.77790987409 45 221.8282494544983 199.4488220214844
3.999995708465576 103.9998931884766 10	0.1266435	1.867645e-06	86.60471	13.28651	   82.5042953    	39.05588531494141 6851.15827158808 71.56505117707799 228.0944915771484 222.2047271728516
4.333328723907471 147.6665191650391 1	0.2263338	2.650159e-06	81.23405	12.47582	   87.5159988    	50.81371688842773 516267.6763677492 -165.9637565320735 203.9652045373891 176.6929168701172
-9.99998950958252 57.33327484130859 1	0.1610442	-1.605927e-06	98.79639	9.711535	   75.6123581    	12.3549747467041 33837.89947562369 -90 216.6094500732422 200.7873992919922
-16.66664886474609 158.9998321533203 3	0.03789928	-6.747308e-07	88.98995	8.104976	   75.5505142    	17.11640548706055 1006157.746526674 45 212.8267829436857 187.4015808105469
-12.66665363311768 112.999885559082 3	0.1384489	-2.162661e-06	81.58622	11.78525	   80.1976852    	27.04691314697266 139328.8437465601 -153.434948822922 220.9755460298978 202.1259918212891
-10.9999885559082 43.33328628540039 4	0.07270517	-9.914089e-07	94.29507	9.011902	   75.5077438    	43.98139572143555 292381.6084879164 33.69006752597979 218.0779430899203 192.0866088867188
4.333328723907471 151.66650390625 4	0.2127041	2.115444e-06	83.34209	10.62667	   88.3176651    	17.44586181640625 238234.5561918263 45 218.0312716604649 191.4173278808594
5.999993801116943 125.6665344238281 5	0.1259036	1.948412e-06	81.70155	8.612113	   73.5993271    	50.69267654418945 281426.1652779488 165.9637565320735 216.1226212584857 189.4094543457031
7.333325862884521 258.6663818359375 6	0.02148222	6.658342e-07	87.97121	11.98071	   72.4600525    	27.43721961975098 431681.7995560552 153.434948822922 212.4313824289605 187.4015808105469
11.99998760223389 255.9997253417969 7	0.0388885	7.961526e-07	83.37923	8.718894	   76.5548172    	38.32317733764648 90075.73107809675 161.565051177078 214.5628170184235 198.7795257568359
11.3333215713501 234.999755859375 7	0.02371905	3.703734e-07	99.20229	7.529685	   76.5787506    	38.36445617675781 167000.2357521914 161.565051177078 219.9971450067335 198.7795257568359
14.99998474121094 286.3330383300781 8	0.0008731903	5.348983e-07	43.37277	15.11114	   61.6116104    	24.7099494934082 9295.04166185286 90 229.6625453404018 222.8740234375
26.66663932800293 120.3332061767578 8	0.02533974	1.524676e-06	93.30443	10.01946	   44.8207703    	38.65113830566406 20861.09255146552 71.56505117707799 223.2283486758961 206.1417388916016
2.999996900558472 157.3331756591797 8	0.02741844	-1.004889e-06	53.86796	6.779473	   87.2726669    	39.06246948242188 124814.0645280803 71.56505117707799 218.5346552251459 205.4724426269531
10.33332252502441 334.9996643066406 8	0.0253549	1.088905e-06	88.1724	14.67811	   64.5360336    	38.55343627929688 113560.1957926526 -161.565051177078 222.7226302737282 209.4881896972656
7.999991416931152 261.6663818359375 8	0.01425983	5.839825e-07	75.77288	9.255668	   71.7405701    	61.12299346923828 155033.0188269612 180 215.5646512215598 194.7637786865234
13.66665267944336 146.6665191650391 8	0.2341151	3.329612e-06	85.95098	15.53332	   81.2521973    	23.97552299499512 356306.5642169739 0 216.3791338174084 196.7716522216797
16.9999828338623 153.66650390625 9	0.03648244	9.911862e-07	79.9118	12.45842	   79.1274109    	43.15575790405273 679468.1675901846 146.3099324740202 214.3825445580206 187.4015808105469
9.99998950958252 245.9997406005859 9	0.004096189	2.948777e-07	82.75867	11.86357	   66.3805695    	55.03889846801758 71674.00302105094 116.565051177078 228.2536042411372 214.842529296875
13.33331966400146 329.3329772949219 9	0.1247876	2.123357e-06	91.28952	13.31759	   73.1108398    	51.73284530639648 112209.0037475697 -45 211.9024200439453 194.7637786865234
16.33331680297852 320.9996643066406 9	0.01231481	1.295701e-06	67.96068	17.72848	   65.2105484    	48.88916397094727 245080.0099798628 165.9637565320735 216.9331565774897 197.4409484863281
8.333324432373047 223.9997711181641 9	0.06046672	1.082662e-06	88.58519	8.321227	   70.5671082    	17.38438987731934 85653.01987797552 -135 217.6577933175223 200.7873992919922
14.33331871032715 116.3332138061523 10	0.1308517	2.686441e-06	82.02721	15.17024	   77.3344116    	43.63436889648438 81158.85478383486 -33.69006752597979 224.2894044469614 203.4645690917969
2.666663885116577 97.99990081787109 10	0.0484327	1.215804e-06	77.68996	8.75898	   71.6347504    	17.46173286437988 5489.244716618035 45 227.8937034606934 225.5511779785156
9.666656494140625 175.3331451416016 11	0.1010702	1.142159e-06	75.35881	5.782393	   86.7748032    	55.107177734375 288332.69228795 -116.565051177078 217.0986300186372 190.0787353515625
-10.9999885559082 127.9998626708984 12	0.2098328	-1.528908e-06	85.51731	8.795487	   94.7291260    	24.70998001098633 600784.810494077 -90 218.946807724478 190.7480316162109
-10.66665554046631 165.3331604003906 12	0.1268049	-2.182041e-06	90.9583	11.74671	   69.4654160    	52.00770568847656 1073250.035017094 45 204.3188387808488 175.3543243408203
-13.99998569488525 78.99991607666016 1	0.01396444	-1.461908e-06	48.19213	11.34953	   75.8400497    	11.98776340484619 193190.0592664974 0 213.84089155526 186.7322845458984
2.666663885116577 158.9998321533203 3	0.3387037	3.567793e-06	91.14281	17.22955	   87.3868484    	34.93025588989258 2131177.159308366 -135 212.1533114474966 184.0551147460938
-19.99997901916504 82.33324432373047 3	0.001164419	-1.629472e-07	95.10638	14.55023	   55.1961060    	16.97905921936035 472816.3688212849 135 220.7271646384984 196.7716522216797
4.333328723907471 134.9998626708984 4	0.05026483	1.426333e-06	61.26248	7.454105	   80.9312210    	49.41992950439453 239542.2780517389 90 219.4472458321708 190.7480316162109
10.66665554046631 127.9998626708984 6	0.1231026	1.783395e-06	84.84813	10.0952	   77.3783264    	27.52569580078125 288779.8791771797 63.43494882292201 218.8488865076939 198.1102294921875
7.999991416931152 263.6663818359375 6	0.09311599	1.464302e-06	98.13042	16.50633	   80.9139786    	54.82320404052734 475882.7401019828 -26.56505117707799 219.4395962088449 192.0866088867188
8.999990463256836 253.6663970947266 7	0.09939489	1.162609e-06	85.924	6.015303	   75.7497940    	54.74883651733398 21714.88729861831 -153.434948822922 214.2987213134766 199.4488220214844
8.999990463256836 136.9998626708984 7	0.02541908	1.138843e-06	83.88841	20.98417	   77.2586899    	50.32834243774414 62409.50820026202 14.03624346792648 215.482713782269 198.7795257568359
27.99997138977051 302.3330078125 9	0.01796365	1.444324e-06	59.43034	15.25968	   75.2738876    	43.06097793579102 57046.18289804716 -56.30993247402021 221.2363898094664 208.1496124267578
11.99998760223389 175.3331451416016 9	0.0358577	1.683867e-06	65.18681	12.23565	   73.5046997    	54.23474884033203 73905.92167954017 153.434948822922 220.2090198863636 199.4488220214844
10.9999885559082 257.3330688476562 9	0.0382124	6.98192e-07	89.46585	10.01603	   79.2033234    	50.88299179077148 113255.6580121947 104.0362434679265 215.5277484712147 200.7873992919922
7.333325862884521 261.3330688476562 9	0.06984842	1.522839e-06	84.49956	11.06714	   71.8360672    	12.2448148727417 141701.4753062562 180 217.0498953599196 198.7795257568359
11.99998760223389 321.9996643066406 10	0.01129658	8.793521e-07	67.60058	14.84824	   71.8702393    	49.41992950439453 72547.01765358546 90 223.8283773351599 210.8267669677734
8.333324432373047 136.9998626708984 10	0.1183132	2.161916e-06	81.79489	13.02946	   78.7872772    	50.90409469604492 125069.4755470959 104.0362434679265 216.4793747611668 195.4330749511719
-7.333325862884521 70.33325958251953 11	0.2996224	-2.797588e-06	93.24975	11.85004	   79.9566879    	38.7952880859375 573405.9614829625 -161.565051177078 217.0666036719098 196.7716522216797
-12.33332061767578 177.3331451416016 2	0.1275012	-1.279895e-06	94.36054	8.461182	   78.5298767    	112.6283645629883 880470.3844099257 139.3987053549955 214.6734153712721 183.3858337402344
-16.33331680297852 56.99993896484375 2	0.1252094	-2.218279e-06	83.49773	13.5211	   78.7473679    	37.68211364746094 15822.48371827816 18.43494882292201 228.1167996724447 222.2047271728516
-15.66665077209473 46.33328628540039 2	0.2229075	-1.993961e-06	91.74692	11.03593	   85.0421524    	26.79119682312012 165235.0965174024 -153.434948822922 218.7940170898437 197.4409484863281
-13.99998569488525 78.66658782958984 2	0.08692715	-2.722181e-06	71.2874	14.07337	   74.8755188    	60.46464538574219 127968.8403308586 -36.86989764584402 219.1092538833618 199.4488220214844
-12.33332061767578 112.999885559082 2	0.1383631	-1.395344e-06	90.82697	10.15312	   85.1296692    	0 203928.9197146688 0 212.6100816224751 186.7322845458984
5.333327770233154 188.3331298828125 3	0.1691669	2.217816e-06	95.59744	14.5227	   78.1885223    	39.04972839355469 92998.78945332277 71.56505117707799 216.0728342392865 198.1102294921875
-18.66664695739746 214.3331146240234 3	0.006624282	-4.114265e-07	98.42148	11.27061	   54.4584045    	11.70533084869385 423742.1194819992 180 212.9208747068066 183.3858337402344
-4.333328723907471 95.66656494140625 4	0.02351809	-4.974336e-07	83.58646	8.537971	   81.1720963    	12.3549747467041 609267.2251261396 90 211.5502087196607 191.4173278808594
21.6666431427002 303.6663513183594 4	0.001965652	6.131457e-07	81.00275	35.9861	   60.4467545    	37.06495666503906 277914.3284080432 90 224.9218041656214 212.8346557617188
7.333325862884521 61.33327102661133 6	0.01460644	6.561592e-07	81.24226	19.44716	   84.4614258    	27.56377410888672 1126511.31788605 116.565051177078 214.4480588240324 183.3858337402344
11.66665458679199 247.6664123535156 6	0.07916214	1.143747e-06	79.54623	7.881183	   82.2975388    	0 293275.6004593598 0 216.9547794587021 196.7716522216797
7.999991416931152 133.9998626708984 6	0.08724713	1.713023e-06	87.02513	16.95889	   83.4821243    	36.67391586303711 281408.8816753572 180 205.4562756819426 182.7165374755859
10.33332252502441 265.3330688476562 7	0.02252108	1.009739e-06	71.09483	11.64316	   73.2041397    	268.2395629882812 1272978.826026587 161.565051177078 218.7383215086078 192.7559051513672
27.6666374206543 301.3330078125 7	0.008131883	-6.708338e-07	50.65658	8.150043	   79.8190994    	10.94171047210693 49902.08986716006 180 216.8503961330507 201.4566955566406
24.99997329711914 160.9998321533203 7	0.01117101	6.424285e-07	72.498	11.85039	   71.6968231    	24.7099494934082 31115.91653148724 -90 219.2866143798828 200.7873992919922
14.66665172576904 261.9997253417969 7	0.01496399	-8.184598e-07	64.04108	11.12494	   77.5038986    	88.35901641845703 23936.01067203617 -123.6900675259798 227.9680684407552 216.1810913085938
10.9999885559082 235.999755859375 8	0.02568811	1.661765e-06	59.40773	10.58365	   69.0026703    	111.84521484375 274674.0415922505 83.65980825409009 219.1437024883195 196.1023559570312
11.66665458679199 257.9997253417969 8	0.0749714	1.18732e-06	87.58367	10.34823	   78.5254898    	27.1317310333252 441240.4458869442 26.56505117707799 221.686433373428 196.7716522216797
12.33332061767578 241.9997406005859 8	0.04346912	1.038876e-06	73.43028	6.272317	   71.9345474    	43.83698654174805 45648.41900997475 146.3099324740202 217.2637813792509 202.7952728271484
-8.333324432373047 88.66657257080078 9	0.1259385	-1.634748e-06	99.79524	7.428067	   62.9677925    	62.47989273071289 1774280.706491425 11.30993247402021 217.6031557534064 183.3858337402344
13.99998569488525 182.9998016357422 9	0.1281296	2.106996e-06	91.43841	14.41208	   76.2185364    	26.95610427856445 607842.6570688769 153.434948822922 212.7511682823398 188.0708618164062
14.33331871032715 68.66659545898438 9	0.0693604	2.337056e-06	78.67532	15.19897	   70.0143967    	35.91123199462891 304856.0423722139 180 211.7766407129546 188.0708618164062
14.33331871032715 133.9998626708984 10	0.03218251	1.636932e-06	56.24723	9.478911	   76.3017883    	27.44875717163086 7982.275615542942 63.43494882292201 227.447509765625 218.8582763671875
11.66665458679199 257.6664123535156 10	0.009601693	4.583341e-07	76.83733	9.901616	   71.5505295    	12.3549747467041 59189.51611662926 90 220.1360060951926 198.7795257568359
8.999990463256836 167.6664886474609 10	0.1094645	1.049952e-06	83.83925	6.904523	   87.4572220    	24.4052906036377 175013.7937298626 180 215.0863713700642 196.7716522216797
-5.999993801116943 82.99991607666016 10	0.1269765	-3.21676e-06	82.86091	18.36154	   75.0015030    	71.70025634765625 6831.42298710921 -30.96375653207352 223.8110229492187 216.1810913085938
12.33332061767578 186.9998016357422 10	0.03857818	1.675075e-06	88.19411	18.35644	   65.6386642    	0 789128.1034988391 0 215.8498726669623 191.4173278808594
11.99998760223389 251.9997406005859 10	0.02620592	6.7622e-07	90.41335	11.55473	   73.7824402    	27.1317310333252 47024.89548468283 -153.434948822922 220.1777282714844 206.1417388916016
14.33331871032715 91.66657257080078 11	0.04121036	1.318407e-06	85.95689	16.20562	   73.6254044    	12.35500621795654 466913.3443513532 90 212.2702300242888 190.0787353515625
8.333324432373047 208.9997863769531 11	0.02282862	4.820124e-07	77.86671	7.676933	   84.9085846    	17.36947059631348 194314.019155888 135 211.8330499609034 189.4094543457031
-14.66665172576904 150.9998474121094 2	0.1806778	-3.130577e-06	89.39442	15.23684	   73.3280869    	50.85718154907227 407737.2467632908 75.96375653207353 217.3692593652185 190.7480316162109
-21.99997711181641 203.6664581298828 2	0.02670601	-1.720746e-06	96.10394	19.02658	   53.3992729    	36.48099136352539 159057.994436838 -18.43494882292201 215.5760638427734 194.7637786865234
-10.9999885559082 88.99990844726562 4	0.1148241	-2.976037e-06	79.21577	14.8784	   72.2764206    	24.7099494934082 727253.1698801162 -90 214.6528885170266 190.7480316162109
-4.99999475479126 156.3331756591797 5	0.2151632	-1.778531e-06	92.21376	6.797056	   76.2055054    	24.70996475219727 366593.1754799812 90 215.2470932006836 192.0866088867188
15.66665077209473 262.3330688476562 6	0.01130021	3.50914e-07	87.42845	8.988147	   73.5358047    	43.455322265625 15870.860256435 -33.69006752597979 213.2808405558268 194.7637786865234
9.99998950958252 129.9998626708984 7	0.07262048	1.292843e-06	81.06707	10.37604	   80.5162582    	66.41673278808594 16232.0826520626 -68.19859051364818 220.5872739156087 204.8031463623047
12.66665363311768 250.9997406005859 7	0.003895943	2.328011e-07	70.7254	6.630952	   71.6389236    	12.0545597076416 14736.88858954829 180 222.3264174027877 204.8031463623047
8.999990463256836 245.3330841064453 7	0.05474626	8.614307e-07	93.77068	9.434815	   75.2019730    	44.13873672485352 168231.389274053 146.3099324740202 212.5215910634687 193.4252014160156
11.3333215713501 324.3330078125 8	0.05077269	1.137392e-06	89.47475	9.619831	   67.3109970    	38.36445617675781 47144.53042337955 -161.565051177078 223.485941859654 207.4803161621094
17.66664886474609 155.9998321533203 8	0.03424039	2.290888e-06	57.78671	14.31826	   74.3086624    	60.77921295166016 81094.46201590463 -126.869897645844 211.5176544189453 189.4094543457031
18.66664695739746 312.9996643066406 8	0.0020906	5.178379e-07	54.45896	12.45126	   61.9183235    	35.04633712768555 26004.58376074303 180 229.3326789855957 220.1968536376953
19.99997901916504 140.9998474121094 8	0.03414014	5.765622e-07	97.0799	10.51107	   78.6314468    	76.41996765136719 233781.5975260065 -38.65980825409009 215.012616658079 190.0787353515625
22.33330917358398 297.6663513183594 9	0.0275429	1.076401e-06	76.20905	16.40838	   80.7679214    	47.19394683837891 217015.6094862708 165.9637565320735 216.7760289063928 200.1181030273438
9.33332347869873 264.6663818359375 9	0.01843748	7.040515e-07	91.34339	14.95262	   70.1832199    	17.35335540771484 242496.2005838081 -45 214.9509527962967 192.7559051513672
9.666656494140625 148.3331756591797 9	0.09041732	1.211365e-06	79.90491	8.647139	   85.5754318    	27.30192565917969 162511.8457933103 153.434948822922 220.0462615966797 200.1181030273438
10.66665554046631 246.3330688476562 9	0.01223476	3.960116e-07	83.87848	6.961479	   68.7181015    	27.23297691345215 272745.0088534697 153.434948822922 218.5203105813206 190.7480316162109
12.33332061767578 248.6664123535156 10	0.08092963	1.398983e-06	86.34712	9.81132	   73.9421539    	51.76670074462891 76450.38025746544 45 219.1635602984512 201.4566955566406
8.333324432373047 137.3331909179688 10	0.0399671	1.340267e-06	80.07518	19.09512	   83.1933823    	71.79810333251953 20383.35055017488 59.03624346792648 223.1863535563151 213.5039367675781
15.9999828338623 233.3330841064453 10	0.006007304	-4.237621e-07	78.71957	15.19641	   72.7014771    	27.40728378295898 22459.48092480206 63.43494882292201 222.2047271728516 207.4803161621094
11.99998760223389 245.6664123535156 10	0.03211268	9.282387e-07	77.66943	8.949586	   71.9913101    	38.23714828491211 42987.01367532479 161.565051177078 216.1601886749268 202.1259918212891
-10.9999885559082 88.66657257080078 11	0.1006903	-2.520466e-06	81.74742	11.12915	   65.3287277    	27.20874404907227 45842.52918741152 -153.434948822922 218.8188988180721 200.1181030273438
6.666659832000732 90.66657257080078 12	0.09236133	2.508486e-06	77.49517	16.46942	   77.9974899    	71.58800506591797 533157.3852477804 149.0362434679265 213.1478953642004 192.0866088867188
-12.33332061767578 174.3331451416016 12	0.05752783	-8.152202e-07	85.72157	9.205549	   85.2938309    	103.3685913085938 5371.788745593985 -159.4439547804165 228.0610237121582 223.5433044433594
-17.99998092651367 40.33329010009766 2	0.01578083	-1.220203e-06	65.01143	14.6205	   70.4861069    	23.50049018859863 33970.193177375 180 219.0384638859676 202.1259918212891
-15.9999828338623 95.99990081787109 3	0.03167551	-1.600007e-06	93.59081	16.00708	   55.9426231    	37.73836135864258 88479.77193342677 161.565051177078 221.0559437310518 210.1574859619141
-11.3333215713501 91.99990081787109 3	0.09740275	-2.441873e-06	73.27306	13.04786	   77.6020203    	61.77490615844727 98275.6711276171 -90 217.0062575666872 190.0787353515625
7.999991416931152 134.9998626708984 3	0.09475719	2.243496e-06	76.48676	13.58455	   78.0383835    	104.1893692016602 329147.8963476652 45 216.7231737247183 191.4173278808594
8.666657447814941 96.33322906494141 4	0.04769149	1.045771e-06	79.76065	10.36801	   79.0691528    	24.42761611938477 613263.1076565122 180 209.3949037062383 182.0472412109375
5.999993801116943 239.999755859375 6	0.107195	-1.316966e-06	83.4015	8.926066	   84.0501938    	150.3232727050781 20488.88643264583 55.00797980144134 222.0262481689453 209.4881896972656
15.33331775665283 254.3330688476562 6	0.05897159	9.814238e-07	74.20044	6.41095	   81.5398712    	43.54639053344727 107345.9290584521 -146.3099324740202 220.9900863082321 205.4724426269531
12.66665363311768 239.999755859375 7	0.01783174	6.375949e-07	79.2933	9.166559	   70.4671249    	36.16267013549805 219904.0119987837 180 209.2474083318943 188.0708618164062
16.66664886474609 255.9997253417969 8	0.04979856	7.19427e-07	98.9203	11.28796	   80.3126984    	75.07276153564453 243469.5567835032 161.565051177078 219.2851677971917 189.4094543457031
20.33331298828125 148.9998474121094 8	0.1155003	1.838549e-06	77.83196	8.865162	   77.9783249    	73.91135406494141 59236.91926531868 -161.565051177078 224.9546402640965 210.1574859619141
11.66665458679199 321.9996643066406 8	0.1183877	2.296084e-06	85.45963	11.78894	   70.5352249    	12.100998878479 6725.457501074003 0 225.0157531738281 216.8504028320312
18.66664695739746 268.3330383300781 8	0.007289543	4.064887e-07	71.24456	8.918777	   72.2693634    	11.70341205596924 18210.67122787778 180 226.6507328578404 214.1732177734375
7.666658878326416 209.6664428710938 9	0.002812998	-7.113506e-08	91.20441	6.462325	   89.5490417    	93.28646087646484 228660.7586336298 156.8014094863518 220.4558039165678 204.8031463623047
12.66665363311768 340.6663208007812 9	0.06298883	1.743534e-06	85.1041	14.94725	   72.0839691    	27.48652648925781 182210.2538736354 116.565051177078 217.3966549144072 195.4330749511719
-2.999996900558472 59.66660308837891 10	0.1861669	-1.689714e-06	83.93282	7.272937	   83.3888321    	12.35498237609863 327667.8657783553 -90 215.1953684914561 195.4330749511719
15.33331775665283 151.66650390625 10	0.06534778	1.111311e-06	75.26722	9.2675	   86.9971161    	37.73859786987305 107269.5904206618 161.565051177078 216.8090812777295 194.094482421875
13.33331966400146 276.9997253417969 11	0.07767391	1.211269e-06	92.51972	10.4667	   74.7601776    	27.48652648925781 5345.251132495916 -116.565051177078 231.9094467163086 231.5747985839844
-15.33331775665283 92.66657257080078 2	0.06513363	-1.671661e-06	96.76667	9.422783	   55.4086494    	26.892578125 62289.08269775524 153.434948822922 224.8249307186045 211.4960632324219
-9.99998950958252 143.9998474121094 4	0.1065065	-1.720049e-06	83.42701	11.24479	   79.2412338    	17.33612442016602 197563.9626339433 -135 214.0723777666484 192.7559051513672
16.33331680297852 262.3330688476562 5	0.0008497874	6.037935e-08	85.13374	6.746558	   70.6712189    	49.41989898681641 321657.8670411046 -90 214.3899259098241 191.4173278808594
9.666656494140625 261.6663818359375 7	0.01475576	8.386777e-07	60.90103	9.187086	   75.1575165    	38.48134613037109 178670.5085094408 161.565051177078 216.3585674401486 196.1023559570312
17.99998092651367 252.3330688476562 7	0.003062258	-1.759699e-07	77.1896	7.096574	   70.9703064    	38.89286804199219 9138.524078437726 -71.56505117707799 227.9415065220424 223.5433044433594
21.99997711181641 281.9996948242188 8	0.002928079	-1.959595e-07	63.871	5.927478	   76.3789062    	34.36579132080078 47146.55152501268 180 216.1268355910842 202.1259918212891
8.999990463256836 329.6663208007812 8	0.01302111	9.628276e-07	67.10757	14.63289	   72.1243515    	44.34627914428711 252260.4915188979 123.6900675259798 217.7319883941322 200.1181030273438
14.33331871032715 259.6663818359375 8	0.05319727	1.220626e-06	74.97629	11.33613	   83.2836380    	17.22053718566895 95871.17067711553 -135 223.2365508609348 202.7952728271484
3.999995708465576 138.3331909179688 9	0.02048618	5.435404e-07	73.89986	9.280149	   86.1064682    	49.29963684082031 10963.03804479949 0 218.523624420166 209.4881896972656
-13.66665267944336 138.9998474121094 1	0.3456325	-2.556641e-06	95.4731	11.14969	   83.8351898    	37.06495666503906 287822.7174702941 90 216.4878612094455 189.4094543457031
2.666663885116577 135.9998626708984 2	0.2703774	3.065233e-06	99.96358	17.71787	   80.6908951    	27.61910438537598 900677.592920873 116.565051177078 213.8747475912945 186.06298828125
17.33331489562988 88.33324432373047 5	0.05839841	1.262897e-06	80.21166	10.84244	   77.7283173    	12.35506916046143 432460.9355519705 90 211.4108815511068 189.4094543457031
10.66665554046631 249.9997406005859 5	0.03691265	6.730943e-07	86.86626	9.589537	   80.9568253    	12.14077281951904 6753.272624684632 180 223.9448822021484 216.1810913085938
12.66665363311768 254.6663970947266 5	0.04666742	7.679504e-07	87.2393	9.10248	   80.2454453    	96.30536651611328 24117.4212488086 180 222.7624681260851 208.8188934326172
4.99999475479126 331.3329772949219 7	0.0003018541	-3.652395e-08	77.1748	12.24934	   85.7921371    	50.76946258544922 214868.0516784926 -165.9637565320735 217.7797296609089 198.7795257568359
26.33330535888672 153.66650390625 7	0.02084776	1.147814e-06	65.26631	10.68223	   70.7176743    	0 33260.57144509326 0 221.2875479239005 207.4803161621094
12.33332061767578 338.6663208007812 8	0.04318257	1.619905e-06	73.96059	14.11789	   74.1854324    	36.20934677124023 17440.21780865906 0 224.5729863093449 218.1889801025391
16.66664886474609 259.9997253417969 9	0.01073148	3.547709e-07	69.37054	5.565355	   79.3557053    	37.56630325317383 55250.661333424 161.565051177078 221.8382081531343 206.8110198974609
13.99998569488525 138.6665191650391 9	0.07021221	8.20395e-07	88.25242	7.58413	   83.2175140    	26.95610427856445 27972.67834514823 -153.434948822922 221.5991755894252 212.1653442382812
11.3333215713501 217.9997711181641 9	0.03116555	4.271936e-07	98.44978	7.850647	   79.6529388    	50.87593078613281 5386.493960006492 75.96375653207353 227.2244110107422 224.2126007080078
7.999991416931152 170.6664886474609 9	0.04580181	1.013899e-06	57.26191	4.107521	   86.3905487    	27.56366348266602 413511.0043494835 63.43494882292201 218.2858486677471 196.1023559570312
5.333327770233154 144.3331756591797 9	0.1015859	2.292071e-06	72.37984	15.74949	   88.5373764    	27.5997257232666 242114.5178998639 116.565051177078 217.9280680855789 195.4330749511719
4.99999475479126 133.3331909179688 12	0.1011973	3.276881e-06	61.7839	15.729	   86.5898972    	24.62860107421875 731861.1808738109 0 211.223343237761 182.7165374755859
-12.99998664855957 60.33327102661133 1	0.0879486	-1.494285e-06	88.28029	13.04026	   79.5650101    	48.21720123291016 725157.9199545434 180 216.8256978390401 190.7480316162109
-11.99998760223389 161.3331604003906 2	0.3310711	-2.11173e-06	92.59322	8.917345	   87.0396042    	34.56537246704102 165172.7227152711 135 219.5384430924082 195.4330749511719
10.66665554046631 155.9998321533203 4	0.137589	2.006545e-06	90.86559	13.75533	   79.0337830    	12.35500621795654 91762.1571510506 90 216.9488195531509 202.1259918212891
9.666656494140625 156.3331756591797 5	0.0639715	2.510655e-06	71.72546	19.1809	   79.5357742    	36.53847885131836 189574.7362101011 0 213.3796406337193 191.4173278808594
11.66665458679199 268.3330383300781 6	0.06104479	7.39681e-07	99.42057	10.95609	   83.4627304    	17.29895401000977 169548.0543935562 135 219.7612797570607 204.8031463623047
12.33332061767578 139.3331909179688 6	0.08963008	1.533184e-06	59.90117	6.018623	   91.4261322    	27.10439491271973 75163.22634995518 153.434948822922 217.6272509438651 199.4488220214844
15.9999828338623 258.9997253417969 7	0.003913703	-1.324587e-07	81.43529	8.00194	   87.0878067    	155.0873870849609 114785.9332256919 -141.3401917459099 220.3199397996924 208.8188934326172
10.66665554046631 312.9996643066406 7	0.0151217	5.255978e-07	86.32565	11.16528	   72.0915451    	38.44449234008789 51278.1392367931 161.565051177078 220.4434336612099 208.8188934326172
9.33332347869873 199.6664581298828 7	0.02267834	8.370371e-07	74.2467	9.603122	   72.2391281    	12.3549747467041 111121.1400371975 90 215.3975428139291 196.7716522216797
10.66665554046631 131.3331909179688 7	0.003561547	3.663668e-07	96.63674	27.39101	   69.6132736    	12.14126968383789 546278.1869066526 180 219.1755627290702 194.7637786865234
9.99998950958252 164.9998321533203 8	0.06448243	1.763264e-06	82.34724	15.6447	   76.0453339    	27.25712203979492 113594.3654517652 153.434948822922 216.2767168680827 195.4330749511719
11.66665458679199 129.3331909179688 8	0.002842942	2.908524e-07	85.19366	18.99547	   69.3905869    	0 211298.7090754622 0 214.1178103890389 194.7637786865234
15.66665077209473 250.3330688476562 9	0.05706498	1.023757e-06	77.13695	8.668583	   82.7760391    	37.06495666503906 124266.1910923844 90 216.2309445320292 196.7716522216797
14.99998474121094 227.6664276123047 9	0.04330125	1.859808e-06	81.27022	12.11505	   59.5243492    	17.17112731933594 120665.9269122683 135 216.2914254324777 196.7716522216797
8.666657447814941 264.9997253417969 9	0.07788149	1.69225e-06	93.40508	11.03207	   63.8554649    	17.3763599395752 262144.1155637323 -135 215.9140802887437 197.4409484863281
-6.333326816558838 181.3331451416016 10	0.2241219	-2.975711e-06	70.06334	10.71423	   90.3904343    	99.39821624755859 8191.6514400001 -119.7448812969422 222.4278233846029 212.1653442382812
-5.999993801116943 193.3331298828125 10	0.2397831	-2.706885e-06	89.87196	12.96927	   80.9555435    	93.96733093261719 1080065.897141072 -113.1985905136482 215.2603001636635 184.7244110107422
8.333324432373047 122.999870300293 10	0.1543734	1.77846e-06	80.93382	8.823933	   83.8649216    	50.37244415283203 125008.866904671 165.9637565320735 217.767033452573 197.4409484863281
10.66665554046631 70.66659545898438 11	0.07359327	9.377586e-07	82.4986	7.338596	   83.7911072    	27.52591705322266 218592.0304959159 63.43494882292201 221.1346866937331 203.4645690917969
-8.999990463256836 168.9998168945312 11	0.1514908	-1.585989e-06	76.18355	6.517121	   85.9294052    	50.4144401550293 176399.5118243876 165.9637565320735 220.7425818810096 203.4645690917969
-8.999990463256836 204.3331146240234 11	0.145693	-1.076417e-06	85.21349	6.095432	   90.4726715    	17.36911773681641 242645.7078947216 45 217.2355174485532 200.1181030273438
-9.99998950958252 169.9998168945312 3	0.1093082	-1.328628e-06	98.73481	9.684878	   73.0357590    	38.51797485351562 427520.0358588881 -161.565051177078 212.8706525488745 194.7637786865234
-11.99998760223389 141.9998474121094 3	0.5145052	-3.485335e-06	96.15054	14.03863	   88.6605606    	12.09951210021973 57803.98088597512 0 214.935910247093 200.1181030273438
10.66665554046631 82.33324432373047 5	0.3068321	2.926909e-06	99.00456	15.95078	   83.2291489    	119.583625793457 1519669.146500549 23.96248897457818 218.4467171751088 190.7480316162109
11.66665458679199 262.6663818359375 7	0.1195153	1.485251e-06	91.75066	11.45803	   81.1135254    	86.33149719238281 216384.6009744422 135 219.6772162395975 204.1338653564453
11.99998760223389 126.6665344238281 8	0.02649844	3.920912e-07	99.09782	10.10996	   84.7210464    	27.15790748596191 18812.05133825307 153.434948822922 226.7463476998466 218.8582763671875
8.999990463256836 253.3330688476562 8	0.08975331	1.6318e-06	89.14507	11.03638	   71.4443817    	38.62087631225586 297047.6982030039 -161.565051177078 219.3747541175041 195.4330749511719
15.66665077209473 127.3331985473633 8	0.01711044	6.764487e-07	58.19514	8.744651	   90.5876999    	23.79151725769043 168048.5970753893 180 217.0137653501015 198.1102294921875
11.66665458679199 317.6663208007812 8	0.1057581	2.405826e-06	77.38147	12.17259	   74.1505508    	27.50740814208984 79394.9323431517 116.565051177078 217.7352204403635 200.7873992919922
12.99998664855957 331.9996643066406 8	0.1176008	1.956789e-06	92.22735	10.56959	   67.9814072    	38.19335174560547 60209.60120505992 -161.565051177078 218.6054243299696 206.1417388916016
8.333324432373047 338.9996337890625 9	0.02372151	1.032895e-06	73.81739	11.79234	   71.2521515    	38.71324920654297 488896.0581235592 -161.565051177078 221.9072633955214 203.4645690917969
11.99998760223389 334.9996643066406 9	0.03670703	1.787625e-06	64.4822	12.29067	   72.8039856    	61.77490615844727 5375.112197453469 90 228.2283477783203 224.2126007080078
19.99997901916504 251.9997406005859 9	0.02741935	8.132856e-07	83.53868	9.849264	   69.9693069    	27.31153106689453 201460.4783823614 -63.43494882292201 224.9205049368051 211.4960632324219
14.33331871032715 70.33325958251953 10	0.0644018	1.755357e-06	89.18516	18.80598	   76.0117111    	49.34494018554688 34598.07355167479 165.9637565320735 221.792853135329 210.8267669677734
-11.66665458679199 90.99990844726562 10	0.1509216	-2.755733e-06	96.79352	11.73599	   61.5375061    	27.50697135925293 433038.55263674 -63.43494882292201 217.5986716228983 199.4488220214844
14.33331871032715 268.9997253417969 10	0.08494861	1.377633e-06	91.41849	10.00687	   71.9955139    	37.06495666503906 19969.29170654888 -90 221.7585327148437 210.1574859619141
16.33331680297852 253.6663970947266 10	0.1385558	2.100623e-06	93.02866	15.82773	   79.9606476    	49.04720687866211 258342.1371223772 14.03624346792648 222.3686340487733 200.1181030273438
10.33332252502441 287.6663818359375 10	0.02260357	1.175765e-06	54.38429	7.384387	   76.7242966    	27.25845336914062 262104.5590884341 153.434948822922 215.6946600687872 192.0866088867188
-13.99998569488525 163.3331604003906 1	0.1629176	-1.22816e-06	83.94577	6.931302	   92.3048859    	24.7099494934082 77275.8983877089 -90 212.4538434784988 198.7795257568359
-14.99998474121094 91.33323669433594 1	0.0944682	-2.685165e-06	90.9788	15.48597	   63.0867805    	27.44875717163086 108779.9612321601 116.565051177078 213.1529697325171 200.7873992919922
-24.66664123535156 205.9997863769531 2	0.02678377	-8.665274e-07	99.79351	17.56651	   70.0841293    	16.7440357208252 289206.6395931034 -135 220.8142156929805 198.7795257568359
-19.66664695739746 205.3331146240234 3	0.01414706	-9.218324e-07	73.39507	16.43589	   72.6261673    	11.65804862976074 319419.3835507269 180 213.9320677475408 194.7637786865234
6.999992847442627 123.6665344238281 4	0.1626171	2.653258e-06	99.95806	14.24721	   66.9664230    	24.50739097595215 632073.3247703282 180 209.639645773789 182.0472412109375
11.99998760223389 232.999755859375 7	0.01107876	3.730711e-07	77.84638	6.664913	   72.9400864    	17.27763938903809 68548.60628799289 135 221.8372715968712 203.4645690917969
13.66665267944336 265.3330688476562 8	0.02249577	5.746928e-07	64.72848	6.120068	   87.5386200    	112.7676086425781 10675.44023388442 -130.6012946450045 223.125 214.842529296875
8.999990463256836 244.6664123535156 8	0.00045326	-2.893591e-08	99.28207	7.129449	   72.0703659    	37.06492614746094 31197.97637043511 90 225.1437895401664 216.8504028320312
13.33331966400146 249.9997406005859 8	0.02477464	7.335153e-07	85.53626	9.709084	   69.2351379    	12.3549747467041 128349.668474056 90 214.4102698961894 196.7716522216797
27.99997138977051 138.3331909179688 8	0.01484376	-5.601945e-07	87.75272	12.44394	   70.9935226    	16.47035980224609 13331.17768070936 135 228.8976384943182 225.5511779785156
15.66665077209473 135.6665191650391 10	0.09944554	7.017725e-07	87.11823	3.732029	   86.8051987    	38.92995071411133 56849.06452730304 -108.434948822922 216.5546615955442 202.1259918212891
19.66664695739746 265.9997253417969 10	0.05521541	1.569737e-06	80.95399	12.36908	   71.0725479    	11.63453197479248 87955.46118902245 180 219.4980327381807 196.1023559570312
-10.33332252502441 69.66659545898438 1	0.1825195	-2.595867e-06	77.90884	11.43637	   83.1528854    	92.9249267578125 171641.0138256497 23.19859051364819 217.8727773831585 198.1102294921875
-14.33331871032715 150.66650390625 2	0.1315759	-1.472567e-06	95.72966	12.4224	   83.0164642    	11.95266437530518 242090.6789968497 0 215.5596188555707 198.1102294921875
-16.66664886474609 100.9998931884766 3	0.04906426	-1.09664e-06	91.67152	11.74969	   70.8530807    	53.3299446105957 57952.64157463931 -153.434948822922 224.6537250172008 207.4803161621094
-14.66665172576904 160.66650390625 4	0.01555537	-1.036046e-06	67.52989	16.95265	   77.8473129    	11.95266437530518 184657.7096053462 180 215.4781060527555 190.0787353515625
14.66665172576904 119.3332061767578 7	0.3489869	2.443237e-06	99.66966	11.90501	   84.3634338    	26.8595085144043 297730.0414591757 153.434948822922 217.0774756840297 194.094482421875
13.33331966400146 243.3330841064453 7	0.002497876	1.155027e-07	88.09641	5.77035	   67.9565964    	17.23305702209473 36077.20817482307 135 211.421699806496 201.4566955566406
11.3333215713501 222.3330993652344 7	0.02374737	1.19084e-06	78.5815	13.09773	   64.8244858    	38.40457916259766 241056.8414069199 -161.565051177078 219.3406067746978 203.4645690917969
16.9999828338623 250.9997406005859 7	0.01246292	2.698432e-07	82.60468	4.855083	   77.8569870    	24.7099494934082 21033.90170494471 90 227.0570878982544 220.8661499023438
15.9999828338623 257.9997253417969 8	0.003822238	1.396503e-07	85.42392	9.35519	   84.1921921    	17.11674118041992 250723.1729007947 135 216.0190646522923 196.7716522216797
15.33331775665283 257.6664123535156 8	0.08413295	1.026063e-06	94.68134	10.68143	   82.0840988    	26.82535362243652 101973.2800626565 153.434948822922 220.900911207323 201.4566955566406
12.33332061767578 225.3330993652344 8	0.1000848	1.776968e-06	94.0771	12.76469	   70.9101181    	43.83698654174805 360715.9718712817 -146.3099324740202 221.3811740237098 200.7873992919922
16.66664886474609 254.6663970947266 9	0.02532963	1.100389e-06	77.68705	11.3738	   66.1825943    	0 99935.43114742347 0 218.453172181782 202.1259918212891
16.9999828338623 255.6663970947266 9	0.07337436	1.317388e-06	92.98103	11.45008	   72.2133560    	72.02134704589844 118320.33146739 -9.462322208025617 224.8372721354167 208.8188934326172
14.33331871032715 258.6663818359375 10	0.1507542	1.587126e-06	91.42848	10.93027	   83.6797791    	35.85797119140625 109081.0428201619 180 217.8869794519936 194.094482421875
8.333324432373047 93.66657257080078 11	0.1124416	1.964364e-06	99.55323	18.61969	   77.1769028    	34.76109313964844 274566.5143559403 135 215.4124121335473 189.4094543457031
8.333324432373047 87.66657257080078 12	0.1272423	1.639742e-06	90.38927	11.37693	   79.8124771    	39.02367401123047 17665.82936627377 108.434948822922 227.8164778489333 222.8740234375
-14.33331871032715 148.3331756591797 2	0.1087638	-3.07231e-06	85.24288	17.95624	   70.1710739    	37.89983749389648 576926.6079312854 -161.565051177078 213.9789191039476 182.0472412109375
7.666658878326416 322.3330078125 7	0.02053495	5.528897e-07	78.26448	7.713378	   76.2458649    	66.06562805175781 255932.3287984501 -158.1985905136482 225.4123404482578 211.4960632324219
13.66665267944336 254.9997406005859 7	0.1211566	1.137156e-06	99.80505	10.99549	   84.3733292    	49.41992950439453 40044.37602699126 -90 218.813650004069 198.7795257568359
19.33331298828125 279.9996948242188 8	0.001095353	-1.846244e-07	56.7051	12.91494	   81.3889160    	50.77085876464844 112859.7092309925 75.96375653207353 219.4506306264592 205.4724426269531
14.66665172576904 329.6663208007812 8	0.01857679	2.0078e-06	59.70925	11.1772	   57.1349907    	12.35500621795654 11967.40994120597 90 227.0384945339627 218.1889801025391
15.9999828338623 303.9996948242188 8	0.02670468	1.107403e-06	79.90035	15.25508	   72.9672775    	37.68199920654297 129416.2703383278 161.565051177078 221.0027338144731 208.1496124267578
11.66665458679199 331.6663208007812 8	0.1251913	2.189682e-06	82.30646	11.988	   76.8703537    	27.18335342407227 36336.94675628665 -153.434948822922 221.3371265552662 209.4881896972656
18.33331489562988 155.9998321533203 9	8.5669e-06	-3.368347e-09	74.68349	9.240998	   80.8279114    	26.53021049499512 103078.526013339 -153.434948822922 214.9187699330004 196.7716522216797
9.99998950958252 212.6664428710938 9	0.02719204	1.465767e-06	72.9397	17.48688	   73.9552689    	12.3549747467041 73064.20475447667 90 223.0971139978479 200.7873992919922
14.99998474121094 168.3331604003906 9	0.0406159	9.375837e-07	87.86106	13.94377	   80.0375290    	17.1840991973877 184534.9266924729 45 216.6577928941027 201.4566955566406
16.9999828338623 68.33325958251953 9	0.02954314	1.113558e-06	79.54734	11.53868	   67.9804840    	17.08778762817383 57779.81667718072 45 218.7822106101296 204.1338653564453
13.66665267944336 246.6664123535156 9	0.1101803	2.519468e-06	90.82337	19.23468	   75.2516861    	59.94017028808594 385477.3365585405 180 216.6535450760468 197.4409484863281
8.333324432373047 305.3330078125 10	0.06280807	1.275603e-06	83.35261	13.23938	   81.9934616    	17.3763599395752 171183.0385196302 135 216.4679418896872 199.4488220214844
10.33332252502441 315.3330078125 10	0.1014241	1.624217e-06	75.98053	9.184851	   82.2993469    	17.33612442016602 58112.56634219073 -135 217.7064663199491 204.1338653564453
12.66665363311768 131.9998626708984 10	0.2919264	2.634688e-06	96.97236	16.96255	   90.3622971    	54.94358444213867 1422593.977360646 63.43494882292201 210.2821468378392 181.3779602050781
4.666661739349365 156.66650390625 10	0.2817484	2.310249e-06	85.59859	11.60166	   93.1931381    	44.45807266235352 186126.9251325951 -33.69006752597979 214.1683074726778 192.0866088867188
10.66665554046631 240.3330841064453 10	0.1451664	1.488992e-06	97.06411	9.109167	   75.6274948    	43.94663238525391 174101.8857288374 146.3099324740202 217.0631153195403 193.4252014160156
-6.666659832000732 99.33322906494141 10	0.09681634	-1.089979e-06	90.00403	9.100007	   83.2598495    	27.48461723327637 361618.3157398676 -153.434948822922 211.6753833122973 184.0551147460938
28.99996948242188 327.9996643066406 10	0.01170009	7.341606e-07	84.79426	16.27857	   65.8572617    	21.61316871643066 129622.4259272154 180 218.8086929321289 204.1338653564453
10.9999885559082 241.3330841064453 10	0.1166964	1.955556e-06	95.45573	11.80666	   68.1359406    	54.49049758911133 202253.8744427634 -153.434948822922 218.2023638916015 195.4330749511719
14.66665172576904 83.33324432373047 11	0.1414198	1.994425e-06	92.04323	15.8896	   83.6413498    	26.892578125 814613.551101801 153.434948822922 213.7622798211411 185.3937072753906
0.999998927116394 162.66650390625 12	0.02515247	6.049e-07	98.87518	20.11885	   87.9477692    	62.99216461181641 3431918.888380334 -168.6900675259798 212.2009048218164 176.6929168701172
1.333331942558289 109.3332214355469 12	0.09779852	1.657022e-06	80.31009	9.276678	   76.4010544    	44.52762222290039 145528.5594234162 146.3099324740202 218.9150964988852 195.4330749511719
-14.99998474121094 159.66650390625 3	0.06378608	-1.046852e-06	85.48605	10.01623	   80.3021164    	37.89983749389648 384693.8062770371 161.565051177078 209.8782249187601 189.4094543457031
8.333324432373047 253.3330688476562 5	0.03979913	1.440222e-06	71.99847	12.97157	   76.1403885    	210.6338043212891 716009.8135365379 10.00797980144134 218.108967761161 190.7480316162109
8.999990463256836 242.3330841064453 6	0.03138325	6.692549e-07	91.21735	10.30801	   75.0249557    	38.62087631225586 562942.1231353524 161.565051177078 214.3119255709361 188.0708618164062
9.666656494140625 265.9997253417969 7	0.08667281	9.813074e-07	96.74538	9.80446	   80.6005936    	48.71829605102539 113758.7732625655 180 218.8742050897507 199.4488220214844
10.33332252502441 161.9998321533203 7	0.275745	2.400781e-06	97.33228	11.84831	   80.4296188    	24.28303718566895 325608.2554366679 180 213.5816977726473 185.3937072753906
14.66665172576904 262.3330688476562 7	0.02043051	4.303103e-07	91.3377	11.37946	   83.8078537    	37.95143890380859 136928.5341217226 -161.565051177078 209.1178049624545 188.7401580810547
11.99998760223389 159.66650390625 8	0.3371892	2.820281e-06	98.58527	14.87104	   85.4142456    	172.6696472167969 1552373.826053191 12.0947570770121 218.9988372855487 189.4094543457031
12.66665363311768 254.9997406005859 8	0.1150283	1.422037e-06	83.58479	7.968829	   79.8178558    	78.42066955566406 70981.57975176402 -128.6598082540901 221.4344093754606 208.8188934326172
9.666656494140625 227.3330993652344 8	0.04375226	4.633232e-07	99.39315	5.565369	   77.4240646    	38.58727264404297 181452.3832377699 -161.565051177078 217.3348817967657 196.1023559570312
15.33331775665283 251.9997406005859 8	0.02712975	4.718859e-07	86.60956	7.843535	   82.2342834    	17.17112731933594 11924.037112603 -135 216.9991268581814 202.7952728271484
7.666658878326416 334.6663208007812 8	0.06548689	1.418119e-06	88.38799	12.14289	   72.0044708    	44.22108459472656 89849.56634285982 146.3099324740202 222.5495124585701 202.7952728271484
8.999990463256836 322.9996643066406 9	0.04870269	1.139216e-06	79.59647	11.4259	   79.0705795    	65.719970703125 510152.1511440589 158.1985905136482 221.7009773660213 199.4488220214844
13.99998569488525 162.66650390625 9	0.07243755	1.641172e-06	58.20293	7.672945	   90.4496078    	17.22087860107422 155939.148231195 -135 213.9730141142495 194.7637786865234
10.33332252502441 265.9997253417969 10	0.1278085	1.400355e-06	92.10283	9.791255	   80.6327362    	17.32708168029785 235085.1276400009 -45 216.9965617738921 193.4252014160156
16.9999828338623 166.3331604003906 10	0.05342772	1.011276e-06	84.37271	7.694736	   71.8758163    	11.83572292327881 136651.5883560987 180 213.9994704906757 193.4252014160156
1.999997854232788 73.99992370605469 12	0.1421369	1.782396e-06	94.65579	15.21317	   84.6718979    	34.92599868774414 311538.1091383492 45 218.5457363716831 194.7637786865234
-11.99998760223389 187.6664733886719 12	0.03834301	-6.396497e-07	83.35793	11.05256	   91.9564209    	72.59791564941406 14786.37316377927 180 222.7523276589133 206.8110198974609
-11.3333215713501 57.99993896484375 4	0.1294345	-2.557403e-06	79.69855	14.22662	   79.2373505    	24.22817611694336 49812.71858277229 180 217.5377754005226 201.4566955566406
-6.999992847442627 158.66650390625 6	0.1937836	-2.441873e-06	73.04308	11.13684	   92.4186935    	24.7099494934082 110457.4452551066 -90 218.9574232690128 195.4330749511719
9.99998950958252 130.3331909179688 6	0.01877551	1.424152e-06	56.29481	17.78164	   86.5347824    	27.28010940551758 12170.80977350291 153.434948822922 217.445320977105 208.1496124267578
10.66665554046631 312.6663513183594 7	0.07815806	1.348175e-06	96.69514	10.98223	   69.0795212    	12.14176845550537 39153.81050582606 180 217.3812113794787 204.8031463623047
12.99998664855957 257.9997253417969 7	0.1664784	1.792342e-06	94.93059	10.69562	   77.8018036    	43.67685699462891 252977.5581683683 146.3099324740202 212.0130828373016 189.4094543457031
13.99998569488525 258.3330688476562 7	0.02437931	6.242835e-07	76.64927	10.93716	   86.7271042    	27.44939613342285 343831.8170373042 116.565051177078 216.806294404259 196.1023559570312
17.33331489562988 245.6664123535156 8	0.02233992	8.083277e-07	96.62878	15.54276	   67.0461121    	17.10252380371094 76087.84356112678 -135 221.5585127205684 204.8031463623047
11.66665458679199 224.6664276123047 8	0.04091576	1.09167e-06	76.95413	10.13973	   75.6466599    	27.50053596496582 110265.6739980426 63.43494882292201 219.5275610947027 194.094482421875
25.99997329711914 284.6663818359375 8	0.04027296	1.065155e-06	83.54794	13.45163	   77.6626816    	22.20965003967285 229831.3291065383 180 219.2217009349536 204.1338653564453
19.33331298828125 253.6663970947266 8	0.00256735	7.446494e-08	95.02776	6.831338	   82.6956024    	27.33224487304688 107593.8061318739 -63.43494882292201 211.5767002335514 192.7559051513672
16.66664886474609 142.3331909179688 8	0.1131153	1.031862e-06	85.73053	7.352691	   88.7578354    	66.08574676513672 120962.1513066969 111.8014094863518 217.3960126793903 191.4173278808594
11.99998760223389 234.999755859375 8	0.08843564	1.59306e-06	90.79561	12.68622	   74.2912521    	27.1317310333252 63148.04665755224 153.434948822922 218.217457872756 199.4488220214844
12.66665363311768 340.6663208007812 9	0.05548079	2.027801e-06	72.70007	14.56888	   74.2434921    	17.25592422485352 97821.47159893738 135 209.0572762685279 194.7637786865234
13.99998569488525 330.3329772949219 9	0.057876	3.058993e-06	71.02843	15.92738	   65.0407028    	23.97552299499512 10665.70486861982 180 224.2962608337402 217.5196838378906
16.66664886474609 251.9997406005859 9	0.08555327	1.303323e-06	88.716	13.84711	   85.9493790    	0 230417.2366063484 0 214.2956134905134 188.7401580810547
13.99998569488525 142.9998474121094 9	0.2321322	2.19452e-06	81.87634	11.71569	   94.0446396    	71.92784881591797 22669.64834561676 0 227.0078762278837 218.8582763671875
10.33332252502441 260.3330688476562 10	0.05358548	1.322969e-06	99.93953	16.63354	   69.7467880    	27.52547645568848 220085.0783101556 116.565051177078 218.9896637150115 192.0866088867188
5.333327770233154 330.9996643066406 10	0.008255714	2.246018e-07	79.62647	7.383367	   85.6994705    	55.03707885742188 38294.5020573746 153.434948822922 222.6349846976144 207.4803161621094
14.99998474121094 134.9998626708984 10	0.05663073	1.019805e-06	86.85648	10.25958	   77.5850830    	17.19670677185059 359675.765570597 -135 214.3016543793063 192.0866088867188
-8.666657447814941 71.66659545898438 12	0.1045322	-1.957646e-06	71.20763	10.04409	   83.1920853    	17.36929512023926 47527.02441282012 -135 226.0866154261998 214.842529296875
-15.66665077209473 172.9998168945312 2	0.0711512	-9.456496e-07	91.12075	8.15095	   77.0157089    	17.15764045715332 210158.1989045613 135 210.1574815474216 186.7322845458984
-11.3333215713501 139.6665191650391 3	0.1365828	-2.444628e-06	90.75871	20.19023	   83.9040604    	12.0545597076416 496274.7507418593 0 212.8183226960138 182.7165374755859
3.333329916000366 144.9998474121094 5	0.1640328	1.063529e-06	90.06392	5.137285	   85.9972839    	12.35498237609863 31540.25662347884 -90 217.2868904445482 196.7716522216797
7.333325862884521 109.6665496826172 6	0.01490658	8.686311e-07	68.64457	17.97104	   84.5232086    	12.3549747467041 19079.50568399075 90 220.3402720860072 202.7952728271484
8.333324432373047 134.9998626708984 6	0.1823098	1.715337e-06	91.18908	10.81465	   85.6642990    	38.68363571166992 97891.73701499563 161.565051177078 214.0802722507053 190.7480316162109
18.99998092651367 140.9998474121094 7	0.002871536	-1.618372e-07	69.57354	6.130548	   77.3076096    	37.19281005859375 6489.524505832521 -161.565051177078 225.6850372314453 219.5275573730469
18.66664695739746 165.9998321533203 8	0.09280016	1.576774e-06	89.38067	8.818624	   68.0530930    	164.4972076416016 7814.332699681489 -102.9946167919165 225.4396362304688 216.8504028320312
12.99998664855957 314.6663513183594 8	0.04763699	1.455393e-06	84.89028	14.4573	   71.1170502    	49.74413681030273 42824.28858686953 165.9637565320735 221.3471956253052 207.4803161621094
15.66665077209473 253.9997406005859 8	0.01846162	2.266691e-07	93.54424	6.043347	   90.0135803    	35.68774032592773 22488.58934671707 180 224.2125989128562 211.4960632324219
18.33331489562988 89.33323669433594 9	0.09588174	2.607157e-06	97.86464	20.90826	   68.0226669    	59.53080368041992 666347.9815442751 36.86989764584402 217.6399492025375 197.4409484863281
9.99998950958252 336.9996337890625 9	0.04312621	1.072879e-06	86.75895	10.52712	   69.7607040    	27.30192565917969 175865.5817039906 -153.434948822922 215.4294380774865 196.1023559570312
13.66665267944336 67.66659545898438 9	0.1087365	1.87462e-06	87.45528	16.12107	   83.6779938    	17.20896530151367 214816.2229767915 45 220.2675215442729 203.4645690917969
16.66664886474609 134.9998626708984 10	0.09926763	2.287761e-06	73.80539	12.16799	   78.0479279    	48.96893692016602 6584.930949721966 165.9637565320735 230.2362213134766 224.2126007080078
20.99997901916504 88.99990844726562 10	0.01826547	7.082334e-07	75.74898	13.40985	   80.6143723    	12.35500621795654 443168.8869601115 90 217.4693924567603 194.7637786865234
15.9999828338623 127.9998626708984 11	0.06759877	1.631962e-06	79.8148	10.4006	   71.1275482    	64.40776062011719 33022.52366495266 -158.1985905136482 216.5291357421875 195.4330749511719
0 66.66659545898438 11	0.1360808	-1.207742e-06	94.81401	10.23091	   87.3945694    	34.94392013549805 673941.6862544104 135 212.6097317946176 182.0472412109375
-6.666659832000732 91.33323669433594 12	0.2720702	-1.982048e-06	98.1874	8.553695	   78.3373947    	82.40807342529297 436503.3638485327 -26.56505117707799 221.2363451004028 196.1023559570312
5.999993801116943 85.66658020019531 1	0.05743702	1.912977e-06	81.0053	15.33015	   70.8253708    	27.4985523223877 249947.509185442 26.56505117707799 220.2773129822778 201.4566955566406
-5.999993801116943 85.33324432373047 1	0.4311158	-2.505448e-06	97.12193	10.25819	   87.0776062    	17.42740058898926 25962.24040321822 135 215.5822641473067 200.1181030273438
-7.333325862884521 75.333251953125 1	0.04765389	-2.360458e-06	48.39212	10.62691	   87.4549179    	24.48887825012207 50407.31708595064 180 216.8323059082031 202.1259918212891
-7.333325862884521 87.66657257080078 3	0.1326093	-1.745579e-06	95.68864	22.54489	   98.0432739    	34.81527328491211 156683.6513835149 45 220.9127019467561 198.1102294921875
19.33331298828125 267.3330688476562 6	0.01110113	3.492881e-07	88.19181	13.25138	   83.1386032    	23.31704711914062 57032.91480617148 180 217.656587080522 202.7952728271484
10.66665554046631 318.6663208007812 7	0.03676954	1.07688e-06	88.22872	12.57474	   69.1754990    	36.42429351806641 21594.86768120492 0 225.8021659851074 216.1810913085938
24.99997329711914 294.9996948242188 8	0.007356613	4.272319e-07	81.6879	16.90149	   77.9809723    	50.65902709960938 296247.4276222553 104.0362434679265 220.9505081817883 199.4488220214844
10.9999885559082 329.9996643066406 8	0.09395768	1.396759e-06	96.38434	13.47372	   78.0188522    	17.31708335876465 558234.3874831836 -45 218.3199260545813 198.7795257568359
12.66665363311768 249.6664123535156 8	0.08345862	1.503439e-06	86.22409	11.41263	   76.0035019    	49.74509048461914 6705.335087313102 165.9637565320735 224.2126007080078 207.4803161621094
11.99998760223389 253.3330688476562 8	0.08075304	1.291114e-06	87.62639	11.49403	   80.0231628    	38.28167724609375 26863.04281180088 161.565051177078 220.2637794494629 204.8031463623047
21.6666431427002 143.3331909179688 8	0.02085708	3.960949e-07	86.25269	6.943546	   79.7657547    	57.41043853759766 5101.044510511724 0 229.3996047973633 226.2204742431641
9.33332347869873 244.6664123535156 9	0.01977117	9.447899e-07	79.98211	11.75835	   64.6401520    	54.58155059814453 329281.789034466 153.434948822922 217.0982806044842 194.7637786865234
13.99998569488525 258.3330688476562 9	0.04804925	9.490099e-07	81.31961	9.819056	   80.1410217    	11.97164440155029 194464.3773666267 180 207.3748791838345 190.0787353515625
12.99998664855957 246.9997406005859 9	0.04459109	1.030144e-06	80.5053	11.27925	   79.4660263    	27.49352264404297 25439.09266005117 -116.565051177078 219.1400756835938 203.4645690917969
15.33331775665283 258.9997253417969 9	0.01400951	6.330067e-07	81.3699	23.57356	   92.4072571    	34.27523422241211 195895.173174861 135 223.6020978979162 198.7795257568359
-8.999990463256836 46.33328628540039 1	0.08296082	-1.111224e-06	93.69052	11.40604	   81.1808319    	192.7601165771484 145190.6850173295 -18.43494882292201 216.7753341532199 191.4173278808594
-13.33331966400146 90.99990844726562 4	0.05336337	-1.322392e-06	81.76091	10.92558	   72.5061722    	12.02222156524658 252540.1649943212 180 217.3284603704221 194.7637786865234
-6.666659832000732 156.3331756591797 4	0.03092219	-4.347235e-07	81.36407	6.58563	   90.7347412    	34.83898544311523 137757.3855452104 135 213.3448984882619 197.4409484863281
12.33332061767578 261.6663818359375 5	0.1309268	1.335923e-06	91.99591	12.43488	   90.5803909    	50.86478042602539 85884.08652240461 104.0362434679265 223.1772892475128 207.4803161621094
9.33332347869873 131.6665344238281 6	0.1121069	1.661251e-06	83.08982	11.1921	   82.2172089    	24.38239097595215 108407.3012256238 0 211.0693904876709 194.7637786865234
11.99998760223389 263.9997253417969 7	0.1402872	1.442948e-06	92.4748	12.44255	   88.7442322    	27.49988555908203 61777.26061355523 116.565051177078 216.2247533383577 198.7795257568359
12.33332061767578 258.9997253417969 7	0.02462783	6.642141e-07	77.98509	10.18985	   80.9344101    	70.91742706298828 32224.90661785544 -30.96375653207352 215.511812210083 197.4409484863281
14.99998474121094 242.6664123535156 7	0.0573311	7.532086e-07	94.65779	7.534958	   75.5417938    	26.89214324951172 233607.3919180891 -153.434948822922 213.5647831830111 198.1102294921875
4.99999475479126 147.3331756591797 8	0.002166756	-2.257189e-07	80.8568	16.98535	   72.2641525    	98.46387481689453 996978.7193677861 0 213.6278805830842 186.7322845458984
17.99998092651367 135.3331909179688 8	0.002486516	1.229842e-07	88.95368	8.634778	   72.7879333    	37.06489181518555 137279.9042776579 90 213.4975630987258 192.0866088867188
9.33332347869873 245.3330841064453 8	0.03383512	9.795494e-07	64.01376	8.063245	   83.8046188    	24.38339042663574 33893.80653143724 180 220.3842529296875 204.1338653564453
9.99998950958252 344.3329772949219 8	0.04054185	1.172241e-06	86.47719	12.87331	   70.4982834    	17.31708335876465 266312.9484154129 135 215.569567995023 194.094482421875
14.66665172576904 244.9997406005859 8	0.08345382	1.930588e-06	79.19009	14.0584	   78.9245834    	35.80178833007812 293510.9881898447 180 212.8831017955935 194.094482421875
14.66665172576904 142.6665191650391 9	0.1313366	1.600821e-06	76.6673	8.203384	   86.4668884    	37.89983749389648 274951.0981873042 18.43494882292201 222.8125849184783 204.8031463623047
15.66665077209473 155.3331756591797 9	0.108388	1.081111e-06	90.36956	8.518767	   84.6926880    	49.41989898681641 9265.812117174637 90 224.4038282121931 212.8346557617188
18.99998092651367 66.66659545898438 9	0.02910694	2.358812e-06	79.13356	13.76313	   49.8840828    	17.01147079467773 37674.21721055855 -135 211.911485869309 190.0787353515625
23.66664123535156 312.9996643066406 9	0.0004599274	1.61218e-07	54.44823	14.40902	   70.8447266    	25.76034355163574 137122.8907481948 153.434948822922 221.5231538825079 203.4645690917969
9.99998950958252 233.6664276123047 10	0.01703983	7.293237e-07	74.34215	13.16626	   78.5413742    	82.57687377929688 144722.3614956426 116.565051177078 223.8810825526157 207.4803161621094
15.66665077209473 257.9997253417969 10	0.04921584	1.190189e-06	68.62823	10.87067	   88.4741821    	26.79087448120117 60805.3677172491 153.434948822922 215.3081147567086 195.4330749511719
15.66665077209473 258.9997253417969 10	0.01409526	2.660895e-07	82.59756	7.410441	   90.8136597    	43.35956573486328 33048.33319783703 146.3099324740202 219.6078735351562 199.4488220214844
11.66665458679199 258.9997253417969 11	0.03128859	6.92517e-07	93.28148	14.35809	   81.3357773    	43.94744873046875 6728.735470654412 -146.3099324740202 221.4015777587891 211.4960632324219
7.333325862884521 150.66650390625 11	0.08990334	1.728814e-06	88.45256	14.45869	   77.3922653    	0 1141241.078342855 0 213.1501237964858 186.06298828125
-9.666656494140625 55.99994277954102 12	0.09776776	-3.084838e-06	85.15434	16.99326	   66.0917358    	24.35928726196289 628263.0682006746 0 211.1657452090033 184.0551147460938
-13.33331966400146 135.6665191650391 2	0.2810472	-3.797079e-06	89.9698	21.66903	   89.1790237    	49.41989898681641 49433.76092883558 -90 215.6384339203706 190.7480316162109
-8.999990463256836 91.99990081787109 2	0.3503741	-2.848582e-06	99.0714	14.81988	   85.5426102    	27.54854202270508 713449.4008871259 -116.565051177078 214.6376619520296 187.4015808105469
-8.666657447814941 163.6664886474609 5	0.08495677	-8.943609e-07	89.03011	8.171265	   86.0526276    	54.78630447387695 8148.651594624685 153.434948822922 220.0853017171224 205.4724426269531
7.333325862884521 147.9998474121094 5	0.3082718	1.447878e-06	95.49284	6.671386	   91.4864883    	34.78960418701172 66746.25878514034 45 218.4484987842793 202.1259918212891
14.99998474121094 69.99992370605469 5	0.1280569	1.657318e-06	85.2298	13.89212	   90.8680344    	12.35494232177734 144504.2544157044 -90 214.3267371501398 193.4252014160156
9.99998950958252 236.6664123535156 7	0.04435969	1.18659e-06	88.5396	12.17973	   69.0897903    	12.16755390167236 58167.6292396324 180 209.2235873909884 191.4173278808594
21.33331108093262 159.3331604003906 7	0.04854987	-6.514418e-07	87.38135	9.192651	   88.4159927    	34.5250244140625 70362.17138997617 180 215.9498940207741 200.1181030273438
12.33332061767578 239.3330841064453 7	0.03368298	9.573146e-07	80.47607	10.81427	   74.0033875    	12.07011795043945 67103.47983923847 180 213.4370086669922 192.0866088867188
17.66664886474609 135.6665191650391 8	0.04865515	1.049386e-06	95.31776	18.0778	   82.3591003    	11.77208042144775 154472.183963566 180 210.5828782421047 192.0866088867188
10.9999885559082 309.3330078125 8	0.05588242	8.847215e-07	89.15414	8.055488	   74.8205948    	27.52591705322266 14826.34502997069 -63.43494882292201 219.8317843350497 206.8110198974609
21.99997711181641 164.6664886474609 9	0.0001379177	-1.356695e-08	89.87637	5.885084	   74.3671341    	16.85747909545898 87882.53234096702 -135 219.2559630905373 197.4409484863281
11.99998760223389 319.3330078125 9	0.06887874	1.35617e-06	93.5913	10.24411	   66.6146469    	0 153107.010501803 0 213.6213572987339 198.1102294921875
12.33332061767578 256.6664123535156 9	0.07266703	9.347656e-07	91.97235	8.455996	   78.1502228    	17.26622009277344 16099.88811484618 45 218.6351737976074 205.4724426269531
14.33331871032715 250.9997406005859 10	0.1356734	1.981055e-06	87.46194	13.19933	   80.9622421    	27.44053268432617 93143.11102966683 116.565051177078 223.8301470075335 200.7873992919922
4.666661739349365 93.66657257080078 11	0.04120607	1.147469e-06	96.86143	18.92028	   74.7886047    	193.0873718261719 1294920.440071563 116.565051177078 220.351466601408 193.4252014160156
6.666659832000732 124.999870300293 11	0.2752982	3.147838e-06	99.33632	18.78849	   82.6737213    	24.7099494934082 382925.6471684909 90 214.8306107164702 181.3779602050781
-11.66665458679199 77.99991607666016 12	0.1980304	-2.801431e-06	90.08965	13.48061	   75.5822754    	49.9223747253418 9419.455612911217 -165.9637565320735 221.057366507394 210.8267669677734
-13.99998569488525 127.9998626708984 2	0.0969496	-2.297294e-06	85.0528	14.73629	   72.1400070    	11.97017288208008 221155.3549866528 0 219.2332327049899 193.4252014160156
-10.33332252502441 102.9998931884766 3	0.1489436	-2.257262e-06	88.38406	14.36403	   79.9975204    	61.46006393432617 263327.7515090831 53.13010235415598 216.4247944367238 198.1102294921875
-0.3333329856395721 69.33325958251953 4	0.04210031	-7.906495e-07	82.87669	12.56186	   89.8784027    	66.53340148925781 6868.982627168602 21.80140948635181 223.6771667480469 209.4881896972656
7.333325862884521 274.3330383300781 5	0.128389	1.982032e-06	91.05205	14.10558	   78.3088303    	38.79504776000977 1372689.049008809 -18.43494882292201 217.9592409133911 190.7480316162109
13.33331966400146 256.6664123535156 6	0.03489514	6.249748e-07	90.00015	8.953214	   77.8521194    	38.97342300415039 10690.45701998147 -108.434948822922 217.68701171875 208.1496124267578
28.99996948242188 273.6663818359375 8	0.02147837	-6.30554e-07	92.14493	14.76253	   76.9601517    	24.92458534240723 43200.67431357094 -153.434948822922 218.5979885525174 208.1496124267578
24.33330726623535 147.6665191650391 8	0.0310368	6.667694e-07	92.57065	8.383498	   69.0533371    	36.08493041992188 162551.5026012727 18.43494882292201 219.9548764742338 196.7716522216797
22.6666431427002 135.6665191650391 8	0.0238714	5.036104e-07	84.43239	6.104141	   73.0739594    	11.3726110458374 22824.95237095316 180 222.0931786431207 206.1417388916016
14.99998474121094 258.9997253417969 8	0.04917027	9.442745e-07	83.57409	11.41938	   82.9633179    	54.89729690551758 197594.2622065958 -116.565051177078 212.3315555649316 192.7559051513672
18.33331489562988 299.9996948242188 8	0.03305164	1.205858e-06	86.82671	12.99853	   64.9079208    	42.93746185302734 135523.5064381133 146.3099324740202 213.1371154785156 195.4330749511719
13.33331966400146 143.6665191650391 8	0.04675157	9.426183e-07	77.98622	10.07621	   83.8047791    	38.09946441650391 133572.3604657887 161.565051177078 219.059056854248 194.094482421875
18.33331489562988 328.6663208007812 8	0.02739704	2.019011e-06	88.78078	18.04196	   52.5960655    	35.18341827392578 18259.25146080703 180 222.0613065447126 211.4960632324219
13.66665267944336 133.3331909179688 9	0.08288513	1.046035e-06	85.71543	6.813513	   77.8335953    	17.22087860107422 791254.7417549033 -135 216.8312400535301 192.0866088867188
18.33331489562988 87.99990844726562 9	0.09417723	2.136076e-06	82.25104	16.57589	   80.3696594    	104.1912384033203 941780.5932401676 125.5376777919744 215.9647853703789 185.3937072753906
14.33331871032715 244.9997406005859 9	0.2037705	2.669758e-06	99.63927	15.47395	   74.6184464    	34.38010787963867 268749.9663495339 135 215.9259771214853 192.0866088867188
10.9999885559082 255.3330688476562 10	0.04423798	9.458611e-07	94.19169	13.06391	   74.5925598    	12.11433696746826 59301.45153747544 180 218.9799575805664 202.1259918212891
