1.166665458679199041e+01 1.489998474121094034e+02 9.000000000000000000e+00 9.971462000000000381e-03 3.053530999999999869e-07 7.700901000000000352e+01 7.434300000000000352e+00 8.109261320000000239e+01 4.394704055786132812e+01 7.529041301020653918e+04 -1.463099324740202007e+02 2.166711205073764859e+02 1.974409484863280966e+02 
4.333328723907470703e+00 1.636664886474609091e+02 8.000000000000000000e+00 3.686936999999999832e-04 -4.883762000000000159e-08 5.308111000000000246e+01 4.810965999999999632e+00 8.790798949999999934e+01 1.163941040039061932e+02 6.849369750925848166e+03 5.799461679191649921e+01 2.211338562011719091e+02 2.121653442382811932e+02 
1.433331871032715021e+01 1.533331756591796875e+02 9.000000000000000000e+00 4.748812000000000172e-02 9.193584999999999536e-07 8.154883999999999844e+01 9.055566000000000670e+00 7.878630069999999819e+01 2.744875717163085938e+01 4.792910734049532039e+04 6.343494882292200998e+01 2.088746723598904111e+02 1.887401580810546875e+02 
1.733331489562987926e+01 1.479998474121094034e+02 8.000000000000000000e+00 9.624544000000000502e-03 6.112400000000000126e-07 6.592337999999999454e+01 1.311993000000000009e+01 7.986817170000000488e+01 7.177006530761718750e+01 1.061683379118388984e+05 1.705376777919744029e+02 2.246174800543136882e+02 2.108267669677734091e+02 
2.433330726623535156e+01 1.553331756591796875e+02 7.000000000000000000e+00 3.333185000000000314e-02 9.076027999999999934e-07 8.027763000000000204e+01 1.132499999999999929e+01 7.716223139999999603e+01 6.720652008056640625e+01 7.013418780214578146e+04 3.096375653207352130e+01 2.233042755126953125e+02 1.987795257568359091e+02 
6.333326816558837891e+00 1.693331604003905966e+02 8.000000000000000000e+00 8.537532999999999928e-03 6.568001999999999894e-07 8.424342000000000041e+01 2.335826000000000136e+01 7.397105410000000347e+01 2.758918952941894887e+01 2.048197178481414085e+04 6.343494882292200998e+01 2.255511820475261118e+02 2.195275573730469034e+02 
1.699998283386230113e+01 1.296665344238280966e+02 8.000000000000000000e+00 3.217211999999999850e-02 8.679086999999999901e-07 6.713918999999999926e+01 1.080292000000000030e+01 9.171302799999999422e+01 3.756630325317382812e+01 1.182095451612733013e+05 -1.843494882292200998e+01 2.115258095635307996e+02 1.961023559570311932e+02 
8.999990463256835938e+00 1.219998703002929972e+02 7.000000000000000000e+00 1.966969999999999830e-02 4.727726000000000257e-07 9.487600000000000477e+01 1.531133999999999951e+01 8.506056979999999612e+01 1.541724243164061932e+02 5.425039834770286689e+03 1.186104596659651946e+02 2.312401618957520100e+02 2.282283477783203125e+02 
1.766664886474609020e+01 1.573331756591796875e+02 9.000000000000000000e+00 3.049319999999999895e-03 -1.135309999999999993e-07 9.809391999999999712e+01 9.856156000000000361e+00 7.671257780000000537e+01 0.000000000000000000e+00 7.978530587342352374e+04 0.000000000000000000e+00 2.240589922295241934e+02 2.101574859619140909e+02 
1.466665172576903942e+01 1.703331604003905966e+02 9.000000000000000000e+00 5.447972999999999705e-02 9.136517999999999969e-07 9.788799000000000206e+01 1.322874999999999979e+01 7.865212250000000438e+01 5.166265106201171875e+01 1.289346532655732008e+05 -1.350000000000000000e+02 2.233087117303277864e+02 2.068110198974609091e+02 
1.399998569488525035e+01 1.676664886474609091e+02 9.000000000000000000e+00 4.124685000000000157e-02 9.588328999999999487e-07 7.302177000000000362e+01 7.852983000000000047e+00 7.870729830000000504e+01 3.809946441650391336e+01 1.838235496897404082e+05 -1.615650511770780042e+02 2.195712094514265971e+02 1.981102294921875000e+02 
1.866664695739746094e+01 1.439998474121094034e+02 8.000000000000000000e+00 2.063585999999999893e-02 3.754504000000000120e-07 8.333759000000000583e+01 6.998560999999999588e+00 8.467717740000000504e+01 1.701147079467773082e+01 2.472258069435959987e+04 1.350000000000000000e+02 2.179776217811985930e+02 1.967716522216796875e+02 
9.999989509582519531e+00 1.419998474121094034e+02 9.000000000000000000e+00 1.808366999999999891e-01 1.759857999999999982e-06 8.862622000000000355e+01 1.100765999999999956e+01 8.732012939999999901e+01 2.753762245178223012e+01 2.029485765415185961e+04 6.343494882292200998e+01 2.251049875895182026e+02 2.088188934326171875e+02 
1.499998474121093928e+01 1.389998474121094034e+02 1.000000000000000000e+01 4.827373000000000081e-02 6.873647999999999770e-07 8.275355999999999312e+01 8.408231000000000677e+00 8.822657010000000355e+01 1.193377304077148082e+01 7.692991147013628506e+04 0.000000000000000000e+00 2.208199854883654041e+02 2.054724426269530966e+02 
5.333327770233154297e+00 1.549998321533203125e+02 8.000000000000000000e+00 6.644498999999999544e-02 1.374920999999999901e-06 8.266907999999999390e+01 1.230504999999999960e+01 7.894820400000000404e+01 6.150731658935546875e+01 3.350245127232737141e+05 1.800000000000000000e+02 2.133482250602878025e+02 1.920866088867188068e+02 
1.699998283386230113e+01 1.426665191650390909e+02 9.000000000000000000e+00 1.639057999999999835e-02 4.273177000000000122e-07 6.981428999999999974e+01 6.536885999999999974e+00 8.614872739999999851e+01 1.711640548706055043e+01 2.062557434397058096e+05 -4.500000000000000000e+01 2.229123837416339029e+02 2.061417388916015909e+02 
1.699998283386230113e+01 1.369998626708984091e+02 8.000000000000000000e+00 9.347595000000000209e-02 1.338310000000000024e-06 8.689448000000000150e+01 1.257046000000000063e+01 8.597874450000000479e+01 2.358786201477051137e+01 2.165526774757932872e+05 1.800000000000000000e+02 2.170937735817649070e+02 1.967716522216796875e+02 
